query time:0.0050032793
index creation time:0.0014997335
10282,10873,2
9214,18360,2
2035,12202,2
10586,15794,2
4607,11464,4
14202,15597,3
12796,20120,3
18807,2850,3
20939,9002,2
20939,20148,3
12389,4084,3
17673,6742,3
21142,21232,4
9348,3503,2
9169,19432,4
8357,601,2
9169,16279,2
3809,16147,2
7740,20143,2
550,18844,3
460,18650,5
12541,1074,2
3213,12144,2
16863,3432,2
5515,14375,2
15318,19534,2
9834,15414,3
9251,13520,2
21232,14104,3
1079,16129,3
16574,18563,2
5260,18156,2
1377,10322,2
12473,15995,4
901,6197,2
14977,15323,2
10560,14888,2
6586,20099,3
21271,14686,2
14530,15235,4
18650,7903,5
550,635,3
4687,9169,2
10680,11115,2
20509,13055,5
14624,6551,3
9120,8143,2
21142,9010,3
5285,14079,2
12583,16254,2
4939,1996,2
16764,15056,4
14520,20257,2
21325,6400,2
21233,15243,2
10385,10609,2
17457,18189,2
5447,18318,4
17021,4767,2
4499,7355,3
9306,1971,2
6028,12202,2
4396,4530,2
18345,2512,3
6512,19035,3
21271,19447,5
8439,3446,2
1548,7574,2
15289,7205,2
16817,16900,3
4419,20293,3
4739,2512,2
20939,3682,3
11640,7898,2
4607,14530,2
1878,2449,2
13055,13199,3
2636,19643,4
8219,19836,2
8219,4607,2
17905,11518,3
17047,15323,2
16615,18417,2
16764,1802,2
9847,16310,3
1320,18156,2
6522,7740,3
17023,10353,2
19447,11862,3
16764,10270,2
4622,16310,3
5843,14104,2
15597,3708,2
18516,15173,2
4521,2208,3
14624,19162,3
18003,15597,3
6232,10703,2
20485,4288,2
12541,17523,2
9852,12071,2
18807,3761,4
4607,6209,4
12999,20031,2
5302,1530,2
8768,13292,4
9934,6879,3
12345,7623,2
4574,15991,2
13634,14603,2
12568,18844,3
12526,3761,4
12499,11472,2
13083,6405,2
13626,5592,3
12644,18675,2
4152,9628,3
13462,2636,4
20535,14234,2
4503,10831,2
2512,12125,3
19162,19803,3
17531,3652,2
12799,19432,3
12784,20257,2
12573,14624,3
13429,15235,4
14294,3339,2
9902,5863,2
13055,19447,5
16912,710,3
12397,15864,3
20559,3639,3
18003,15414,3
21143,18003,3
20509,9722,6
13055,5605,2
17831,10591,2
9549,9903,2
15406,3915,2
8609,9414,3
5574,5592,3
4823,6232,2
780,15597,2
14459,19635,2
13055,9722,5
15222,7237,2
4357,15594,2
20752,1266,2
19432,7903,4
9676,19643,2
15280,4056,2
20675,2403,2
4537,4607,2
10472,2391,2
17554,19621,2
5397,3854,2
4288,2850,3
14518,14674,3
8439,18036,2
8609,19461,4
8300,18760,2
8219,7512,2
5182,14603,2
8709,10449,2
13668,5592,3
2636,15954,4
19772,11636,4
20925,2636,4
5433,1794,2
12748,1987,3
12347,3442,2
10030,14734,2
12294,6307,3
8830,2063,2
18724,11636,3
21142,14104,3
17523,7782,2
1950,3336,2
18031,15938,2
19447,15597,4
1210,5380,3
17633,14118,2
4607,18516,2
20931,13621,2
4607,767,2
550,13584,3
21219,6520,2
9002,1890,2
564,9628,3
14624,19493,3
411,19214,2
14530,3990,2
17768,10472,2
18703,11354,3
19447,7797,3
20884,11812,2
5102,11636,3
7798,7903,3
19432,19450,4
18155,6189,2
12414,12748,3
16817,13498,3
20888,20893,2
5637,6512,3
799,6208,3
17885,14236,2
17277,3336,2
5038,20254,2
9126,19447,4
710,6197,3
12397,10997,3
4739,12053,3
12602,12633,2
17836,20069,2
4288,18807,3
20569,17750,2
5182,19621,2
20148,20293,2
14624,8005,2
14624,19635,2
5592,19461,4
16748,12857,2
9497,19018,2
4388,15793,2
10785,20293,3
13857,14104,2
20925,5574,2
10680,10848,3
14624,2824,3
13075,11781,2
12473,9169,4
5380,10475,3
7096,19900,2
10934,19447,4
3284,7595,2
4877,1321,2
20067,3731,2
8219,18185,3
9251,18961,2
20701,18703,3
19432,7480,3
11325,15676,2
4731,9251,2
7355,3761,4
18629,19432,2
20599,18295,2
8932,2966,2
15416,3610,2
16912,18950,2
17023,13150,3
21219,9251,2
21143,14202,3
1904,19158,2
4527,12799,3
4607,17220,2
13578,5810,3
12888,4027,2
6520,11121,2
14536,10997,2
5515,11181,3
8529,6721,2
21037,2305,2
4153,5515,3
4607,18500,2
9169,18606,2
21232,1743,4
4624,15656,2
4138,6024,2
20563,2326,3
17205,15243,2
13071,9075,2
4128,4172,3
8770,13222,3
1419,10997,2
17531,3331,2
2208,15938,3
12294,14017,3
19432,7798,3
17593,6879,3
14236,19447,3
17023,19966,2
4607,799,2
2286,10848,2
9852,5940,3
17088,18318,4
14047,6520,2
16863,6197,2
12345,7594,2
13308,5515,2
12334,14294,2
5637,3442,3
17045,9180,2
10030,12149,3
6512,15597,3
226,7814,2
6586,10926,3
5417,2810,2
14983,12124,2
4288,7073,2
13979,19951,2
20596,13578,3
10030,6476,2
5592,10132,3
12920,1683,2
17363,19346,2
4310,3601,2
8922,8083,2
19202,11679,2
7865,11969,2
34,1971,3
4607,19268,2
18920,15656,2
4288,10055,2
13317,18294,2
1971,19432,3
16615,15597,2
16543,13150,3
17750,10986,2
19449,8143,3
9169,15995,4
5497,2990,2
17996,15414,2
18862,11332,2
7484,11810,2
4607,18495,2
18862,12065,2
19432,7658,3
10823,11352,2
12311,14530,2
10997,15864,3
20599,10929,2
8415,14603,2
4837,15583,2
394,10934,2
12914,9676,2
17131,8079,2
4428,11114,2
63,20979,3
2824,19803,3
17378,7205,3
10381,11038,2
94,6307,3
4499,18807,3
460,19432,4
20701,11354,3
21093,12202,2
4506,7416,3
5447,10680,2
8725,710,2
14859,7399,2
14017,6307,3
15973,8054,2
17225,5863,2
16384,3147,2
1743,2620,3
1258,10644,2
5415,15829,2
20979,10774,2
10680,10785,3
12309,8873,2
9002,12078,2
15405,15414,2
11682,3708,2
18185,3125,3
10138,3945,2
18185,6522,3
4850,14780,3
10680,20293,3
13222,5940,3
5637,10438,2
1863,14964,2
21110,13429,4
7096,11537,2
20297,8019,2
14566,7416,3
10785,11918,2
12421,19447,2
4310,11525,2
6319,14526,2
13438,11781,2
18778,18845,2
16764,18844,4
12748,15597,3
4185,20148,3
1743,14104,3
20931,8906,2
4185,13462,4
4764,3521,2
16900,13498,3
5328,14603,2
4169,20983,3
3251,8109,2
17133,17220,2
17650,5998,2
4152,564,3
3336,20468,2
8357,8795,2
4457,3741,3
9902,7740,2
14170,18346,2
1544,16375,2
1520,15812,2
9169,7903,5
13578,6314,2
9962,19578,2
550,9169,3
5,2189,2
4508,14624,3
12583,1615,2
4177,8654,2
17716,6209,4
16543,16892,2
4185,887,3
1987,15597,3
16666,10981,2
12491,15056,4
645,11182,2
17450,18271,3
11636,3741,3
8247,14595,2
5447,5455,4
2762,2823,2
20849,20939,2
4945,3923,2
9306,20427,3
20515,8300,2
1075,2168,2
4153,2480,3
18964,6994,2
9834,20321,2
1321,10274,3
4485,10960,2
20509,21271,6
14291,11343,2
18156,3175,2
6535,10926,2
4391,7814,3
8247,20257,2
20701,19447,2
4655,14530,2
12644,4721,2
20931,6307,3
6512,3442,3
16543,17023,3
4474,9214,2
16574,12748,3
955,5354,2
9676,1863,2
17277,20297,2
6927,2998,2
13626,13668,3
20509,19447,5
1078,14566,3
8464,17593,2
4506,4842,3
4357,894,2
18812,16097,2
13055,11261,2
5693,19302,2
12310,17716,2
20939,4789,2
13292,7711,4
19202,7341,2
18403,14906,2
1366,19621,2
4842,14603,2
17023,16267,2
13634,5898,2
12491,16764,4
9214,15637,2
17450,7748,3
13292,7341,4
5525,3066,2
10934,19461,4
19991,16176,2
6551,19493,3
20688,14013,2
13462,1842,4
6535,3652,2
21093,6923,2
1683,10353,2
4887,1924,2
21198,18417,2
6640,7574,3
16474,18262,3
5574,9722,5
4721,13056,3
5038,19432,3
8609,7797,3
11456,8143,3
460,5038,3
14013,14530,2
14786,19148,2
4607,17697,2
11682,3741,2
17378,8143,3
12573,4508,3
17224,1266,2
4607,15793,2
16574,18964,2
7096,12196,2
8545,20983,3
21219,19432,2
8545,15358,3
10834,7740,2
4169,8545,3
20148,20243,2
19447,11518,3
8770,20397,2
18530,20413,2
13626,13847,3
18844,2636,4
14104,2817,2
14686,7348,2
8609,19447,4
13429,14530,4
10274,11515,3
12526,18807,4
16474,12555,2
4588,21000,2
1636,15585,2
4172,5455,3
187,8731,2
6209,11464,4
17426,2998,2
13304,10831,2
11863,11970,2
21143,15597,3
16765,7814,3
5574,19447,5
10440,7849,2
19447,4017,3
6211,7776,3
799,17401,2
16474,20979,3
1842,15954,4
12414,16574,3
19172,11456,3
6971,7205,3
17088,5455,4
13462,18844,4
20596,5810,3
12568,550,3
14739,12038,2
4533,7974,2
21323,6742,3
1164,9584,2
17457,19432,2
21271,13199,3
12491,18844,4
9251,1091,2
117,10197,2
550,11250,3
6208,7640,3
8768,7711,4
8609,15597,4
9852,11115,2
18364,20293,3
904,13979,2
5238,2326,3
9300,3652,2
14234,2743,2
5254,15445,2
5476,5825,2
19772,3741,3
12514,3761,4
18185,7740,3
21112,15358,3
5984,6018,2
21110,14530,4
4771,6319,2
2549,15738,2
10136,19432,2
4927,10560,2
824,15243,2
20042,20113,2
4396,19148,2
16968,5525,2
5787,18844,4
9414,6971,2
21093,3811,2
5468,15530,2
18693,18695,2
13520,19643,2
9333,3615,2
5953,20337,2
14530,2966,2
4173,1683,2
13361,1111,2
17783,19268,2
16860,19461,2
1589,18156,2
14526,10886,2
14786,16244,2
21261,19447,4
20675,9907,2
17836,6980,2
17268,18636,2
12633,4457,3
1216,1940,2
460,9169,5
4842,7416,3
16471,4837,2
4622,3442,2
11429,4094,2
9214,17523,2
19035,15597,3
18887,15808,2
13055,5574,5
21271,5574,5
20563,5238,3
8770,9852,3
11636,12202,2
20675,18364,2
20591,18364,2
12514,12526,4
9414,19447,3
4419,18364,3
10472,6817,3
10003,7380,2
13107,19105,2
9515,14531,2
4153,19995,2
5574,20051,2
4537,8731,2
12799,1971,3
18345,12125,3
8768,7341,4
3046,3639,3
14669,15597,3
13107,6844,2
6400,6534,2
10934,15597,4
13055,21271,5
20957,20051,2
14234,10664,2
2523,6923,2
14994,19235,2
1842,2636,4
15318,19836,2
1615,7356,3
5063,9333,2
10986,7988,2
6957,7043,2
12633,11636,4
4607,9549,2
4565,12970,2
20090,15995,4
20599,15243,2
13107,19643,2
2770,4019,2
14534,6535,2
13471,14104,3
14195,14913,2
8725,799,2
5863,20143,2
16764,5787,4
17457,6520,3
9306,14521,3
635,13584,3
6980,20257,2
3729,11948,2
20894,13429,2
12937,3442,2
1321,11515,3
20675,4764,2
7341,7711,4
21169,20090,2
12999,19450,4
2892,7714,2
12473,20090,4
10695,20444,2
7480,7658,3
17378,19449,3
9169,20090,4
5190,12202,2
12491,5787,4
8609,21261,4
19450,15597,4
6232,14625,2
4889,10834,2
10680,10750,2
6879,3339,3
10494,20120,3
8579,3066,2
14674,7574,3
21000,6574,2
18862,10769,2
5182,2697,2
10138,14603,2
12389,5324,3
9722,19447,5
13997,15289,2
13053,7409,2
4521,15938,3
21142,1743,4
460,19335,2
7154,11909,2
2480,11181,3
13346,5591,2
9815,3434,2
9126,19461,4
4789,3187,2
4625,9900,3
18650,19432,4
21112,6490,2
14780,16359,3
5102,18724,3
18629,19447,2
14518,6640,3
5678,12149,3
21110,15235,4
13056,3147,3
20489,18918,2
8219,3125,3
20541,4190,2
19447,19461,4
12633,19772,4
12633,3741,3
8545,19319,2
18036,1887,2
21261,6512,3
17970,18807,3
20808,7953,2
5951,15323,2
9931,15065,2
1281,14983,2
12962,14291,2
18686,15299,2
8770,5940,3
13584,10071,2
4622,9847,3
5236,3708,2
18965,7052,2
10847,12034,2
10848,20293,3
10923,3700,2
4128,5455,3
63,16474,3
13107,17653,2
1497,2543,2
4721,3147,3
17042,7740,2
16912,6197,3
9276,12196,2
6449,19836,2
10687,19027,2
18262,3601,3
20752,16132,2
18003,14669,3
4185,19432,3
17040,18231,2
5324,4084,3
512,1683,2
1904,15635,2
19643,15954,4
1683,20313,2
21123,9902,2
9169,7399,2
1218,10861,2
3287,15973,2
4185,18844,4
9934,19137,3
4704,13979,2
21198,7620,3
18681,8085,2
4739,15597,3
1996,19167,2
11590,7776,3
7317,15597,3
894,2454,2
20878,13584,2
6420,7794,2
18807,7355,3
1760,10440,2
4789,9046,2
14169,6259,2
1210,10475,3
5592,15597,4
10943,15738,2
4096,14052,2
4391,8742,2
4391,6710,2
14052,15290,2
1615,6211,3
1711,20094,2
5592,10934,4
8947,13123,2
10472,4027,3
421,3769,2
5038,7824,2
21055,2824,2
18346,11515,2
20509,5574,5
16615,18181,2
635,9169,3
17104,17783,2
521,9676,2
16764,11948,2
12999,15597,4
8545,21112,3
9981,14730,2
17970,7355,3
16469,15584,2
9125,20270,2
14530,15509,2
6534,6980,2
1078,2620,3
8470,10433,2
4837,6520,2
13978,11636,2
4668,10129,2
11181,15710,2
17606,18965,2
15973,8060,2
4451,4527,3
460,7903,5
20660,16574,2
8793,19688,2
9497,5702,2
18844,11250,3
12999,19432,4
5678,10030,3
12796,10494,3
13292,3279,2
3339,3446,2
21261,3741,2
12514,18807,4
8247,14192,2
1091,18588,2
16836,9584,2
5803,6028,2
10438,15829,2
3682,20148,3
17523,18629,2
17135,6622,2
4924,3999,2
248,16129,3
11862,4017,3
16716,645,2
4850,16359,3
1258,7334,2
20925,15954,4
16450,11682,2
12892,6334,2
799,7640,3
16615,1950,2
12732,17133,2
14530,14588,2
19461,3741,2
9900,14603,3
16446,2823,2
17457,4093,2
887,19432,3
18271,7748,3
18003,9834,3
17905,14236,3
17457,6107,3
5843,15597,2
17716,11464,4
16474,3601,3
8609,9126,4
4153,11179,2
17593,3339,3
5525,6427,2
4153,11181,3
20599,17401,2
13765,2044,2
8470,18207,2
20559,3046,3
8578,13427,2
13053,18583,2
5182,18185,2
6211,7356,3
18358,6742,2
20989,1950,2
4185,2636,4
5260,18417,2
9941,1760,2
13462,15954,4
21346,9233,2
9010,14104,3
12514,7355,4
19461,15597,4
9251,15065,2
12864,17706,2
14521,20427,3
13644,11781,2
8238,15938,2
9504,19483,2
12496,6980,2
20931,17770,2
15597,12053,3
19432,15597,4
10997,16013,2
94,20931,3
4607,2139,2
8761,1904,2
21198,17523,3
6211,11590,3
13634,18417,2
10703,10847,2
5574,10132,3
5167,18373,2
19483,3741,2
20599,9902,2
21323,17673,3
3046,15406,2
14678,10644,2
19483,4027,2
18003,3175,2
13668,13847,3
421,7740,2
4607,17716,4
8439,1125,2
14518,7574,3
3040,7317,2
17088,5447,4
6923,3521,2
10030,14603,2
46,4789,2
18629,6971,2
5455,18318,4
17708,9717,2
12334,19268,2
6565,10703,2
4474,9497,2
19760,15973,2
11181,16344,2
4916,7711,2
18151,19432,2
9169,18650,5
6107,6520,3
4391,16765,3
1078,7416,3
21261,15597,4
6211,19688,3
6400,7889,2
17660,15129,2
20925,19643,4
6817,4027,3
5787,15056,4
13632,19991,2
21271,9722,6
17220,17650,2
4379,1216,2
20884,5605,2
17523,7620,3
248,1079,3
19172,8143,3
4625,14603,3
17277,13449,2
1078,1743,3
14624,19803,3
18003,15457,2
17905,19447,3
34,12799,3
18606,20297,2
19090,19963,2
1910,11576,2
17378,6971,3
336,20056,2
21142,13471,3
13227,14240,2
20931,14017,3
21112,3458,2
12645,13584,2
557,13271,2
13835,19432,2
19137,6879,3
10926,20099,3
4361,20393,2
4570,16961,2
4451,12799,3
17523,3175,2
21340,6547,2
5328,18150,2
11646,20173,2
18454,6420,2
8238,17104,2
1615,19688,3
2636,20148,3
14669,7317,3
