21201,21215,1
20875,21183,4
20141,21190,1
20135,20948,1
20135,21201,1
20098,21086,2
19591,21183,1
19461,20612,1
19263,20144,1
18938,20545,2
18884,20953,1
18727,20141,1
18719,21333,1
18566,20709,3
18548,18980,2
18526,19655,1
18395,20176,1
18368,20298,2
18265,19364,2
18242,20476,1
18086,20266,1
18081,21160,1
18021,21310,1
17979,18705,2
17876,18434,1
17772,19342,1
17662,20395,1
17657,20106,1
17629,20709,3
17629,18566,3
17493,18980,2
17493,18548,2
17491,18378,2
17405,20709,3
17405,21183,4
17405,20875,4
17397,17404,1
17396,18439,1
17394,18566,2
17367,18355,2
17176,19760,1
17112,19257,1
17037,21160,1
17023,17961,1
16973,20144,2
16973,18566,2
16948,20141,1
16880,19473,1
16880,21163,2
16844,21163,2
16813,17662,3
16761,21267,2
16758,20064,1
16684,17412,1
16669,18964,1
16625,19906,1
16414,18815,1
16414,20476,1
16360,19381,2
16272,18566,2
16210,16272,2
16103,18819,2
16091,16816,1
16048,17681,2
16044,20135,1
15961,16584,1
15937,18189,2
15882,19113,1
15866,19568,2
15846,18095,1
15821,16663,1
15802,16621,1
15802,17876,2
15728,17096,1
15728,16103,1
15512,17159,1
15506,15910,1
15410,17459,1
15410,17112,1
15397,16260,3
15397,19381,2
15210,15441,2
15173,20853,1
14938,15716,2
14905,16375,2
14891,20437,2
14865,19568,2
14865,15866,2
14806,15413,1
14749,20141,1
14742,18081,1
14721,17548,1
14654,17577,1
14640,19381,2
14640,16360,2
14612,18244,1
14612,19757,2
14603,17338,3
14544,18919,1
14534,16844,3
14506,20445,1
14475,20437,2
14475,14891,2
14431,16703,2
14345,21333,1
14336,21086,2
14310,15008,1
14310,19956,1
14276,18819,2
14276,16103,2
14214,16852,1
14204,17972,2
14179,18566,2
14179,16973,2
14046,19902,1
14009,15285,1
14009,15753,1
13966,21106,1
13841,19655,1
13840,19523,2
13790,19037,2
13767,16555,1
13767,19381,2
13738,16770,2
13639,19067,1
13628,17382,1
13628,20584,1
13628,20716,1
13598,13954,1
13554,18439,2
13460,15534,1
13441,15441,1
13413,19972,2
13411,16414,1
13389,17387,1
13322,21140,2
13244,14731,1
13223,16520,1
13194,16880,1
13186,17769,1
13181,13214,1
13126,14521,1
13125,13845,1
12987,18625,1
12948,14241,2
12948,19106,1
12913,19668,1
12869,19037,2
12869,13790,2
12799,16813,3
12799,17662,3
12789,14781,1
12753,17405,1
12746,19174,1
12731,13501,2
12731,14336,2
12731,16068,3
12731,20875,4
12731,17405,4
12665,17405,3
12660,13772,2
12644,20144,2
12644,18566,2
12612,16770,2
12612,13738,2
12609,19757,2
12609,14612,2
12545,18887,2
12502,16869,1
12475,14603,2
12442,19067,2
12427,18439,2
12427,13554,2
12401,14905,2
12401,15205,2
12401,17335,1
12401,12665,2
12400,13540,1
12351,15738,1
12296,12401,1
12249,16452,1
12177,13441,1
12112,15821,1
12042,16703,2
12042,14431,2
11966,15839,2
11907,13790,2
11887,12607,1
11865,16589,2
11845,16880,2
11820,17023,1
11793,17398,4
11776,19067,1
11739,21183,4
11739,17405,4
11726,17581,1
11646,16436,1
11637,13525,1
11637,14338,1
11623,19060,1
11623,19739,1
11459,20545,1
11453,15620,1
11317,16068,3
11317,12731,3
11254,15821,1
11195,13484,1
11165,18067,2
11162,14449,1
11125,13224,1
11094,15099,2
11058,15478,1
11031,18009,1
11017,19799,1
10966,16404,1
10966,19461,3
10908,21106,1
10820,13305,1
10803,16813,1
10784,12401,2
10757,17699,1
10713,17338,3
10713,14603,3
10700,12622,1
10685,11538,1
10685,11982,1
10685,20670,1
10678,18526,2
10678,20526,1
10638,12580,1
10638,18131,1
10632,20141,1
10602,17992,3
10515,13829,1
10482,19398,1
10453,11995,2
10453,20176,1
10453,20493,1
10444,20141,1
10437,16625,1
10391,20616,1
10389,17023,1
10377,18784,1
10244,15728,1
10221,11739,1
10185,11966,2
10129,17488,1
10102,21339,1
10056,13678,1
10049,20266,1
10044,16852,1
9876,19963,2
9842,13224,2
9795,20105,1
9732,11410,1
9708,19692,1
9688,13484,1
9624,17681,2
9624,16048,2
9580,13544,1
9580,17548,1
9569,19963,2
9507,18131,1
9500,14204,2
9500,17972,2
9479,20494,2
9466,21183,4
9466,17405,4
9466,11739,4
9463,13053,1
9438,16584,1
9311,14575,1
9310,10638,1
9264,16589,2
9264,11865,2
9225,11024,4
9225,15220,1
9225,12731,4
9223,11790,1
9214,10685,1
9214,20141,1
9202,20141,1
9113,11739,1
9012,17876,1
8999,15602,1
8987,9580,1
8964,19033,1
8925,17398,4
8925,11793,4
8910,10678,1
8909,12442,2
8909,17376,1
8909,19067,2
8886,14731,1
8836,9288,1
8836,12048,2
8836,17405,3
8753,17398,4
8753,11793,4
8753,8925,4
8747,16081,1
8737,9576,2
8720,18462,2
8696,16247,2
8689,12227,1
8689,12848,2
8683,14095,1
8681,9739,1
8672,11493,1
8635,13772,2
8635,21183,3
8635,17405,3
8635,11739,3
8614,15003,1
8596,9576,2
8596,8737,2
8593,8635,2
8563,19697,1
8555,10589,1
8531,13396,2
8531,14534,3
8531,16844,3
8524,17338,3
8524,14603,3
8524,10713,3
8520,13169,1
8491,19099,1
8491,12401,2
8480,15910,2
8478,9842,2
8478,13224,2
8449,16375,2
8449,20931,2
8422,16425,2
8422,17681,2
8415,14603,1
8390,10757,1
8308,11309,1
8277,16813,3
8277,17662,3
8277,12799,3
8257,12789,1
8247,14595,1
8184,12480,1
8168,20906,1
8168,8478,1
8163,9876,2
8163,16849,1
8163,19963,2
8159,18378,2
8159,19068,1
8159,17491,2
8123,11966,1
8112,11126,1
8112,17367,2
8101,8112,1
8093,18535,1
8093,18434,1
8045,17992,3
8044,8857,1
8026,16103,1
7988,9198,1
7953,8635,2
7953,8593,2
7947,13840,2
7877,19963,2
7877,9569,2
7861,11493,1
7861,18566,2
7861,11966,2
7857,11138,1
7834,10791,1
7793,15520,1
7791,19972,2
7791,13413,2
7753,11372,2
7753,15846,2
7753,12799,3
7753,8277,3
7739,15453,1
7736,13125,1
7717,16844,1
7691,19615,1
7686,12432,1
7670,17089,1
7637,10678,2
7635,19184,1
7626,9907,1
7623,20891,1
7617,14603,1
7615,18434,1
7614,21183,2
7614,8836,2
7595,16893,1
7550,16899,1
7543,9225,1
7529,17491,1
7507,21340,1
7496,9466,4
7496,8836,3
7496,11739,4
7496,12665,3
7496,21183,4
7496,20875,4
7496,17405,4
7488,18625,1
7478,13327,1
7470,11515,2
7466,8593,1
7437,12331,1
7428,7856,2
7428,13410,1
7428,18689,2
7428,16260,3
7428,15397,3
7377,11966,1
7307,13858,2
7285,17902,1
7228,17939,1
7227,12641,1
7227,9214,1
7211,15802,2
7211,17876,2
7209,10473,1
7209,15728,1
7204,15818,2
7181,10657,1
7181,17876,1
7178,20222,1
7168,12638,2
7164,15700,1
7111,14634,1
7106,13707,1
7100,16316,1
7067,14603,2
7067,12475,2
7054,17023,1
7054,15410,1
7017,14813,2
7007,10573,1
6987,13413,1
6948,17163,1
6915,11372,2
6915,14336,2
6915,16873,1
6881,8308,1
6871,19381,2
6871,13767,2
6827,12091,1
6814,8470,1
6750,17044,1
6740,19498,1
6644,11024,4
6644,11359,1
6644,16272,2
6644,19367,2
6644,17491,2
6644,8159,2
6644,18566,4
6644,9225,4
6644,12731,4
6616,15669,1
6610,16880,2
6610,11845,2
6607,9428,1
6582,13000,1
6582,15846,2
6582,7753,2
6565,6827,1
6565,14643,1
6565,16770,2
6565,13738,2
6524,7021,1
6517,20064,1
6510,11016,1
6491,7168,1
6475,7753,1
6415,15716,2
6415,14938,2
6390,20141,1
6385,14616,1
6382,20098,1
6370,7655,1
6370,8112,1
6363,8449,2
6363,8592,1
6363,11017,2
6363,18265,2
6363,18368,2
6363,19364,2
6363,20298,2
6363,20931,2
6279,10784,1
6234,18197,1
6203,6594,2
6203,10482,1
6196,14654,1
6172,12048,2
6172,8836,2
6169,10963,2
6130,6203,1
6121,16077,1
6121,16584,1
6101,18887,2
6101,12545,2
6098,20945,1
5995,15210,1
5983,17176,2
5959,16588,1
5905,13672,1
5889,20519,1
5859,18863,1
5835,16634,1
5835,11995,1
5813,20480,1
5766,5837,1
5756,13840,2
5756,7947,2
5739,19897,1
5694,17491,2
5692,9580,1
5663,15375,1
5654,16880,1
5653,16062,1
5615,9049,1
5615,15937,2
5615,18189,2
5615,18884,1
5615,19464,1
5589,18689,2
5589,7428,2
5584,12665,3
5584,7496,3
5574,8112,2
5574,17405,3
5574,11739,3
5574,7496,3
5562,20476,1
5553,18655,1
5533,20931,2
5530,12971,1
5488,8531,1
5459,8287,1
5459,8689,2
5459,11371,1
5459,12848,2
5459,19461,3
5459,10966,3
5455,8590,1
5401,16639,1
5384,17161,1
5384,18928,1
5362,21267,2
5362,16761,2
5351,11995,2
5351,10453,2
5349,15375,1
5294,7470,2
5294,11515,2
5294,12836,1
5290,11565,1
5269,14742,1
5268,17405,1
5250,12948,1
5225,7637,2
5225,20098,2
5225,10678,2
5222,16893,1
5222,6987,1
5180,12502,1
5178,11017,1
5174,5463,4
5146,10713,1
5119,14312,1
5075,17548,1
4997,13396,2
4997,8531,2
4996,9876,2
4996,8163,2
4977,16605,1
4935,16584,1
4915,10966,1
4896,13484,1
4896,6987,1
4895,11165,2
4895,14617,2
4895,18067,2
4859,19594,1
4852,5204,1
4850,14780,1
4847,15910,2
4847,8480,2
4820,11273,1
4815,8422,2
4815,9553,1
4815,15003,2
4815,16425,2
4811,11306,1
4807,18453,1
4789,8045,3
4789,10602,3
4789,17992,3
4789,18355,2
4789,18615,1
4744,5584,3
4744,17394,2
4744,8836,3
4744,8159,2
4744,18566,4
4744,12665,3
4744,17405,4
4744,12731,4
4744,7496,4
4733,6985,1
4720,19461,1
4713,19461,2
4705,16392,1
4678,15910,2
4678,7791,2
4678,11739,2
4667,6594,2
4667,6203,2
4647,6750,1
4647,11024,4
4647,11317,3
4647,13501,2
4647,13762,3
4647,14336,2
4647,16068,3
4647,17629,3
4647,20709,3
4647,7753,3
4647,8277,3
4647,12799,3
4647,18566,4
4647,9225,4
4647,6644,4
4647,4744,4
4647,20875,4
4647,17405,4
4647,12731,4
4646,5463,4
4646,5174,4
4644,14615,1
4628,15520,1
4616,6915,1
4588,6987,1
4569,10385,1
4533,18526,2
4531,18526,2
4531,4533,2
4463,7204,2
4463,10853,1
4463,15818,2
4371,20595,1
4371,13790,1
4345,10757,1
4315,9500,1
4291,16414,1
4235,10704,1
4234,17581,1
4234,20176,1
4212,14575,1
4192,13493,1
4180,4977,1
4171,18689,1
4144,8828,1
4092,4713,2
4092,15839,2
4092,19024,2
4092,12545,2
4092,19461,3
4092,10966,3
4092,8112,2
4092,11966,2
4092,5459,3
4089,20476,1
4076,8747,2
4060,8993,1
4022,9233,1
4000,11585,1
4000,8112,1
3967,17112,1
3949,18909,1
3949,19379,1
3949,20793,1
3933,15831,2
3922,15084,1
3856,17176,2
3856,5983,2
3754,7753,1
3752,6987,1
3656,4720,1
3644,4234,1
3640,7307,2
3640,13858,2
3640,16375,2
3640,8449,2
3613,17769,1
3583,10653,1
3547,6915,1
3524,13702,1
3457,5694,2
3457,17491,2
3457,12545,2
3398,10700,1
3370,12545,2
3370,4092,2
3365,20144,2
3365,12644,2
3365,8112,2
3348,6121,1
3329,4031,1
3318,17112,1
3286,5983,1
3248,12249,1
3209,4492,1
3209,15205,1
3187,8045,3
3187,10602,3
3187,17992,3
3187,4789,3
3185,8389,1
3185,17224,1
3185,19367,2
3185,3187,2
3185,12665,2
3169,16118,1
3150,14721,1
3135,4709,1
3135,14534,3
3135,16844,3
3135,8531,3
3132,8178,1
3121,4383,1
3088,17073,1
2982,16634,1
2968,20931,2
2968,5533,2
2960,8101,1
2922,9471,1
2922,11907,2
2922,13790,2
2898,8635,1
2896,20135,1
2889,6728,1
2875,11623,1
2871,6915,1
2842,12866,1
2840,16272,2
2840,16210,2
2743,4646,4
2743,5174,4
2743,5463,4
2743,13829,1
2729,6990,1
2700,18021,1
2700,6987,1
2694,15179,1
2688,14813,2
2688,7017,2
2678,16555,1
2666,20195,1
2666,21163,1
2585,13808,1
2585,7181,1
2559,16414,1
2554,19468,1
2554,11623,1
2538,3547,1
2501,11017,2
2501,6363,2
2453,6269,1
2433,6510,1
2401,11260,1
2401,20480,1
2377,19461,1
2309,4709,1
2269,2982,1
2265,12638,2
2265,7168,2
2251,19024,2
2251,5983,2
2209,20500,1
2209,9049,1
2194,18396,1
2194,7437,1
2131,8895,1
2131,15566,2
2101,20102,1
2088,14703,1
2088,5401,1
1989,4861,1
1983,10505,1
1978,15863,1
1978,16943,1
1978,20064,1
1947,4134,1
1942,21310,1
1861,11024,4
1861,13762,3
1861,9225,4
1861,6644,4
1861,4647,4
1847,3350,1
1839,20532,1
1838,17718,2
1784,2226,1
1775,11432,1
1769,2131,2
1769,6169,2
1769,10963,2
1769,15141,1
1769,15566,2
1751,20545,2
1751,18938,2
1709,16260,3
1709,15397,3
1709,7428,3
1681,20228,1
1677,14310,1
1540,14617,2
1540,4895,2
1520,9479,2
1520,12948,2
1520,14241,2
1520,20494,2
1520,17876,2
1520,7211,2
1508,7377,1
1501,13738,1
1469,21140,2
1469,13322,2
1415,17769,1
1386,9576,1
1339,21322,1
1291,20141,1
1270,8970,1
1238,4796,1
1196,12398,1
1193,15534,1
1184,4473,1
1148,13772,2
1148,12660,2
1083,17398,4
1083,11793,4
1083,8925,4
1083,8753,4
1080,19523,2
1080,13840,2
1075,13169,1
1071,19956,1
998,19593,1
974,15441,2
974,15210,2
971,8677,1
971,10185,2
971,16260,2
971,15397,2
971,11966,2
971,19381,2
971,7211,2
971,17876,2
968,8429,1
943,20064,1
928,8707,1
922,11685,1
922,9471,1
903,968,1
896,18268,1
876,2491,1
833,8112,1
814,5463,4
814,5174,4
814,4646,4
814,2743,4
807,6427,1
807,10341,1
778,16260,3
778,15397,3
778,7428,3
709,12731,2
709,4647,2
688,16247,2
688,8696,2
655,9795,2
642,13762,3
642,1861,4
642,18566,4
642,9225,4
642,12731,4
642,6644,4
642,4647,4
619,8491,2
619,10784,2
619,15205,2
619,12401,2
619,7211,2
597,8464,1
574,10545,1
561,8093,1
560,13660,1
541,15831,2
541,3933,2
439,17902,1
426,3879,1
420,20655,1
391,8747,2
391,4076,2
363,655,2
363,5199,1
363,7856,2
363,9795,2
363,10638,1
363,10820,1
363,17979,2
363,18705,2
362,6460,1
362,11094,2
362,15099,2
347,3826,1
347,5682,1
347,15003,2
347,4815,2
345,2831,1
345,3629,1
345,12351,1
345,13790,1
329,5748,1
329,9288,1
329,11694,1
270,13401,1
260,17718,2
260,1838,2
252,15258,1
231,8720,2
231,18462,2
231,10757,1
197,12665,1
187,19790,1
51,5168,1
51,21302,1
35,10724,1
