query time:0.0010148752
index creation time:0.006487467
8745,15570,2
2916,6962,2
9834,11280,2
2844,13147,3
9307,1676,2
16630,12586,3
11515,5541,2
20728,5600,2
11472,6673,3
14678,7680,4
1818,14023,2
17545,19609,3
17104,19013,2
991,20326,5
17629,18566,5
1618,19297,3
262,14336,4
19899,12174,2
17371,11695,2
15,12300,3
18096,7665,3
8491,3932,3
3185,14135,3
5884,14137,4
17127,4162,2
12665,13768,2
858,1216,3
20585,4959,3
18910,12407,5
9002,16076,2
10881,13232,2
3370,6512,3
18725,15290,2
2432,3549,2
20631,13157,3
16411,11197,4
10338,12066,2
8698,6121,2
19562,12065,3
444,12200,2
1708,6718,2
3300,11674,3
9741,6766,2
10241,11262,3
17559,15302,2
13147,14890,2
9762,19745,2
1708,11400,3
9146,18568,2
9080,19982,4
18044,10867,3
8905,20728,2
3661,7678,3
4611,15806,3
17552,4352,3
1744,4319,5
9064,19725,2
12999,15597,7
18684,7116,3
17966,5443,3
9669,13442,3
18638,4864,3
18835,21020,3
10687,3100,2
12440,14414,4
18794,6255,4
5926,6510,3
11204,4472,2
9242,13650,3
1061,6121,2
17971,5983,3
12210,21158,2
9157,14528,2
655,20502,2
20599,4311,3
10001,5942,9
8905,18632,2
20705,5828,4
3930,21039,3
21271,13199,4
8208,7058,2
9541,4296,2
2943,20629,2
11464,12854,2
19730,5793,2
18044,3092,4
20305,21283,2
11497,7290,5
18965,16287,2
21326,13652,2
13235,13425,2
5620,14500,4
3210,21014,2
8339,20194,5
1971,4454,3
17782,13538,2
1933,13798,3
2750,14387,2
2373,11108,2
2936,15597,7
10001,15597,7
10651,3670,3
20378,13966,6
16475,9580,3
19150,3917,3
3195,12165,3
12568,15154,3
473,17585,2
3708,7783,5
1233,18918,5
11592,6353,3
15597,7770,2
18808,6644,2
17527,5726,2
14367,15941,3
14367,7814,4
8994,7483,5
19908,15673,2
3369,4498,2
5926,16039,3
2869,13820,3
4163,5391,4
1887,3710,3
10651,19609,3
10452,4789,2
20947,5086,2
16677,15445,3
9221,11420,3
9685,13859,3
10019,12730,2
9402,18360,2
10001,13247,9
8609,11127,2
18918,6610,5
19450,7914,9
140,5586,3
1363,19661,3
17002,1708,3
10872,7329,3
16497,9002,4
8314,9719,2
3575,20502,2
9449,18592,3
246,3675,3
2074,13315,2
3092,7746,4
9108,4374,2
16630,20141,2
9808,4892,2
10035,13443,3
1580,19458,2
4782,7263,2
16585,4430,3
3825,7665,3
20098,7548,5
11472,6365,2
13157,8034,3
10673,3692,4
11194,19454,3
18574,8143,2
9157,20742,3
9002,2954,4
870,12050,5
19385,3422,2
13157,7178,3
10452,11995,3
18862,19562,3
9503,19933,3
8828,3956,3
17388,10414,4
8478,9170,2
17445,17590,3
16619,19978,2
1456,13461,2
970,14189,3
10685,19643,3
8230,13904,2
9137,20321,3
16512,14367,2
18044,11771,3
20979,7049,2
8558,13790,4
2141,13157,3
9659,20440,2
19722,14533,2
2249,20598,2
11995,12920,3
5831,14410,5
18928,19879,3
17590,4391,3
16485,14455,4
19454,8143,4
9325,12295,2
16780,15056,2
18968,16115,2
8219,18493,3
8707,20589,3
17731,18490,3
19189,13382,3
693,8034,3
13091,5168,2
16512,18654,2
772,16038,3
5095,6466,3
16937,7137,3
18549,21180,2
8452,1495,3
9114,18572,2
799,11069,2
9510,18231,2
3232,20001,6
4212,6580,2
9002,7299,4
10003,7380,3
268,5791,2
8994,13738,5
773,16110,3
442,9825,4
20949,21162,3
381,10867,4
1933,11194,4
17123,5672,3
10783,19402,4
8480,9157,3
17405,19454,3
324,4127,2
20023,4682,3
1593,14485,3
16911,19723,2
20714,8185,3
19641,12278,4
1954,6901,2
13790,5777,4
421,3769,2
9924,20631,2
642,13762,4
2960,8101,3
11052,7446,3
1939,2517,3
13768,14137,2
16506,15415,2
994,12278,4
20098,6845,5
17405,5268,2
299,10651,2
8452,12050,2
18261,5620,4
8685,2432,2
18125,13571,2
10644,7680,4
11692,6462,3
2943,6645,2
8221,13232,2
12444,5955,2
17040,18231,2
9852,5265,3
9702,6070,3
18730,4549,2
9515,1510,3
1140,20141,2
16926,14378,2
7058,7574,4
8478,17279,2
9402,7234,4
13017,14843,3
17351,15468,3
18254,2090,5
18135,14336,3
19411,6845,5
3392,20419,2
11701,13318,2
9638,7180,4
16711,20252,4
9080,18134,3
17629,7480,5
8533,21014,2
15903,16041,2
381,12194,3
14669,15597,3
11012,4995,3
11194,14586,5
18869,19430,2
9095,13047,3
1152,18044,3
12036,20378,4
6103,14818,2
12909,14270,7
18261,14500,4
19685,3675,3
18395,2398,4
20461,21159,4
10057,20461,2
3601,5587,4
16608,4906,3
11995,14137,3
13211,7548,5
17032,4723,2
13398,8086,2
19982,6644,3
8651,20141,3
5402,7137,5
18741,19118,3
8253,17182,2
18820,13796,5
4805,6503,6
3601,21068,3
15403,15597,3
12202,4262,2
4815,13459,3
6120,15597,3
20141,5725,2
10041,2205,3
19745,13004,3
7621,15997,3
17707,2271,3
18096,14189,3
1933,4251,2
5723,6614,3
19641,12381,2
441,12693,3
2358,20772,2
9585,3595,3
3321,13708,2
20294,20599,2
11912,15658,2
8292,12844,2
12050,12567,5
11515,5294,3
262,12304,4
19045,3142,2
444,3403,3
10442,3956,3
866,2387,3
17404,4743,2
20927,12933,2
2823,19641,2
10296,4536,2
12999,5942,9
19573,15415,2
8990,9498,4
12854,7264,3
9032,3980,3
9580,10884,3
3092,3682,3
6503,7290,5
4243,13798,3
4391,12665,3
9169,18061,2
12300,4243,3
17714,19921,4
17002,4766,2
20465,14592,4
20461,12299,2
11431,15290,2
10577,19132,3
18268,18493,4
16424,7409,2
10625,3085,3
20378,15477,6
1787,7337,3
576,14367,2
11543,4863,3
11370,3595,3
3217,20141,2
1129,15389,2
9685,14820,2
7219,15557,2
12861,13692,3
8494,9577,2
8712,9547,2
19096,4495,2
16630,6580,2
12302,13359,2
1954,21068,2
14990,16115,2
17913,4258,3
815,13820,3
1722,3796,3
17714,15597,3
1104,7063,2
8698,6097,3
5027,14336,4
16784,7108,3
9119,17388,4
1980,2844,3
17711,2448,4
11128,11532,2
10206,3359,3
10414,8037,4
11892,20432,5
1766,2329,2
1100,4207,3
14696,15070,2
18633,12455,2
645,3243,2
17386,14134,2
16741,18566,3
16711,13327,4
374,14270,7
16475,19961,3
1196,12398,2
20504,15462,3
17056,2448,2
8707,3085,3
19451,20705,5
16416,480,2
18344,14637,3
8452,15597,2
13796,7058,4
1912,15056,3
8478,18458,3
18862,12065,3
20252,7478,4
9863,2622,2
8401,9852,3
12396,13050,2
16537,9888,2
8331,2579,2
19642,4807,2
4435,13483,3
9774,20468,2
20189,14189,4
381,11771,3
19982,21292,2
2141,8034,3
16630,9900,2
12391,5831,5
4682,13238,3
9741,13690,2
1136,1548,2
18167,12390,2
19463,13157,3
10922,12974,2
3101,21158,3
18493,4536,3
10999,3138,3
12407,8083,5
9310,10638,2
15160,15529,2
8822,8034,3
3965,6292,2
16839,4084,3
809,18614,2
13167,5405,2
16479,13606,3
18999,7290,5
9808,3217,2
18945,14150,3
13238,13630,3
18920,7004,3
21362,13470,3
4996,8163,2
9667,3085,3
19641,5095,4
17926,12521,2
8229,5376,2
11026,3682,3
18195,21158,2
6307,7064,6
8351,20892,2
9570,19450,3
13870,7609,2
1233,6610,5
18280,18493,2
1271,6580,2
2141,6673,2
12125,5151,2
21229,6644,3
17405,5587,4
20481,16120,3
8352,8694,4
20183,12661,2
3723,5315,3
3061,20635,2
17681,19933,3
10452,12665,3
3972,14897,3
2375,14414,4
19306,12036,4
698,2033,2
9669,20740,3
5784,6063,2
14500,8153,4
11054,12640,2
606,11936,3
13157,5586,2
1399,4832,3
9038,5027,4
11025,14819,3
11160,6838,2
421,17266,3
10113,19517,3
15154,7064,3
13247,5942,9
18365,4959,3
11242,12656,2
19132,14897,3
9251,20294,2
10460,10691,2
16630,16911,2
8625,12212,3
16863,8165,4
16863,18044,3
20394,13836,3
11194,20354,4
9768,2205,3
12118,15290,2
21162,21170,2
9022,11999,2
728,13615,3
21362,13249,3
441,19464,2
9557,20728,2
17569,2489,3
18200,6097,2
10285,13004,4
16392,3228,2
8676,3996,2
10923,3700,2
17002,6467,3
8452,1740,3
9298,20271,3
2247,11961,2
17045,4210,3
10759,5440,3
716,15645,4
12370,13973,2
2050,5236,4
19908,7548,5
409,2345,5
17334,10015,2
18036,1887,3
12098,4162,3
3601,14137,4
9167,20183,2
18493,20023,4
10999,19772,3
725,13858,4
638,6579,2
20134,20141,3
9396,20141,2
20667,14710,3
20703,4738,2
19691,6255,4
10785,19297,3
9880,13327,4
14978,15210,2
10224,4928,3
7480,7658,5
20705,6188,2
19132,15788,2
18172,1933,3
18682,11305,2
12502,5180,2
9146,11023,5
9880,20252,4
19691,21298,4
8200,7592,2
336,18044,2
475,2103,2
17494,12716,2
4835,7279,4
19515,11790,4
10935,19899,2
20183,8145,2
20379,4294,3
18160,21351,2
19899,6763,2
11387,20585,3
18761,3414,4
9146,7658,5
17446,2249,2
6462,15119,4
20720,4892,2
8822,693,3
13417,6255,4
14157,7007,2
2493,15015,3
9229,19561,3
1548,13238,3
10106,20929,2
16451,12118,2
10118,5884,5
8050,8161,2
12336,5935,2
9105,4389,2
10783,21019,3
5554,7239,3
8462,10783,4
8459,15092,2
14262,6838,2
8226,15628,3
18245,18841,2
262,17457,3
9685,7808,3
10464,10805,3
18044,12194,3
5333,16120,3
3553,3710,2
12066,20461,2
13738,15930,4
9935,1754,2
13347,5180,3
14620,7137,5
219,15223,3
14137,15484,4
13483,8161,2
20308,15761,3
16479,17123,3
1745,2913,2
777,11503,2
3104,12378,3
14482,15029,4
9438,10783,4
12433,15223,2
353,1429,2
8491,3171,3
3524,15914,2
4079,7081,2
17714,18574,5
9038,5635,4
19534,7358,4
927,21229,5
1121,5538,4
11019,3930,3
4562,14338,3
9141,19973,2
6132,6501,2
1013,12870,2
1657,4943,3
9031,10414,4
10352,20742,4
10388,14150,3
11013,13798,3
8689,14646,2
8351,10095,2
9567,18136,3
10759,14851,3
9080,19556,4
19340,12460,2
2962,7377,3
9667,10625,3
10849,19641,4
16872,9819,2
17127,13318,2
12097,5335,2
773,3924,2
17643,13331,2
10015,20728,2
9775,9819,2
10962,11866,2
673,17611,2
870,20194,5
18044,8165,4
1692,7836,2
9916,3994,2
18167,12589,3
2896,3085,4
17995,18158,2
10696,14923,2
10058,20924,2
11194,14441,2
3422,19921,4
10673,21229,5
4109,4613,2
20326,3990,2
3674,5761,4
3996,14418,2
19306,20378,4
21158,7191,3
17786,4815,3
8494,7789,4
20204,13741,2
937,4055,2
12586,21158,3
17043,17571,3
8994,1796,2
18918,12455,5
1902,10673,2
3182,20063,3
8347,12184,2
17457,20098,3
17913,5892,3
1761,3723,3
3956,13142,3
559,10035,3
5051,6366,3
8478,1857,3
10452,20294,2
18089,2068,2
8694,15029,4
18977,21014,2
7978,16229,3
12586,6097,3
1013,3651,2
14204,7058,3
885,7290,4
336,17428,2
9157,14135,3
4808,15597,3
9819,21115,2
4536,15650,2
19402,14367,4
18669,4711,2
8347,18996,2
8675,12202,2
2829,2949,2
9454,15456,2
9408,13848,2
3066,4220,2
16701,4782,2
10740,6676,2
67,11431,3
13738,7483,5
16566,262,4
642,1933,5
17040,21030,2
2302,2675,2
21229,13977,3
10670,20894,2
18566,13003,2
18044,11052,3
9267,2345,5
6109,14799,4
19961,13441,3
5440,14851,3
20438,4494,3
3920,6321,4
758,9852,3
11610,6007,2
2916,14137,3
785,15600,2
10604,6635,3
10712,6271,2
8608,18684,3
18360,18831,3
11647,12665,3
10058,16295,2
20461,6377,3
7049,15713,2
8478,5036,2
11194,15272,3
6640,7574,2
16526,18574,5
107,2920,3
18271,4805,6
19292,3917,3
17104,1543,2
409,14202,3
18359,11204,2
9650,13858,4
3533,14175,2
838,12578,2
1745,12098,3
10388,12837,3
8684,13157,3
16512,3029,2
409,5942,8
758,5265,3
20598,20771,3
17664,3185,2
10120,12844,2
9142,9231,2
19178,3601,4
9169,11023,4
19036,14696,2
19562,4468,3
17981,18519,2
13572,7137,5
4577,5790,3
19184,14889,2
20390,12346,2
8325,9265,3
12909,13977,6
11543,6491,3
13738,5831,5
148,3427,4
8215,20432,5
8694,19517,3
10696,14696,3
8303,14409,3
14582,7138,2
17286,21158,3
16529,4906,2
8219,19706,3
12434,12891,3
18082,18395,4
12143,15943,4
19765,16350,2
15597,15598,2
17405,3601,4
20269,7808,3
10205,15394,2
6105,15716,3
20705,5884,4
3601,5884,4
10704,7203,2
2517,19288,3
10147,3601,3
16485,13884,4
10563,16120,3
3431,15090,2
1104,10922,2
8956,10963,2
2074,4587,2
14352,15468,2
8325,5180,3
9002,4163,4
18761,14414,5
14360,15935,2
11879,7665,2
17786,13459,3
8292,8689,2
19371,13891,2
4118,6709,2
16630,10899,3
2900,11464,2
16432,16653,2
15272,7377,3
4807,7665,2
10536,3021,3
11019,21039,3
994,19641,4
10686,4454,3
4267,6631,4
1039,15406,3
17174,18910,5
12300,8074,3
10764,12539,2
14409,6292,2
8955,4313,3
18493,4682,3
8379,7456,2
1442,10416,3
2317,19132,3
10685,20771,3
18048,15468,3
9146,10141,5
970,18096,3
2067,14409,3
20442,21331,3
17405,9599,2
11400,15375,4
11893,6743,2
1803,4869,2
20326,6474,2
16526,9169,2
18213,10872,2
19522,15456,2
21162,5865,2
18955,14473,2
17219,11387,3
18044,21316,3
20859,21229,5
16512,6097,3
2345,6737,3
10566,7411,2
19302,3647,4
9632,10577,2
18167,3217,2
8379,10462,3
2090,2198,4
284,2675,2
5948,16147,3
8221,16479,2
2043,3708,4
10155,7789,4
8452,5793,3
19621,14153,3
18096,8083,5
8710,17774,3
17412,16292,2
11817,12920,3
10704,16253,2
6931,16287,4
495,13404,2
18347,11752,2
8710,10452,3
10094,6775,2
2829,11502,2
18779,7834,2
4864,14035,2
8354,9570,3
2962,7058,4
9032,20192,3
2144,11068,3
1833,19722,2
9151,4101,2
4577,15247,3
256,5051,3
9945,12304,4
27,9243,3
6845,7548,5
17405,5884,4
10673,4352,2
9570,5884,4
6979,7290,3
19132,14820,3
8710,9146,2
17673,6742,2
19621,5777,3
18815,11749,2
9031,18032,3
2823,15245,3
9438,14367,4
8463,1768,3
8684,5831,3
9169,6931,4
12756,15597,3
17502,5504,2
20194,12050,5
10999,5820,3
8395,4995,3
13653,7235,2
21028,8055,2
11068,14900,4
1787,19365,3
16464,7814,2
14189,7903,4
2533,2896,4
16450,7947,3
18135,2823,2
128,11323,3
20742,7990,2
1729,14710,2
15146,7300,2
1515,2546,4
10118,3601,4
16756,4313,3
11176,7138,2
9062,15341,2
17097,12926,2
20098,20432,3
12502,6424,2
16864,6595,3
17831,1749,2
1912,20439,3
6353,16038,3
442,18709,4
2141,20631,3
1363,14135,3
772,9438,2
18741,6258,3
5443,14906,3
20134,5086,2
18602,8143,3
19060,3710,2
1807,13232,3
16608,18842,3
3182,13921,3
17457,5983,3
3304,11502,4
12075,13806,2
17258,9096,2
4084,6109,3
18614,19354,2
409,2033,3
5000,7307,4
5845,5934,2
21162,7513,3
1708,7282,2
511,11769,2
10673,4816,4
1708,16348,3
8462,19402,4
2699,11603,2
885,11497,4
8558,673,4
5095,6462,3
1008,14337,2
10297,2144,2
3056,6777,2
19340,20189,3
9825,18709,5
8625,4995,3
17022,18116,2
17552,7677,3
17445,4391,3
21162,4932,3
16677,15507,3
18779,20141,3
13420,15658,3
8974,7282,3
3344,13925,3
13356,6121,3
20541,4190,2
17471,10506,2
6276,14646,3
10999,21158,2
17174,20714,3
8987,4864,3
10388,18945,3
10464,6575,3
19001,11468,3
9146,7959,5
1754,21014,2
11144,19848,2
20667,14162,3
16854,13690,2
45,11448,4
2646,2847,2
17253,20982,2
9702,11502,3
18268,4782,4
9169,18657,2
725,7307,4
11476,14611,2
8609,6737,3
17067,1933,3
18044,10724,3
9409,2291,4
642,18566,6
18082,2398,4
18999,11497,6
13650,7438,2
1983,1994,2
9251,2949,3
299,6189,2
1061,13420,3
21229,7761,3
12278,4748,5
9731,10638,2
1764,10120,2
8215,11892,5
19088,15632,2
17266,14934,2
1356,15032,2
12837,5958,2
5436,6337,2
870,12567,5
8226,4782,3
444,15463,4
1950,13977,3
19908,6845,5
10783,15941,3
10241,15597,2
16630,7191,3
10281,6163,3
13522,14204,3
10003,11232,3
19631,5710,2
642,9169,4
13013,13167,2
14646,8158,2
5459,7783,4
10849,12278,5
18044,16231,2
18493,13630,3
1121,14367,4
16898,14646,2
3524,13702,2
3104,20880,3
20001,15597,3
9582,10881,2
9633,6887,4
9393,20552,2
2936,12999,9
3575,5946,2
21124,14041,2
17629,7658,5
9646,3816,2
11236,21271,4
16976,12781,2
9229,6901,3
2043,13977,4
16475,6510,3
16745,13142,3
16730,3171,3
20134,7749,2
20599,20771,3
21106,14620,5
9169,14189,4
4585,5554,2
15601,7680,3
8558,14263,4
1843,20013,3
789,15071,2
12156,14452,3
19450,4577,2
11775,13390,4
1708,5349,3
3490,4663,2
8684,3195,3
12837,14150,3
4682,4807,2
2126,7039,2
1615,13356,3
17405,9570,4
18574,19121,2
18820,7574,5
8253,17831,2
9515,20326,3
18852,6658,2
19451,5884,4
11619,13004,2
8200,4913,3
18775,7282,2
19333,8034,3
20378,13572,6
16791,7137,3
2546,3674,4
8797,4578,2
2358,14122,2
9298,9402,4
16444,10999,3
619,3601,2
9438,7814,5
16426,12254,3
11017,19362,2
19074,13114,2
19093,12999,2
6121,15537,2
16566,14336,4
1650,4157,2
3289,5554,2
18191,11995,2
20904,13630,2
18233,2302,4
18597,7937,2
8435,1559,2
18266,8055,2
20141,20432,3
19450,7384,4
1933,20432,4
17216,5154,2
5813,7520,2
21020,14129,2
18904,4682,3
1244,4571,2
11359,19982,4
7798,7903,4
3647,7882,4
568,14485,3
19543,11787,2
11959,20589,2
17405,19579,3
18175,13243,2
18123,13606,2
2375,14813,4
9729,1772,2
5701,6805,3
991,14040,5
19264,8065,2
20129,7761,3
12583,16253,2
13571,7446,2
12407,12889,5
17425,18044,3
15,8074,3
16939,2901,2
3061,20771,3
17405,20705,4
8215,6754,5
799,4682,3
6852,15294,3
475,21068,3
3242,7299,4
2358,14841,3
13572,13966,6
20771,7734,2
772,6353,3
18542,20438,2
20378,5954,2
9585,4379,2
12304,7680,3
11586,3397,2
45,5645,4
2846,3160,2
18136,5906,3
3704,14420,2
14903,7387,2
2050,13977,3
483,19772,2
16883,15658,2
10759,7735,2
441,7903,4
18493,19706,3
1933,3708,4
9024,1311,3
18982,5009,4
9169,9298,4
2872,11488,3
11989,4379,2
18076,16247,2
20478,4782,2
12655,20880,3
19908,20098,5
5884,7903,2
3163,6658,2
14040,6097,5
10964,14609,2
9146,13762,4
18254,4816,5
1939,15198,2
14482,7463,3
17714,20001,6
2033,6512,3
20141,6742,3
21351,7555,2
10296,7463,3
5105,8154,2
18271,18999,6
16450,13977,3
8494,10155,4
567,12066,2
18478,3422,2
8955,7555,2
9536,2943,2
10881,13157,2
1196,1197,2
8822,7482,3
11194,4319,5
10147,4747,3
1136,12202,2
6644,7761,3
8219,18194,2
4626,21271,2
381,8165,4
19150,19292,3
9856,5348,3
140,2236,3
8034,8089,2
20269,4710,2
17312,2448,4
9157,19748,3
18820,7058,4
20587,8187,2
17174,12407,5
12935,15341,2
5430,15462,3
17519,3205,2
1768,21162,2
10421,5322,4
10673,5421,4
8337,2220,2
17435,20569,4
1242,15597,5
16394,11176,2
409,12999,8
1061,20326,2
18096,7264,3
3029,4516,2
1629,13206,2
10346,3796,3
9570,1972,3
11017,16155,2
2302,3242,4
1657,1752,2
20378,7137,5
10241,19563,3
10687,19027,3
991,6097,5
9231,6421,2
8351,14137,2
1406,16120,3
10015,10058,2
20771,7513,3
9118,12212,5
8447,1595,2
10469,3628,2
9563,10392,2
10638,18972,2
18365,7299,3
10452,2916,3
409,2936,8
12378,20880,3
16724,2078,2
2964,20771,2
3825,6737,3
4207,6563,2
16839,6109,4
361,11657,2
8684,6121,3
10646,21158,3
10141,6644,5
1517,2137,4
11999,4157,2
20326,7736,2
1212,2137,4
17611,2924,2
8710,7526,2
21152,5724,2
6522,16317,2
421,8187,3
4996,15724,2
21271,6181,4
17481,19643,2
16911,9157,3
20652,4391,2
19641,4748,4
17046,4611,3
1515,3674,4
728,18648,2
8796,7978,3
21106,13572,6
2194,4029,2
1216,11488,3
10421,2291,4
866,18268,3
16416,140,2
18621,8178,3
17545,2004,2
17591,5538,3
12889,8083,5
3344,13136,2
1034,15406,3
13563,7761,2
9638,10141,5
14841,8045,4
10326,15713,2
17002,7548,2
606,7064,3
4943,7056,3
15294,8037,4
4928,15658,2
9146,9638,5
9449,11790,3
6305,15741,3
19880,5405,2
4494,14135,3
19621,5214,2
8494,17148,2
4928,14777,3
18472,2162,2
1393,19825,2
9570,6181,3
11196,15415,2
16426,15741,3
16741,5160,3
13331,5215,2
858,5655,3
1708,15375,3
2949,16348,4
18252,20199,2
18799,15351,2
261,9860,2
9439,2860,2
789,13157,2
15,1796,4
18566,11023,6
19641,15119,4
14162,14710,3
19450,12999,9
9364,10281,2
17043,7258,3
1933,12460,2
3232,14903,2
421,17701,2
4832,14743,2
2954,5391,4
18530,7004,2
17425,11052,3
18096,12035,2
2033,2920,5
11497,4805,6
16677,18222,2
17088,11502,3
13157,6121,3
11194,13414,4
18602,12891,4
18716,19333,4
17802,3999,2
15154,8083,3
2702,11786,2
18036,3710,3
3085,20589,3
10611,16378,2
17104,9439,2
11421,12232,3
2345,7783,5
3575,21068,3
13047,16278,3
3200,13017,3
10121,15154,4
4885,21281,2
16995,3999,2
9124,12548,2
19556,19982,4
19365,7337,3
2886,14452,3
2198,10673,4
9856,15731,3
811,20728,2
11445,15597,3
19631,7761,2
11020,14004,2
11553,15930,4
1406,5333,3
5472,7798,4
1950,11502,2
17312,17711,4
3200,14843,3
441,21271,4
20598,15747,2
559,13443,3
11240,20593,3
1971,7665,2
11497,6503,6
11995,14565,2
5954,15015,3
17983,16026,2
16745,3956,3
17371,13369,2
18568,8035,2
11420,13649,3
2896,19419,4
8395,2822,3
9032,4995,4
10581,4480,2
1764,5615,2
18779,16215,3
4611,15943,3
3688,7871,2
16711,9880,4
13138,6132,3
7137,15477,5
10783,5538,4
17457,12369,3
10281,5403,2
20441,13004,2
2033,15597,3
16703,11935,3
13072,7064,3
3185,12665,3
17148,13238,2
19424,12269,2
1152,14422,2
6763,8045,4
8905,5581,3
2762,2823,3
18926,14338,3
14841,6763,4
11553,14410,5
19879,14710,3
16791,21106,3
14270,6307,7
18526,10678,2
3604,13836,3
4807,4808,2
9002,10646,3
11515,11564,3
16671,20360,2
5015,15272,3
4010,14137,3
20394,5835,3
2375,12440,4
8401,11115,3
11912,7137,3
888,20001,4
8961,13457,2
31,19440,2
10567,12152,2
18831,2973,3
17405,14137,4
2345,5459,5
17002,18382,2
18574,13316,3
4682,6644,5
17164,4385,3
19748,14070,3
16711,7478,4
2658,6125,2
9335,7550,2
20257,7146,2
5236,13977,4
16780,5615,2
16730,3932,3
18044,16232,3
18096,12407,5
18044,3675,2
9146,6644,5
16604,9880,4
3019,14272,2
18623,12433,2
12433,20727,2
9298,7282,3
10630,12936,2
18273,1933,4
786,15600,2
9857,10240,2
3414,14813,4
18842,4906,3
19750,6777,2
16859,21331,2
19745,6318,2
17997,18044,2
12064,14134,3
20134,6742,3
15806,15943,3
2769,12877,3
409,7384,5
17153,17253,2
19361,14646,3
374,13977,6
9024,19899,2
1825,14582,2
855,3414,4
18261,8153,4
17251,16147,3
1708,2949,3
10452,3185,3
2769,15037,3
17405,10141,4
10783,7814,4
17590,6474,3
2847,5184,2
9659,2772,2
19143,14393,2
12936,6737,3
9032,12212,5
11264,6136,2
619,13837,3
8689,2345,5
17092,14443,3
1618,13410,2
8287,5459,3
9146,11024,3
2345,11371,4
21129,14833,2
31,1657,3
10908,5693,3
241,18714,2
20771,4959,3
20771,21162,3
16392,1881,2
9267,12877,3
2144,5677,3
18096,18910,5
1061,19105,2
16537,5637,2
17142,8161,2
3575,15247,3
12467,4864,3
2247,2769,3
10867,8165,4
5693,7882,4
15271,15579,3
12212,5063,5
20192,3980,3
16506,3689,2
16506,1618,3
11240,20742,3
10908,7882,3
855,4656,2
16927,18566,3
15597,15601,3
4714,13503,2
18835,7680,3
18096,12854,3
888,14592,4
9031,12246,3
9580,18638,3
9570,13199,3
12054,21158,2
19454,20705,4
3143,13095,2
6141,8055,2
9348,3503,2
3661,7213,3
6377,7274,3
18493,18904,4
9809,13414,3
5503,7621,3
13277,15144,2
5760,5777,2
2247,15037,3
18860,6563,3
17632,11327,3
18344,12941,3
1744,12937,3
2317,21271,3
13796,7574,5
17092,7923,3
2268,15762,3
8287,4260,2
12143,4611,3
18849,10980,2
5777,8172,2
9567,5906,3
17831,10591,2
20257,13252,2
14992,15597,2
9570,5954,3
1708,12152,3
12,18735,3
18794,21298,4
2962,13796,5
13211,6845,5
11023,13762,4
3185,5090,3
2224,13232,3
17405,11647,3
12369,5983,3
3238,15375,2
12891,8083,2
19421,19921,4
18232,5615,2
5217,16120,3
19787,7691,4
8994,6644,5
2076,6718,2
19908,13211,5
2451,20326,2
18978,15463,2
12299,5777,2
13014,6141,2
441,11236,4
8494,4242,4
152,4892,2
2832,3129,3
986,6165,2
2960,3268,3
10673,20859,5
12300,6070,3
18116,12484,2
11580,7446,3
21106,7137,5
3094,13277,2
14576,15658,2
246,19685,3
20252,13327,4
16,6893,2
1266,3185,2
11497,6979,3
1898,3503,2
17457,2212,3
13316,13414,3
6610,15945,5
8480,16911,3
4864,7358,4
17244,18939,3
17405,10118,4
822,1618,2
10224,10783,3
7117,8086,2
18621,5560,3
1933,18566,5
18999,4805,6
11080,5215,2
5620,8153,4
13147,15868,2
1244,4782,2
11624,13764,2
10644,14678,5
8671,4928,3
2198,2254,3
1233,12455,5
8478,656,2
10224,4794,2
3942,4869,2
374,19190,7
17002,1212,4
716,3527,4
9438,5538,5
6121,15114,3
9454,10482,2
10106,10452,3
11021,14367,2
11817,11995,3
10001,12999,9
1761,5315,3
1258,10644,3
8492,14647,2
10037,13650,3
1618,5723,3
8998,20927,2
1796,20082,2
3036,3097,2
14901,15584,2
10687,5538,4
9221,13649,3
16756,8955,3
2227,21283,2
20439,15056,3
18549,13120,2
18574,7180,3
4212,7108,2
3708,13977,4
838,14689,2
8493,5372,2
10121,6872,4
1754,19899,2
219,4235,3
8796,5550,3
19058,19567,3
12304,14336,4
19571,6046,2
8462,10687,4
10001,2936,9
9738,13489,2
9424,4864,4
18794,19691,4
13199,6181,4
10644,2920,5
11024,6644,3
19655,16132,3
21331,5540,2
9169,7903,4
9965,2074,2
12036,7517,4
16716,645,2
10118,19178,5
3414,12440,4
17490,12433,3
67,15302,3
799,15114,3
1898,11523,2
20781,7754,2
6742,15884,3
3311,3866,2
381,1152,3
3370,15597,3
16578,17571,2
4835,5672,3
10670,19190,7
12665,8086,2
16512,9265,2
10121,3185,3
811,13558,2
15,6070,4
442,9809,3
1708,20856,2
9512,10224,2
20001,20465,4
10206,18574,5
11387,13977,2
10106,14135,3
21,12919,2
8689,9267,5
106,11642,2
17371,3344,2
1177,10979,2
8452,12570,3
15238,7219,2
8728,4832,2
3442,4319,4
9251,12936,2
725,9650,4
3575,13837,3
2291,5322,4
11013,3414,4
15597,7914,7
2302,7299,4
1708,6580,3
8357,18709,5
17137,12252,2
21331,5955,3
1615,1718,3
4984,6132,3
8718,20864,2
8395,11012,3
20257,6862,2
17002,17731,3
8994,9638,5
9118,5063,5
17174,12889,5
10673,20134,2
698,19454,2
8379,12876,3
1034,1039,3
18526,19655,3
8969,15662,2
18347,2823,2
10141,7959,5
10686,7180,4
409,1242,5
18526,6041,2
8822,19333,4
17446,11843,2
17201,2976,2
2976,12066,2
18735,4528,3
2792,2832,2
4084,14799,3
10670,20859,5
1061,15658,3
8478,6097,2
17545,7446,3
19579,5884,3
3138,19772,3
20777,7448,2
12693,5723,3
11468,6893,3
682,13741,2
16566,12304,4
3060,11995,2
8553,20326,5
16970,4435,3
10094,16244,2
1933,19385,3
10678,20502,3
10678,4294,2
9146,1933,5
12409,4343,3
20981,4807,4
16622,14646,3
9265,5180,3
20438,7680,2
4943,14002,3
2358,7290,5
16677,7711,2
17436,3750,2
1745,4162,3
10849,5033,3
473,12084,2
17490,18153,2
17209,20064,2
10849,4748,5
12230,13461,2
2962,7574,5
17481,16039,2
3176,5009,4
11412,4754,2
21162,7405,2
8782,9092,2
17286,3101,3
2375,18761,4
19450,5942,9
12967,15573,2
10141,3601,4
10704,4235,2
20082,20705,5
252,18799,2
10001,11879,2
16954,12200,2
11018,6510,3
2302,12050,4
12455,6610,5
19641,12696,2
4682,15114,3
409,15597,5
9146,9157,2
10624,3304,4
17148,773,3
8689,1796,2
13442,7433,2
16720,9265,2
9492,19361,3
3,19001,2
1158,4041,2
18200,4467,2
13848,15078,2
8556,18893,2
19643,13277,2
19567,5551,3
4853,13232,2
21188,5637,2
1324,12433,2
20326,5747,2
6097,7303,3
1825,15585,2
20442,5955,3
8347,10003,2
17815,7887,2
11995,5835,2
7388,16134,2
20593,20742,3
16475,13441,3
19685,13636,3
2033,2579,5
19190,12909,7
1933,21162,3
473,6121,2
17219,20585,3
19001,6893,3
2932,19550,2
16604,16711,4
9095,16278,3
15183,15814,2
17253,14336,2
855,2375,4
2846,11228,2
5925,15690,2
1976,2685,2
10685,20599,3
1366,19621,3
413,19876,2
18360,2973,3
442,16253,4
444,6910,4
10670,15420,2
381,18044,3
18566,7658,5
10908,21106,2
10460,5095,3
17174,8083,5
10224,15245,2
18201,13157,3
11882,4129,2
19178,5884,5
16411,4914,4
12502,5000,2
8273,5645,4
409,13247,8
11030,20790,2
5935,15716,3
17123,13606,3
19454,4682,2
2056,20178,2
11280,21331,2
9169,7234,4
8478,13693,3
8710,2916,3
11194,3442,4
10922,11583,2
18032,8037,3
7018,7137,5
2063,19809,2
11516,4682,2
12409,15415,3
557,10872,3
20063,13921,3
3092,21162,2
9251,5726,2
17644,20853,2
3414,6777,2
3825,5813,2
3092,14038,2
3601,6962,2
1807,2224,3
1595,14900,4
17119,13103,2
17266,8187,3
1216,2872,3
4782,7608,2
17148,16110,3
17545,11580,3
1972,13199,3
18167,15160,3
16613,12665,3
18918,15945,5
20978,6644,5
1510,20326,3
8352,15029,4
10783,6121,2
13378,13461,2
19411,13211,5
11017,20998,2
4258,5892,3
409,19450,8
11148,3272,3
10241,14710,3
20486,7722,2
18574,3232,5
789,21019,2
17872,20293,2
5033,15119,4
33,16810,2
619,10784,3
19345,14336,2
3268,8101,3
18393,19596,2
2822,11098,3
18725,3043,2
6474,7814,3
16622,19361,3
19302,7882,4
14162,14360,2
673,5777,4
17127,15210,2
3700,13424,2
3160,14818,2
11553,5831,5
376,5075,2
4319,14586,5
11026,3092,3
20141,13318,2
12655,16300,3
9633,20432,4
11464,4536,3
10784,13837,3
9024,4407,3
9169,16287,4
17631,14481,2
13805,5793,2
19704,15658,2
19460,14903,3
20294,13277,2
17554,19621,3
9603,10015,2
16535,13382,3
12422,5600,3
17253,1796,2
18490,13238,3
8790,18306,2
14367,6533,2
18996,7303,3
2962,6487,2
8357,9825,5
13168,8164,2
20326,4550,2
2489,12252,3
17571,18954,2
1242,7384,5
2162,16149,2
16567,12539,2
8351,14764,3
20064,7808,2
12165,13837,2
2196,6674,2
21030,6658,2
5554,15659,2
10696,13397,3
5095,15119,4
10638,8161,2
5087,14873,3
10935,8050,2
18116,13805,2
19411,20098,5
3185,20293,3
19361,20432,3
18096,4313,3
17714,3232,6
20502,7498,3
9834,2932,2
7746,8165,4
18619,12665,3
2355,14535,2
3061,20293,3
5831,7483,5
2936,13247,9
16497,1890,4
21281,14149,2
8694,10296,3
16604,13327,4
8392,3185,3
20598,7678,2
21036,5672,2
9447,2489,3
17707,6763,4
9834,20321,3
19058,5551,3
5560,8178,3
9492,20141,3
18365,3242,3
10685,12165,3
20475,7239,3
12665,6931,4
5828,8143,4
13522,7058,3
9146,18566,5
20981,15045,4
16630,19715,2
3442,5842,3
16435,4430,2
10037,13047,3
10021,14787,2
8392,20293,3
3442,14586,4
162,19522,2
13858,7307,4
442,14237,3
1950,13837,3
17481,10625,2
4808,6120,3
15949,8165,4
12999,7914,9
10841,14038,2
8219,3125,2
11995,13650,2
19416,11327,3
9743,13848,2
8339,12050,5
2579,14678,5
20326,6097,5
18200,19944,2
18982,3176,4
11755,5581,3
21014,14793,2
8994,11553,5
3604,5835,3
8698,17712,2
4751,14873,3
3185,4391,3
4242,7789,4
673,7363,2
9629,21316,3
2493,5954,3
17446,20587,2
9002,21158,3
11375,5306,2
8695,7501,2
525,21315,2
19454,5828,4
10452,14137,3
10687,14367,4
8478,1781,2
9563,15597,2
9637,12659,2
673,11197,4
11023,6644,5
9638,20978,5
2358,11497,5
9032,9118,5
2548,14903,2
16630,17607,2
4807,15045,4
8357,16253,4
18052,12411,2
17607,3196,2
1980,16201,2
3129,15950,3
8332,5858,2
8994,14410,5
2754,4243,4
1442,20361,3
8278,10126,2
20481,5333,3
4319,4807,2
9408,14134,2
19366,21058,2
9119,10414,4
3446,6910,4
443,6920,2
20432,6754,5
9633,19899,2
8255,15210,2
17714,10206,6
9751,11472,3
2078,4943,3
2078,7056,3
1933,6887,4
1881,15886,2
10281,12502,3
11502,20960,2
18261,12969,2
3560,15570,2
8861,10224,2
9118,4995,4
11553,14988,4
8357,14237,3
4319,21020,3
15520,7809,2
11758,4352,3
19899,20606,3
4432,15985,2
3601,7219,2
9638,12882,3
11185,14134,2
11232,15984,2
5010,6909,2
16608,19515,4
19451,20082,5
13536,16134,2
11197,13790,4
19772,5820,3
15597,7783,5
8765,3185,3
20846,16368,2
9633,10352,3
9751,6673,3
12481,13473,2
20082,5884,4
2920,14678,5
20419,13130,2
642,11023,7
18910,8083,5
19216,6724,2
13615,15750,3
8351,11724,2
200,13630,2
16535,19189,3
14691,8163,2
17607,5421,4
21298,6255,4
19381,6614,4
9895,21306,2
12198,14855,2
11359,21229,4
2646,2659,2
6872,15154,4
799,12941,2
5472,7903,4
9080,3920,4
9146,9169,4
12202,7177,2
21161,21162,2
2078,18955,3
5637,6512,4
8494,4294,3
10685,15729,2
8822,18716,4
8393,18154,2
2398,6962,2
16405,16512,2
18273,3708,4
19515,4906,3
206,5842,3
18119,2375,4
20064,16093,2
9157,10452,3
19098,12433,3
13977,7947,3
12968,14994,2
8671,10224,3
994,10849,4
16506,6614,4
8609,5459,3
16863,7448,4
8608,7116,3
8994,11647,2
10553,10872,2
9633,1933,4
855,18119,4
716,2268,3
20189,7903,4
18355,4789,2
18566,6644,5
10094,8105,2
11203,4122,2
9629,18044,3
3442,6512,4
17585,10638,2
13549,15496,2
17984,14925,2
16497,21188,3
11013,12440,4
10296,18574,2
19736,7230,2
16741,6193,3
1266,5723,2
148,15616,4
2411,21158,2
9137,9834,3
11995,13238,2
13272,5637,2
3414,3598,2
8287,19415,3
13327,7478,4
18820,2962,5
20585,20771,3
12232,7458,3
20293,21162,3
5017,5705,2
3604,20394,3
19936,6820,2
17164,12381,3
10224,21019,3
11502,21188,4
1980,13147,3
441,3227,2
9852,19444,2
15271,15341,3
18119,3414,4
1399,3750,3
16712,7542,2
10867,20129,3
16863,7691,4
16613,18619,3
10343,5168,3
13247,14336,3
409,7914,8
3185,13014,2
390,11069,2
1722,10346,3
13390,13653,4
10624,3110,2
20569,15248,4
20853,20927,2
6595,7534,2
4391,7814,3
4391,6474,3
18172,20082,4
9267,2769,3
17351,18048,3
4149,16183,2
10396,11470,2
2612,4127,2
8200,2720,3
2949,13282,2
8987,9580,3
20141,16215,3
9638,4682,5
12999,13247,9
14903,6743,2
2976,5954,3
14609,7499,2
9146,12300,4
3669,12098,2
21158,6097,3
4157,14216,2
16436,18939,3
16475,11018,3
8553,9882,2
727,17259,2
18427,14646,2
17457,7631,2
19845,20500,2
1921,12064,3
18572,3685,2
7550,16003,2
17217,14903,3
11892,7693,5
8539,15364,2
9809,2358,2
3442,5637,4
11810,20705,2
1782,13693,3
128,9092,3
17253,20115,2
20606,15056,3
16506,6862,2
9169,2920,3
13157,6163,3
19361,20141,3
8494,20379,3
12920,13318,2
17174,18096,5
16479,4835,4
19415,5459,3
2269,20394,2
11525,19899,2
18574,16290,2
1216,4869,2
10952,13654,2
20390,6910,4
1950,2254,4
6512,15403,3
9320,5652,2
5586,8080,2
3036,20554,2
11758,7677,3
2927,15634,2
17534,15045,4
21162,13742,3
16995,5445,2
12092,4611,2
9031,6852,3
13020,13653,4
994,4055,2
390,2249,2
1618,10785,3
17123,2769,3
1452,14992,3
9426,4385,2
8694,14482,4
12391,13738,5
18153,14743,2
642,6644,5
866,16364,3
441,5472,4
14414,14813,5
16411,13790,4
8463,9619,3
2345,15597,5
8200,2050,2
8539,4220,2
2358,6763,3
18044,4301,2
13742,8045,3
11080,4691,2
1452,19016,3
1121,10687,4
18493,13529,4
9146,17629,5
1806,4983,2
5255,16289,2
10285,10831,4
20141,15884,3
16512,6635,3
1666,18200,2
13020,13390,4
16820,12152,3
17711,4207,4
6512,15597,3
1744,6512,4
17056,7849,2
2194,4296,2
5118,15733,2
1212,1517,4
2806,16148,2
8969,5353,2
5884,15484,4
21221,6966,3
8339,870,5
10553,4859,3
16497,9265,3
1216,5655,3
18271,11497,6
11585,16374,2
31,4943,3
781,6543,2
1374,18044,3
20475,5554,3
994,4748,4
838,5662,2
14443,7923,3
17571,7258,3
16444,19772,3
12568,13072,3
12570,5793,3
11909,4550,2
9209,19973,2
18492,6121,3
17457,5615,3
725,9644,4
8689,6595,5
18271,7290,5
10343,11692,3
7321,8061,2
1016,4294,3
20378,21106,6
9633,20742,3
2345,7384,5
11936,4604,3
19150,3688,2
9298,6595,3
374,12909,7
13359,7314,2
13078,13653,2
18172,19385,3
8351,19089,3
4207,15248,3
16385,1121,2
642,12300,4
17545,18044,3
9437,3601,3
1595,11068,4
3310,7266,2
11295,7308,2
20427,7665,2
1595,5677,3
16475,12467,3
16630,21158,3
53,19704,2
17584,15984,2
10670,21229,5
9537,8086,3
19132,3972,3
20771,20949,3
17251,5948,3
8491,619,2
27,18597,3
9934,6879,2
2126,2769,3
927,10670,5
2848,5701,3
2448,4207,4
2684,6592,2
18835,4319,3
6644,7959,5
11553,4391,2
8684,7532,3
9394,1629,2
107,9169,3
3325,15188,2
5160,6193,3
13235,14481,2
9307,3029,2
17186,17781,2
1933,11023,5
10414,15294,4
9161,15648,2
16506,7220,4
19027,14367,3
3930,5095,2
16526,3232,6
2954,4163,4
1921,4207,2
1774,20258,2
8273,11448,4
11995,14542,2
13442,7489,2
16970,13483,3
11431,15302,3
19527,3369,2
5504,15559,2
1311,6041,3
11988,4788,3
19220,3221,2
20141,5915,2
20874,16343,2
11400,5168,2
381,6709,2
9424,7358,4
9498,6901,3
20326,14760,2
9638,18566,3
8351,20217,2
12455,15945,5
8352,10296,3
21159,6631,4
5503,6461,2
17405,15484,4
8994,15930,4
1744,3442,4
20461,6631,4
11025,14132,3
1330,1718,2
2769,13606,3
11280,16253,2
8985,12502,2
8491,16730,3
716,18966,4
12589,15160,3
11790,4906,3
2886,12156,3
17435,1100,3
17312,4207,4
16979,11204,2
19641,5033,4
10678,6117,2
11553,13737,2
9124,6578,2
17475,15366,2
1311,8185,2
2095,5875,2
8478,8818,2
271,12304,2
3527,15645,4
11470,4682,2
20589,5086,2
17941,11389,2
10935,5926,2
9945,15597,3
8452,2304,2
444,3446,4
4870,6859,2
843,5824,2
8974,9298,3
17554,19060,2
9276,6595,3
18966,3527,4
14657,6737,2
9942,4140,2
1615,12583,3
10899,12586,3
1744,11194,5
9641,11468,2
14053,14952,2
11421,7458,3
19568,3427,4
8200,18175,2
9591,6141,2
10024,19096,2
17648,7939,2
10502,20129,3
8651,19361,3
9169,9402,4
11692,5095,3
1857,18458,3
2762,15245,3
18252,21058,2
17806,13692,3
8143,8178,3
12304,15597,3
8539,2058,2
1939,10685,2
18928,5015,3
381,16232,3
10670,14270,7
8292,16506,2
2517,19641,2
17174,8185,3
12519,15597,2
12462,14132,2
1311,5542,2
17157,6673,2
20592,7660,3
3446,15463,4
18860,19621,3
3403,6910,3
673,11907,4
11892,6754,5
20599,20949,3
14988,7483,4
1718,12583,3
8684,10685,3
2302,11242,4
2358,13860,2
12254,15741,3
11242,3202,4
18232,20506,2
9038,9229,3
2268,18982,4
18273,14861,4
8765,10121,3
5538,14367,4
9157,19006,2
3286,5983,3
205,11468,2
8379,20592,2
5402,7018,5
1570,12205,2
19507,6192,2
9984,18297,2
927,20859,5
1595,2144,3
9744,9793,2
1216,4379,3
11749,12152,2
3427,15616,4
20293,20771,3
3027,20771,2
10828,11148,2
5790,15247,3
53,11995,2
9768,1708,2
18669,11202,2
8957,8990,3
6462,6466,4
1209,9990,2
9307,15673,2
4789,14841,5
10553,16141,3
8327,7721,2
11594,15096,2
5960,15729,2
12262,13157,2
20141,20587,2
19691,13417,4
8553,991,5
2168,15394,2
4313,6737,3
4571,15788,2
1216,18242,3
673,21094,2
9298,7234,4
1729,5204,2
20237,12665,3
4869,5402,2
20540,20548,2
17607,17995,2
20441,16215,2
473,8675,2
8478,18135,2
4352,7677,3
20098,13211,5
1708,4294,3
18529,20438,2
5873,15056,2
866,6612,3
15378,8104,2
2546,5761,4
4314,5793,2
10296,14482,3
148,19568,4
12446,8086,3
13138,4984,3
10211,19891,2
19782,12854,2
8912,2921,2
7058,7377,3
12665,16287,4
2387,6612,3
6763,16189,2
21271,5472,4
17545,12097,3
9038,14336,4
3321,14833,2
8917,855,3
17436,15526,2
17806,12861,3
3185,20771,3
2375,11013,4
8675,10638,2
9169,20189,4
5027,5635,4
5935,6105,3
19385,12125,2
20271,6595,3
5098,14667,3
2936,5942,9
18271,2358,5
19308,15842,2
441,5723,3
12756,14669,3
6644,7180,4
9852,11115,3
18566,5160,3
1939,19812,2
8352,14482,4
6754,7693,5
14667,15597,3
13272,7446,2
1527,3450,2
487,3021,3
9580,4864,3
7533,7665,2
2043,5236,4
16784,10041,3
716,15762,3
16750,4157,2
10678,7498,3
13977,14270,6
10452,4788,3
19454,15272,3
8230,4983,2
13316,7180,3
1708,21336,2
19982,6321,4
2126,15526,3
12542,5542,2
20189,13742,3
8426,514,2
13247,7914,9
18904,3466,2
45,8273,4
10059,13571,2
10224,11912,2
7246,16004,2
10867,7761,3
10783,14367,4
1452,11642,2
725,5000,4
2358,15056,2
8545,6353,3
1744,14586,5
8994,12391,5
3683,20592,3
540,3293,2
4235,15223,3
12394,7990,2
1950,13257,3
9637,13833,2
17681,9503,3
10121,20578,4
4135,6852,3
9265,21188,3
17421,9498,3
19725,7499,2
17253,17585,2
18044,20168,2
11995,6467,3
3647,5693,4
9454,20257,2
18134,6321,3
16512,8684,2
2212,20098,3
20569,4207,3
17002,7033,3
21014,7363,2
10685,20598,3
2090,2254,4
21106,5402,5
2302,3202,4
10884,4864,3
409,5459,4
9768,12096,2
19463,6163,3
9786,4158,3
20461,6204,2
17002,11989,2
8974,16173,3
10908,4158,3
2271,8045,3
1933,10785,2
21161,6966,3
16864,9276,3
8452,10430,2
8609,2033,3
20461,7274,3
20997,6204,2
18505,4993,2
10872,2865,2
4762,8108,2
9267,5459,5
13442,13650,3
10644,2579,5
17294,20294,2
18167,6640,2
4301,14743,2
4682,15236,2
2769,15526,3
20294,8161,2
11148,15597,3
6121,7146,2
20880,16300,3
19118,6258,3
1233,15945,5
3692,20377,2
2916,6097,2
444,20390,4
12200,6224,2
1433,5405,2
9644,13858,4
10141,5587,4
18493,11464,3
19565,11587,2
12568,7064,3
18566,12882,3
525,6807,2
17002,11400,4
20911,16282,2
2090,10673,4
8992,11787,2
3683,7660,3
18268,13529,4
19506,5600,3
8671,14458,2
2162,13571,2
18761,14813,5
11232,7380,3
18242,4379,3
442,2771,2
17938,16165,2
4782,13281,2
18602,8178,4
1531,5615,2
15761,16004,3
773,8169,2
1921,14134,3
10206,20001,6
10577,14820,3
19001,11409,2
16497,7299,4
20740,13442,3
2973,5803,2
17971,3286,3
2129,13790,2
19626,3369,2
13382,8034,2
11553,13738,5
927,10673,5
18430,4709,2
13247,7280,2
17545,11052,3
617,6047,2
4782,13529,4
19899,15056,3
16497,3242,3
17421,6901,3
1121,10783,4
10288,16351,2
11521,7711,2
11525,3750,2
8395,11098,3
17088,16288,3
9945,13925,3
19411,7548,5
2832,15950,3
9251,6446,2
18268,15092,2
11448,5645,4
19454,11502,2
5635,14336,4
16512,9416,2
18254,10673,4
21106,13966,6
16937,21106,3
12066,7923,2
4319,7680,3
19190,7064,6
17046,12143,4
2358,6503,5
11750,15468,2
17002,11995,3
409,3708,5
9265,13157,2
20390,20439,4
2450,6592,2
286,10814,2
1764,14621,2
10963,6169,2
2249,11647,2
9786,10908,3
11862,8101,2
8905,19348,2
8558,5777,4
12165,7532,3
1805,7453,2
19216,15991,2
19745,20598,3
6431,6725,2
9251,11476,2
7482,8034,3
8689,5459,5
381,10724,3
11553,7483,5
1032,15415,2
18268,16364,3
10831,13004,4
16512,6882,2
3185,15154,3
3202,12050,4
10241,6105,2
4783,14903,2
18044,18056,3
17405,19178,4
5538,7814,5
1939,19288,3
1618,6614,3
6466,15119,4
3344,12304,3
20592,7136,2
1515,5761,4
8609,20923,2
20245,21351,2
8357,9809,3
9945,7680,3
19302,5693,4
598,14387,2
20578,15154,4
17569,1708,3
20141,12299,2
10001,19450,9
9843,5615,2
6614,7220,4
17534,4807,4
8609,15597,3
14132,14819,3
20461,15114,2
13536,15545,2
8221,299,2
11359,6644,3
10460,6462,3
13738,14410,5
885,18271,4
14582,15605,2
20250,14574,2
18621,8143,3
19534,4864,4
8684,19643,3
9251,16348,3
760,11705,2
6325,15247,2
8491,5236,3
17481,17742,2
20432,7693,5
1495,1740,3
10686,6644,4
16608,11790,4
10670,13977,6
19621,6563,3
656,1347,2
10678,15559,2
3874,4782,2
17405,12665,3
4743,13047,2
21212,14220,2
3601,4747,3
888,20465,4
3708,15597,5
10155,4242,4
20001,14592,4
18492,13238,2
9237,18841,2
17353,1121,2
1147,15761,3
10089,19655,2
1311,4407,3
19568,15616,4
17092,19464,2
1014,7058,2
11502,6070,3
4870,5790,2
4561,14620,2
1317,7105,2
17040,3104,2
1890,7299,4
673,14263,4
20598,13004,3
19418,4466,2
19450,15597,7
2720,12967,3
18526,16132,3
17435,4207,3
18326,18841,2
4369,7807,2
20705,8143,4
9633,18775,2
487,14607,2
4815,5257,2
1708,20592,2
9002,5391,4
10285,13752,4
13004,13752,4
18096,6737,3
9839,14289,2
9157,14070,3
10188,4294,3
9685,20269,3
1041,15056,2
9092,15959,2
557,7329,3
10122,13798,2
17851,8065,2
1548,18490,3
19464,5615,2
20129,6644,3
18999,6503,6
2533,19419,4
4782,6635,3
11371,5459,4
463,13424,2
17534,20981,4
106,6276,3
21162,8132,2
18592,11790,3
7384,15597,5
3300,5290,3
1727,10646,2
20438,14135,3
14122,15597,3
10670,6307,7
18928,14165,2
10493,15522,2
16799,6526,2
12212,4995,4
3442,7680,3
8974,15143,2
16771,16927,3
19627,11975,2
17155,20557,2
16630,8689,2
8221,1098,2
2720,4913,3
16512,21158,3
16506,19381,4
2227,7837,2
9935,6323,2
10119,2358,2
7519,8050,2
16969,16970,2
11371,7783,4
20434,21158,2
21106,7018,5
3675,13636,3
10563,5217,3
2345,3708,5
5827,15393,2
18648,16149,2
18493,13238,3
19166,14002,2
5550,16229,3
4805,7290,5
9092,11323,3
4938,13420,2
10785,4010,3
16839,14799,4
11236,5472,4
19787,7448,4
18574,20001,5
10462,12876,3
10614,4932,3
9002,1890,4
14616,14910,2
4859,16141,3
19577,5884,2
11907,13790,4
12909,6307,7
8905,9968,2
4863,6491,3
1933,14861,4
10862,4118,2
10637,20109,2
12,1311,3
4210,7033,3
9313,11995,2
13966,15477,6
19429,12622,2
2579,2920,5
10614,21162,3
13047,13650,3
2268,5009,4
753,15627,2
9924,13130,2
2194,7437,2
12640,14455,2
2121,3307,2
18574,13612,2
9409,10421,4
16645,20046,2
19506,12422,3
534,19132,2
13564,13798,2
15226,7924,2
673,4914,4
4995,5063,4
16411,5777,4
2090,4816,5
475,3575,3
106,14646,3
374,6307,7
18044,7746,4
1795,4246,2
20200,4329,2
9151,14134,2
1722,21335,2
18382,7497,2
4679,14485,2
1933,13414,4
18175,3422,2
13592,15188,2
5349,15375,3
1330,3972,2
18096,12936,3
2549,6305,3
10625,11407,2
8351,15394,2
15597,7680,3
13232,15597,2
1374,18056,3
18566,18574,2
18709,16253,4
3886,14367,2
5348,15731,3
1242,2345,5
13473,14961,2
4391,5090,3
13977,7064,6
21068,13498,2
8994,5831,5
18044,15949,3
533,4150,2
1439,11178,2
206,3442,3
1796,6070,4
5467,15214,2
12278,13536,3
19879,5015,3
21106,15477,6
17435,15248,4
2754,13798,3
1104,5655,2
21298,13417,4
16436,17244,3
18355,18674,2
2936,7914,9
11115,4959,3
3344,7680,3
17774,10452,3
4294,6580,3
11775,13653,4
11327,20705,2
3307,13232,2
18167,7049,2
8334,11069,2
17002,18490,3
17553,4084,2
12246,8037,3
10189,21336,2
10275,2857,2
3021,14004,3
16667,18395,4
16791,11912,3
12419,8178,3
8828,10442,3
9409,5322,4
16585,3978,3
8339,12567,5
9638,6644,5
18271,6503,6
606,13072,3
9242,13442,3
13442,8092,2
19168,14880,2
8494,884,2
2035,12202,2
4124,4266,2
20441,15236,2
18926,4562,3
9169,12665,4
5459,6595,5
1708,2489,3
8553,14040,5
18201,7178,3
8488,18588,2
21034,7230,2
65,12075,2
18492,15114,3
8957,17421,3
799,21014,2
12,4528,3
1843,14828,3
3021,7923,3
17490,19098,3
6737,15597,3
18910,12889,5
20305,6097,2
20498,6742,2
18096,5265,3
9031,9119,4
11023,12300,4
18493,4782,4
8462,14367,4
5942,7914,9
17046,15943,4
3171,4593,2
13397,14696,3
18096,13977,2
12502,14971,2
17002,1517,4
9031,15294,3
5033,5095,4
8480,10124,3
381,16863,4
1097,7203,2
17217,19460,3
17554,14153,3
444,20439,4
5265,7498,2
12162,5306,2
3029,3601,2
18172,5884,4
815,2869,3
8797,17509,2
21162,13558,2
9585,11370,3
20509,21271,2
18955,4943,3
16469,15584,2
33,8917,3
17689,19765,2
19340,13742,3
9667,10482,2
16630,13155,2
2920,7680,4
9585,10452,2
10177,2700,2
9157,10352,3
17607,3692,4
16479,7279,4
20771,14129,2
9169,6579,2
8372,1630,2
20589,13441,2
19190,14270,7
17707,8045,4
18972,20856,2
19050,5151,2
19982,21229,4
10831,13752,4
18574,3359,3
9537,12446,3
5503,15997,3
1971,10686,3
3385,7033,3
20844,14504,2
3414,14414,4
18135,13247,3
18365,11115,3
16771,18566,3
12909,7064,6
53,1708,2
16411,8558,4
12878,5854,2
10604,4782,3
20442,5377,2
9619,1768,3
4611,14855,2
12967,4913,3
9229,9846,3
2033,14678,5
10206,3232,6
2161,20991,2
10670,12909,7
16526,10206,6
33,855,3
17714,3422,4
1033,7028,2
15341,15579,3
19450,5954,3
18965,7052,2
9031,17388,4
18920,12502,3
10785,20293,2
19556,6321,4
10344,2312,2
11564,5294,3
789,11093,2
10704,5926,2
8694,10113,3
9570,21271,3
8683,14677,2
374,10670,7
5942,15597,7
19661,14135,3
11935,12042,3
16526,20001,6
12433,7438,2
9267,6595,5
20947,16180,2
4084,21235,3
20201,12975,2
10831,6810,2
2949,20781,2
19954,7402,2
17795,8074,2
18716,8034,3
3372,13546,2
12381,4385,3
10670,10673,5
20978,4682,5
568,1593,3
16911,10124,3
9031,4135,3
14410,7483,6
487,10536,3
9024,10678,2
5954,8050,3
162,16759,2
19982,3920,4
73,13417,2
5946,7871,2
12891,8143,3
9781,15367,2
8357,442,4
9945,3344,3
18306,3160,2
5265,6737,3
9447,5024,2
4267,21159,4
18621,12419,3
8462,5538,4
3575,7400,2
9437,5615,2
9781,7189,2
1744,5637,4
5015,7377,3
2976,8050,3
12202,5190,2
20194,12567,5
11006,3205,2
11674,5290,3
3605,4965,2
10416,20361,3
9790,4193,2
3092,8165,4
18996,6097,3
1994,10831,2
13572,15477,6
17307,15056,2
17152,14336,2
17543,13223,2
12433,13746,2
8215,20098,3
19190,6307,7
1718,20219,2
21161,21221,3
9447,12252,3
8553,12586,3
5098,15597,3
10452,7203,2
11242,12050,4
18969,20652,2
10912,13147,2
19297,20728,2
2033,10644,5
17607,10673,4
13247,15597,7
1825,4828,2
10452,14135,3
9437,21068,3
14122,14669,3
20578,6872,4
8452,6097,2
19306,7517,4
18254,2198,4
3129,8003,2
21235,14799,3
1176,7363,2
4789,6763,4
16804,18895,2
12310,4536,2
12502,7004,3
6910,15463,4
16628,11305,2
19381,7220,4
10624,11502,4
9825,16253,4
16703,12042,3
8796,16229,3
5294,14119,2
3978,4430,3
20378,13134,2
1491,7405,2
20504,5430,3
18233,3242,4
16526,17714,6
8990,17421,3
12407,15154,3
11775,13020,4
17294,12936,2
2198,4816,4
19419,3085,4
19421,3422,4
1258,7680,3
17173,7282,2
12853,4782,2
17042,10487,2
8675,20326,2
20229,7789,2
8539,816,2
3993,16120,2
5000,13858,4
10557,15597,2
2856,3052,2
2144,14900,3
9729,10384,2
16667,2398,4
409,7783,5
9080,6321,4
14367,16244,2
8325,13347,3
10502,7761,3
12163,14134,2
475,15144,2
10692,11503,2
645,17051,2
10001,7914,9
11262,19563,3
17714,19421,4
1796,15039,2
16485,12962,4
12295,5493,2
12996,13652,2
19609,12097,3
3304,21188,4
15290,15341,2
2614,12674,2
2069,11069,2
548,6962,2
3185,20237,3
11013,16012,2
9424,19534,4
17045,7033,3
18763,11240,2
12891,8178,4
8332,5971,2
2375,3414,4
728,15750,3
1147,16004,3
8545,5723,3
17632,19416,3
11692,5168,3
13966,7137,5
2943,11389,2
13249,13470,3
3272,15597,3
381,15949,4
7213,7678,3
17591,14367,3
18066,4266,2
1008,5790,2
17707,4789,5
17051,781,2
20183,12434,3
1120,19406,2
20378,7517,4
1933,20354,4
10805,6575,3
8303,2067,3
3708,5236,4
1311,14723,3
3750,4832,3
9768,10041,3
2236,5586,3
13884,14455,4
409,10001,8
20298,7081,2
14669,6697,2
17457,11893,2
2754,12300,3
9108,18521,2
8538,18076,2
10248,13869,2
19621,15188,2
20727,7910,2
13977,6307,6
20183,12891,3
8994,4682,5
13002,6271,2
1548,7574,2
12304,7007,2
17002,2137,4
7282,16173,3
10452,11988,3
11340,3675,2
9809,13316,3
256,9511,2
12920,15761,3
16512,4782,3
2033,7680,4
16729,13441,2
17148,6048,3
1933,13742,3
4751,5087,3
18096,3825,3
12962,14455,4
20611,4864,2
16667,18082,4
20461,4267,4
8491,14134,2
3708,14861,4
3238,12152,2
16411,14263,4
642,9146,5
20432,6887,4
19609,3670,3
3964,13232,2
11445,14669,3
2198,13257,3
18566,7480,5
2754,11013,3
3692,5421,4
2936,19450,9
8219,7512,2
10771,20844,2
17148,6525,3
562,13972,2
14202,15597,3
3431,4264,2
1657,14002,3
9638,7959,5
8905,11755,3
17665,5257,2
21162,13891,2
9084,10577,2
13738,14988,4
1452,7300,2
11502,16288,3
3217,4050,2
20502,12941,2
9291,11421,2
9644,9650,4
9595,6579,2
19123,7736,2
20563,5635,2
2549,15741,3
4079,4766,2
8994,20978,5
374,7064,6
16434,14535,2
8990,6901,3
2533,3085,4
8262,17869,2
9777,3269,2
9570,20237,2
19190,13977,6
17002,15375,4
8710,14134,2
20257,5403,2
17123,7279,3
18966,15645,4
8627,19365,2
19621,5215,2
13473,15302,2
11553,12391,5
256,6366,3
8545,11592,3
18799,4993,2
2255,4084,2
20326,14040,5
20326,5087,2
4314,16180,2
14004,7923,3
11444,5851,2
11307,15478,2
8215,7693,5
8698,12586,3
18044,7678,2
20439,6910,4
9392,9508,2
9170,11836,2
18249,7471,2
13837,15247,3
13837,13977,3
19699,4118,2
11255,15788,2
662,2074,2
20354,13414,4
8478,1782,3
773,6525,3
17067,13798,3
8395,284,2
2304,13571,2
15445,15507,3
7448,7691,4
16863,19787,4
653,14289,2
11148,12791,2
18044,11143,2
17627,20201,2
20013,14828,3
9024,14723,3
994,13536,3
19132,21271,3
9570,14137,3
5780,5955,2
1615,6121,3
9580,12467,3
18862,4468,3
8215,15673,2
422,20803,2
6835,15945,2
1796,12300,3
10685,4311,3
2823,3973,2
12941,14637,3
10205,11429,2
10224,14777,3
11833,20766,2
5602,6192,2
11141,5780,2
6510,16039,3
17707,13742,3
16411,673,4
17561,13714,2
6556,7266,2
5402,14620,5
1016,10188,3
17405,19451,4
12,6041,3
12962,13884,4
17002,3385,3
17405,20082,4
4343,15415,3
5504,7837,2
1950,2198,3
9243,18597,3
2345,6595,5
18044,11374,2
5097,7874,2
11470,4634,2
17966,14906,3
17405,18172,4
1065,9741,2
11990,20979,2
9960,14903,2
18904,20023,4
9146,7480,5
16411,11907,4
10001,12891,2
262,5615,3
17123,4835,3
4789,8045,4
9031,8037,3
9809,14992,2
16560,18597,2
4914,13790,4
441,7798,4
9638,10686,4
8354,14137,3
20771,15852,2
673,13790,4
20269,13859,3
17707,14841,5
8553,6097,5
12502,6163,3
10624,21188,4
18233,7299,4
6580,15375,3
722,15574,2
3442,12937,3
2268,3176,4
19450,13247,9
8627,8784,2
17687,12722,2
1950,2090,4
11825,11995,2
1428,2823,2
1366,5777,3
9169,16279,2
16820,1708,3
8545,1618,3
606,4604,3
20308,12920,3
4782,15628,3
10785,14137,3
8478,9961,2
4065,12721,2
8344,12345,2
9703,4430,2
19016,14992,3
19089,14764,3
9846,19561,3
5459,15597,4
9038,6901,3
8491,2050,3
14620,7018,5
19381,3580,2
9032,5063,5
8684,12165,3
3568,15119,2
773,6048,3
10041,7108,3
12165,5831,3
2848,6805,3
441,13316,2
10241,19879,3
