query time:0.0011500544
index creation time:0.0093343835
8328,6862,2
2191,7032,5
17351,18048,1
10329,3227,2
614,5664,2
2623,12572,2
3410,7244,1
2579,4496,3
4325,7610,4
17466,10297,3
17036,3677,2
8444,5038,3
8688,12875,2
21331,13935,2
21026,4796,1
4607,21196,4
728,15750,1
17347,15641,3
10935,8050,3
16878,18078,2
17405,13372,5
5183,14979,1
18852,14517,1
12345,7591,1
16646,15152,2
11650,21172,3
8594,12987,4
10048,10837,2
11463,7711,1
16740,5740,1
1955,12293,2
2660,5242,4
18021,20136,1
1695,10463,5
11501,5347,4
9693,7960,2
112,18478,4
2447,11979,1
8249,16913,1
1000,1321,3
10785,13548,2
9146,13011,5
17777,10089,2
17044,6750,1
11977,12498,3
9147,9157,4
1000,20162,3
8616,19824,4
460,970,4
9164,1695,5
8437,11204,2
2861,16028,6
3521,20423,2
8846,2220,4
17419,11740,1
16801,4583,2
5991,15693,2
3713,6546,1
18009,15268,2
9147,14137,4
14108,15890,2
919,3046,3
1575,3246,3
1735,15547,1
18206,20162,3
9886,4222,3
11501,15464,6
5184,7886,2
4157,14156,2
2292,5028,3
16920,15730,1
558,20729,3
9152,12862,4
3106,13977,5
16852,5403,3
4607,6121,4
196,8636,5
19681,4757,1
9267,12848,4
232,19703,1
3374,20076,1
19409,13361,1
20143,21241,3
9012,1260,3
10424,14179,3
10754,4607,4
21105,15023,1
10835,5548,2
9160,3816,5
19393,3319,2
10795,12293,2
13015,15302,3
18288,7290,3
11964,13991,3
20248,5426,2
20440,4661,1
18878,5023,2
1297,6011,2
861,12676,2
17629,19094,5
2015,15174,1
12816,7475,2
18057,3503,2
18612,7491,1
9267,20523,4
7004,7202,2
1746,6011,2
19454,11501,5
2030,15296,2
10678,5639,2
3414,5988,3
73,272,1
11068,4871,3
718,12728,1
2676,20135,3
8073,8112,5
20949,12808,3
1695,20825,5
17019,6286,3
12455,13194,2
4270,14624,3
16719,16893,4
2762,2823,3
4157,14216,2
2660,8131,4
18545,16171,5
19641,11611,4
17535,16063,3
18133,18693,2
1575,3259,3
6394,15689,2
11692,5108,4
8712,11028,2
933,18989,1
9282,20798,2
679,7806,1
9267,7610,4
18,20134,3
10051,19658,2
2360,20460,4
823,12455,2
16557,7953,3
10141,13433,4
10998,11011,5
8945,5347,4
13432,7861,4
9597,14757,5
10586,16337,3
16812,7842,4
9154,9160,5
17489,2861,6
9147,3246,4
3683,7660,2
2943,11389,2
11069,15280,2
20176,4209,2
2579,8112,5
9977,15344,2
18673,19069,1
1529,18306,2
16738,17812,1
16797,12808,3
462,5455,5
10463,3124,5
11977,7454,3
17977,15448,2
1760,19280,5
774,5785,2
189,11401,2
16887,2340,4
16948,4560,2
479,4353,1
9101,12705,3
18200,3538,2
8636,17876,5
983,19427,2
3518,4655,3
17876,7211,5
918,4496,3
2629,14702,3
5268,7842,4
9761,17968,3
2932,4567,3
20523,6620,4
8869,13835,5
21216,7032,5
18263,13136,1
18751,14216,2
17010,9521,1
1907,4794,1
112,14424,4
7004,15593,2
9012,12057,3
18422,3521,2
8419,10455,6
20146,13408,1
8480,10510,3
3892,15307,2
8327,10239,1
1507,20585,3
16812,7798,4
8520,15395,1
8972,7262,3
2512,11725,5
5447,5455,5
8545,21112,2
11477,3931,2
17460,17759,2
4784,13315,1
16719,3284,4
16433,9502,1
292,6054,1
3503,8113,2
17629,20707,5
16646,21248,2
18298,20135,3
518,9480,2
11048,11711,5
9152,5974,4
125,5347,4
19772,11636,5
18933,15673,2
1282,5855,2
12233,7588,2
8213,12745,1
17405,13008,5
194,8945,4
10442,10896,2
2149,10890,1
9445,12272,3
20416,16218,1
8694,15577,4
11069,7671,2
513,10708,5
17527,5726,2
107,112,4
17405,19451,5
9928,5548,2
10921,15871,2
10421,19726,3
11501,4458,4
5954,15015,3
196,12500,5
9160,10463,5
17327,20758,2
1640,7263,2
17167,11302,3
17019,19493,3
16515,14948,2
20876,6759,4
8869,21183,5
3738,15716,3
472,1071,3
17520,2873,2
17424,18199,2
18689,13548,2
10861,15694,3
5605,8002,2
4607,16063,4
14213,6763,6
5648,14741,1
19118,14151,2
9081,10467,1
5034,14113,1
8616,6183,4
8922,18667,1
12795,15388,1
14862,15655,5
6644,7180,4
20707,13042,5
2068,2653,3
18672,11739,4
9979,13015,3
8618,9120,1
17024,21129,2
11148,16323,2
20601,14179,3
3562,20116,1
17527,2512,5
10785,7032,5
9527,16337,3
11324,12579,2
1125,21153,2
2823,19641,4
2924,15220,2
3856,16120,3
196,16306,5
3928,5043,2
11011,14862,5
67,15302,3
3977,5242,4
9836,19829,2
9902,20599,2
11890,12580,2
2823,14370,3
12713,4607,4
3106,15205,5
20601,7135,3
20116,14223,1
12795,6459,1
2653,4607,4
11096,5008,2
9308,1300,1
17167,2653,3
17405,14137,5
17619,4325,4
12295,5493,3
16414,3076,2
18928,11302,3
9836,18559,2
17234,10199,2
2616,2653,3
11193,14367,2
11073,4583,2
11150,13959,2
2623,2663,2
1944,2959,1
59,18802,2
1575,5581,3
8595,20731,1
510,15897,1
3474,15622,1
10287,10657,3
17831,12321,3
20098,13211,3
8515,638,2
10671,15958,2
3538,3542,2
16782,7004,2
17227,19299,1
4332,5988,3
10586,11096,2
11501,7207,4
11636,3651,5
481,1638,3
9000,1463,2
11408,12143,1
16557,9540,3
3157,11611,4
19515,13621,2
5371,13922,2
18074,7475,3
10708,19445,5
15527,16063,3
17535,11197,3
5166,13959,2
1697,10652,3
3082,3820,2
9259,3928,2
16531,20957,1
10835,5038,3
2458,4188,1
13419,8112,5
7593,16353,1
18880,12553,3
17010,4631,1
9126,7553,1
20926,21153,2
3538,7702,2
16497,21112,2
10162,15106,3
11423,6054,1
20798,5845,2
4791,16347,3
17670,16337,3
9146,18046,5
8562,14409,2
17405,13433,5
9011,3255,3
608,2069,2
112,8123,4
3856,5983,3
431,18459,2
1314,1389,3
8987,9580,2
15141,7584,1
18609,7160,1
9540,7953,2
17934,5242,4
2863,4899,2
17440,2517,3
16987,7290,3
4332,16330,2
9761,13756,3
196,13432,5
16887,11725,4
671,17465,3
11445,12705,3
213,11248,1
112,11725,4
2360,6581,4
1289,15829,1
12240,4784,1
9387,10671,2
1760,2448,3
19358,7085,4
995,2603,1
19658,5638,2
18933,16154,2
19840,6708,3
9152,2340,4
2932,19550,3
11011,15110,5
17876,3106,5
3259,12918,3
3538,6910,2
9146,13012,5
17019,3267,3
21172,13443,3
1061,13781,3
2375,19301,3
10173,20358,3
2405,7555,2
5397,14567,1
17841,14567,1
18440,4013,2
19684,7049,1
16999,7874,2
20833,7861,4
8379,2861,6
14761,14770,3
19445,8112,5
8253,17831,3
21294,6224,1
8534,9883,1
12001,5493,3
18306,5644,2
9152,13050,4
1892,18412,5
12057,13899,3
13050,16259,2
18262,1955,2
20200,14641,1
18928,4496,3
919,7968,3
12024,15404,2
9146,9147,5
18504,10857,1
20663,13482,1
17461,13076,1
841,12020,2
4087,7925,1
718,10772,2
1172,13015,3
8959,14987,2
17876,13612,5
11226,19499,1
21172,13407,3
20135,21150,3
513,17890,5
19589,6692,4
2881,5748,2
2923,11235,1
18740,6549,3
21129,14833,2
767,4607,4
1596,19235,1
18058,11955,5
19450,7914,5
10403,11053,3
8419,7768,3
919,15751,3
4128,5675,5
20663,15549,1
167,3699,2
18545,20707,5
861,16209,2
20176,7625,3
16785,2360,4
14948,15344,2
18497,4607,4
8212,12816,2
12641,7862,1
1209,13745,1
10455,7768,6
14124,14624,3
3885,15080,3
9510,17759,2
10535,4503,1
18395,20176,2
16935,12098,3
1610,21212,2
8215,15673,2
7083,7926,1
85,20076,1
8279,1321,3
3106,5756,5
10463,7484,5
9147,6183,4
20032,14187,3
11209,6631,1
8570,11011,5
8452,3959,3
20197,7324,1
16414,4291,2
9016,18927,1
17051,17053,2
17465,7317,2
9632,10577,1
8279,13014,3
18367,13407,3
16557,8112,5
16993,10408,3
9761,7259,3
196,19439,5
8444,10835,3
1895,11089,2
19641,15980,4
9592,16153,3
2769,20523,4
8651,9497,3
9160,11650,5
2823,6549,3
19385,7062,4
480,11945,2
17840,10837,2
255,16646,2
10257,3526,1
194,11501,4
19280,8112,5
8869,11780,5
11520,5301,1
19749,5184,2
10800,14391,3
18298,20589,3
9188,11955,5
20798,13253,2
4567,15414,2
1364,20162,3
19749,7886,2
2007,11317,2
21302,5249,1
9261,6615,3
9810,6251,1
3351,20757,2
460,2340,4
7160,7688,1
9188,13265,5
18988,3902,2
8266,5233,1
612,14402,1
20134,7749,3
18789,20326,5
2006,2697,2
19301,3414,3
19480,3651,5
1686,4357,3
1061,19530,3
10944,14066,3
10678,7515,2
461,4987,2
16951,3642,1
12511,8131,4
13322,13839,1
11587,16370,1
8379,21046,4
20314,4583,2
20592,7176,6
5551,15972,1
18200,14476,2
14518,7574,2
12993,6771,2
16911,10124,3
9146,9157,5
17583,21120,2
13014,7205,2
17603,10667,3
4607,21120,4
11448,4164,2
16812,7903,4
18298,2984,3
4017,6247,3
20599,20949,3
1124,14970,1
5835,7581,1
9121,16125,2
1615,19688,2
974,7034,2
20348,12298,2
2769,15037,4
2983,20326,3
12207,7176,6
17415,1107,2
12498,7454,3
20297,21006,3
12360,14686,1
7610,7831,4
12144,21040,1
4962,7587,3
11203,15608,1
9230,2932,3
293,2360,4
2405,7262,3
4275,6249,2
738,6292,2
12891,13586,3
3307,5242,4
13977,14469,4
2753,14312,2
19539,20691,1
8998,5894,1
16785,6620,4
431,10702,2
10624,19688,2
618,2459,1
3491,4726,1
10302,10371,3
4222,16122,3
8636,13612,4
16890,2340,4
9160,4001,5
392,17051,2
17890,21205,2
17920,18610,3
18459,14156,2
16493,13496,2
17220,6404,2
1895,16242,2
8616,10463,5
18633,12455,2
16157,16230,5
10455,14213,6
15464,8045,6
918,13189,3
10131,10296,3
8279,4607,4
266,10516,1
19385,11725,4
292,1132,2
756,10719,1
9274,11069,2
9152,4138,4
18416,8112,5
214,21078,2
4899,14598,2
16797,12793,3
17364,9387,2
14702,7322,3
9188,9189,5
17405,1695,5
1061,18789,5
10371,13738,3
9152,19661,4
4705,7197,2
1841,15796,1
13106,16311,1
9321,6041,2
10463,19451,5
19083,15577,4
4607,4791,4
9977,2999,3
3230,3448,2
13437,16314,3
3038,4128,5
2861,21046,6
19480,11636,5
10406,5748,2
11823,4607,4
9056,16205,3
2943,13712,2
16827,2653,3
11636,14312,5
196,15577,5
16719,7595,4
18244,14370,3
1189,15302,3
10652,19868,3
573,14886,2
19439,12891,3
9146,10885,5
1051,19516,2
16523,6692,4
3870,14517,1
17975,13551,1
9189,4550,5
12978,15478,2
5023,15673,2
112,5022,4
18298,13277,3
4607,8051,4
11636,12202,5
20599,20789,2
16887,8123,4
16802,12176,2
5395,14699,1
8657,1736,1
20098,5295,3
6041,8012,2
9157,10510,4
3474,4003,1
2292,6121,3
9809,14047,2
8279,20288,3
10302,11497,3
757,19321,2
8872,17619,4
18741,19118,2
18268,4607,4
12207,15464,6
196,13626,5
196,13008,5
20134,21172,3
18014,13480,2
1760,8050,3
13621,13734,2
1513,11017,1
9160,17405,5
16974,15512,2
20601,6615,3
2813,5218,3
20374,12258,2
19493,3738,3
19393,11589,2
8461,462,5
2697,5215,2
10384,15111,2
8498,17347,3
1694,14910,2
10036,13758,2
12,8012,2
1314,7708,3
2714,6462,4
1125,6457,3
11325,5664,2
20874,16343,1
10463,20082,5
12553,13134,3
17537,19280,5
2190,10652,3
16388,16555,2
8444,6644,4
1314,19022,3
9107,16153,3
5028,14018,3
2769,7831,4
16772,10130,3
9230,20876,4
17917,18261,3
8285,20403,2
8461,5675,5
19677,3320,2
8959,7789,2
17603,4895,3
13230,5370,1
460,10384,4
10229,5991,2
481,20266,3
10130,11711,5
10639,7439,1
9152,9154,4
20358,5794,3
3515,3982,2
10229,16063,3
3106,15373,5
21183,13044,4
3561,12187,3
10835,12173,2
4013,7283,2
12920,15668,1
112,3106,5
10025,13496,2
4301,5426,2
16809,12042,3
9188,18058,5
11500,20166,1
19439,13586,3
20949,21162,3
2663,2730,2
8705,7910,1
11177,12061,1
17720,20034,2
14723,8012,2
20601,16171,5
3385,4776,1
2823,5242,4
18226,15673,2
10036,20707,5
17670,10586,2
18057,12963,2
10894,20297,3
8798,3863,1
5016,8050,3
20621,8160,1
8464,6856,2
9597,9703,5
16733,15953,1
18074,6425,3
4237,6390,1
9056,19687,3
2861,11501,6
5364,15694,3
18652,3192,2
3246,15268,3
12980,13660,3
2190,4230,3
12698,6076,1
20085,12580,2
10302,13578,3
18021,2454,1
13372,13604,4
16887,10890,4
15268,15307,2
1819,20523,4
3316,4425,1
8724,18524,1
16705,16812,4
12848,6595,3
11400,4767,2
18280,14567,3
12464,5113,3
8461,12921,5
21162,14624,3
1463,1610,2
881,5028,3
1632,2840,3
18200,21071,2
994,10849,4
460,11739,4
5570,7937,2
480,5764,2
3124,21162,3
9597,15011,5
13614,7180,2
513,17347,5
2489,12234,1
2866,3457,2
17457,13583,3
3038,13337,5
1091,17890,2
18803,16169,1
11854,6011,2
10088,3902,2
381,20729,3
970,19265,2
19844,14856,3
1638,20266,3
13008,6457,4
18058,6178,5
2194,7437,1
17263,21196,3
1061,2983,3
1438,12464,2
6038,7570,2
4177,4981,1
9580,18377,2
1289,11320,1
2512,20825,5
1013,19480,5
112,16890,4
518,15307,2
19231,5242,4
10036,18572,2
20825,13433,4
107,14424,4
16497,18440,2
1289,3711,1
9387,8036,2
10302,6763,6
18074,15213,3
20136,14629,1
10455,7176,6
8586,3526,1
17881,14936,1
5646,16146,1
1091,15158,2
462,4128,5
3504,20592,4
17428,1845,2
21046,8045,6
12621,12705,3
21162,5242,4
8708,3246,3
14950,16369,1
17227,1794,1
1780,10408,3
4452,5010,1
10199,19365,2
16497,15779,2
767,4791,3
2512,14299,5
1695,11739,5
5028,14066,3
392,17053,2
18478,14424,4
17123,1697,3
8285,7475,2
481,8812,3
19887,6692,4
16999,3544,2
2938,5238,1
10249,5974,2
13578,15308,2
7032,16171,5
4001,21213,3
10360,19863,1
11725,8123,4
9259,5043,2
15226,7924,2
20592,15547,4
10050,1970,1
17425,19307,1
3414,20813,3
17328,20798,2
4449,5317,4
17405,21183,5
5364,15080,3
9410,19556,1
18652,6757,2
16797,10566,3
8438,21078,2
11069,16337,3
3348,6121,3
8279,21162,3
4283,5615,3
893,7197,2
9387,15154,3
8236,13407,3
17876,15802,5
9012,19454,5
8480,16911,3
20374,5002,2
9836,14052,2
19280,15641,5
1549,8057,2
10141,6644,4
17457,5983,3
10652,5062,3
576,11193,2
2596,12360,1
2984,5864,3
19550,20876,4
16801,16935,2
9752,12920,1
16388,12993,2
12042,14431,3
20523,7032,5
20043,4803,2
9203,8160,1
112,7874,4
18165,18166,1
17391,12883,1
10153,12169,3
6121,7259,3
16802,17259,2
20288,6583,3
16887,7861,4
17831,10697,3
2345,12848,3
18634,6692,4
9157,13011,4
8215,20523,4
5249,6219,1
12824,13050,2
194,7207,4
8846,2636,4
16948,5043,2
3650,13207,1
9884,6998,1
3931,20592,4
13050,8112,5
8493,17227,1
2643,7635,2
12107,14066,3
19641,15692,4
16976,8983,2
20657,21150,3
18440,21112,2
321,10117,2
8514,20034,2
4830,16071,1
17917,7061,3
460,5038,4
1615,6121,3
10117,10257,1
9242,13044,3
2243,4544,1
3320,6662,2
16451,17220,2
5303,14367,2
5242,6549,4
10130,20326,3
5812,7515,1
16797,20949,3
939,20374,2
17535,7793,3
8449,10891,1
492,15641,4
12816,14313,2
10772,20138,2
8206,11913,1
8419,16337,3
5028,7259,3
979,3808,1
196,13586,5
698,9012,3
9189,13265,5
18306,6548,2
20374,5802,2
13423,15897,1
16925,7530,2
9511,7570,2
15268,15414,2
16948,9152,4
11374,5427,2
20134,20143,3
9146,11955,5
17440,5702,3
10153,7064,3
16802,19237,2
9012,19765,3
12179,15456,1
11725,7381,4
16801,17221,2
56,5242,4
17661,5427,2
2769,2774,4
18298,21149,3
9583,19321,2
21046,7176,6
17796,10107,3
20338,13781,1
17460,3521,2
10709,12963,2
13510,7176,6
196,16726,5
11928,20994,2
4309,8073,2
12187,5113,3
10131,7893,2
9164,5605,3
620,5242,4
1458,20338,1
112,7629,4
2753,6008,1
2405,21149,2
11028,21216,2
848,2345,3
13034,13604,2
17263,19069,3
17055,18395,2
18610,12980,3
19195,15823,1
19989,12825,1
8922,9387,2
17293,7574,2
2333,10774,1
8340,3747,2
16911,9157,4
9580,10884,2
19280,16016,5
11486,20098,3
11780,6188,5
492,3038,5
3516,15939,1
20949,12793,3
21162,7760,3
1103,2155,1
8502,2093,1
19440,4705,1
14367,16244,2
2360,6620,4
2813,5242,4
17394,19094,5
19102,20729,3
16485,15027,1
11725,14424,4
12990,15404,2
19923,12852,2
9152,4325,4
513,15641,5
17876,2191,5
1527,20915,1
1714,7064,3
17167,13618,2
2364,4550,5
18138,7440,2
10892,15307,2
7317,7529,2
18074,7769,3
2239,14856,3
12843,5403,2
19454,7211,5
18268,12705,3
16540,16852,3
18030,12604,2
13437,13626,3
16993,3063,3
8379,7176,6
8929,3267,2
4956,14864,1
10291,11069,2
1955,10795,2
4221,5615,3
10162,20032,3
13977,7211,5
5991,6159,3
9160,18015,5
10772,13532,2
17457,5295,3
17496,10546,2
11664,3677,2
9741,16077,2
11098,4488,4
17534,13352,1
2360,6595,4
13337,15802,5
17629,16171,5
20523,7610,4
381,19102,3
10039,4327,1
11725,7861,4
4607,13407,4
8919,20182,2
18819,5102,5
11053,5028,3
8339,13008,4
10624,5675,5
513,14268,5
11098,13008,4
1071,13189,3
17405,18151,5
18067,11165,2
20484,4550,5
8690,20621,2
9146,7085,5
18559,19829,2
19268,11823,3
11628,14816,1
3300,11890,2
20358,15641,3
8727,4654,2
8328,15539,2
10545,11626,1
5455,5675,5
513,19445,5
327,15110,5
20815,14082,3
16458,15980,2
2517,19641,4
18039,11645,1
13337,13977,5
20358,15913,3
11611,5242,4
8480,10124,3
17890,2703,2
19454,3106,5
14066,7109,3
860,10709,1
3233,11553,3
10861,12629,3
2139,4607,4
1043,19043,2
19254,11400,2
4392,15558,1
9592,9886,3
8279,1071,3
7176,8045,6
112,12169,4
16414,8690,2
10088,18988,2
9445,3183,3
1474,2629,3
8570,15655,5
10107,19083,3
492,11666,4
18545,19094,5
21213,14066,3
2910,3371,1
9188,4550,5
19586,19872,2
3457,20460,4
2760,3082,2
20534,6081,1
18819,3651,5
20523,20601,4
18416,12921,3
460,4325,4
1132,5215,2
4275,7131,2
9449,13621,2
9010,17946,1
5699,15308,1
17759,7507,2
19280,19445,5
12001,12295,3
9635,19358,1
9351,12785,4
12098,5730,3
16523,19887,4
1441,1876,3
8461,18416,5
9012,4488,4
1951,3227,2
671,18261,3
16573,15352,1
10463,12739,5
9480,12132,2
20757,21172,3
17015,13290,2
11725,7062,4
18412,14757,5
994,4748,4
4607,5239,4
15194,15895,3
11185,7454,3
16816,13614,1
462,3038,5
1712,3713,1
11465,15302,3
21185,15729,2
321,21137,2
11799,6968,3
3986,21162,3
13375,8036,1
17015,15378,2
21216,14047,2
17440,9497,3
6129,8119,2
1558,4718,1
5204,16122,3
9977,6513,2
16922,1373,2
724,20103,1
8748,6955,1
17405,3106,5
2307,6062,1
9157,19748,4
17890,2571,2
6455,14825,3
17221,3259,3
18014,19633,2
10296,15577,4
9160,10455,6
19454,13337,5
14367,15043,2
1389,19022,3
18206,11776,3
8690,5664,2
8727,17831,3
17254,17831,3
17466,11068,3
13359,7610,4
11617,3946,2
16812,4348,4
9809,9988,2
833,8112,5
9914,13623,2
1594,4607,4
9507,20002,1
16388,13290,2
3259,14656,3
13626,13847,2
10455,16337,6
2943,7927,2
5031,6910,2
19658,15508,2
8253,10697,3
100,15770,2
9934,18440,2
9459,7630,3
9146,18545,5
8872,9152,4
2936,19450,5
3038,7211,5
703,6644,4
112,13432,4
4348,14991,4
3631,15106,3
8215,12993,2
12024,12990,2
20143,21052,3
16987,18288,3
125,8945,4
5357,14424,4
19703,13220,1
18919,6595,3
196,17405,5
9146,16171,5
5642,14624,3
6615,16171,5
16540,2113,2
8452,2999,3
11761,6990,1
684,1371,4
17917,10306,3
1559,16063,3
404,21006,2
9753,2861,6
651,19085,1
8869,1695,5
11739,21183,4
19021,20798,2
6503,7290,3
525,11269,1
12162,15003,1
891,12565,2
20758,21153,2
17876,13977,5
187,392,2
16555,6595,3
12701,14996,1
13604,13756,2
11964,7262,3
460,7903,4
11955,12910,5
8945,7207,4
4275,7081,2
13580,8187,1
2719,20348,2
19848,15689,2
2512,20082,5
11955,15154,5
9600,8186,2
861,14624,3
17221,6061,2
18675,4309,2
12103,5772,1
8594,15559,4
1000,7064,3
10430,10667,3
13050,15772,2
1132,3918,2
1695,13755,5
17123,4230,3
8498,15641,3
9703,1892,5
10729,20143,3
20592,7660,4
18743,14188,2
15692,15980,3
17040,12797,3
196,7914,5
17623,16255,2
5317,7595,4
2512,13337,5
8212,323,2
11937,12169,3
2247,2769,4
8727,9257,2
1501,13738,3
1013,18311,5
17757,5945,2
10792,19247,2
8423,17466,3
3795,5060,1
10463,20304,5
17934,3977,3
1632,11711,5
9071,12187,3
4449,7595,4
9160,2929,5
10153,7629,3
10569,14706,2
1695,7484,5
8445,13322,1
1640,15141,2
18894,14656,1
10992,3757,3
20135,15188,3
10678,2719,2
1224,19235,1
3757,13277,3
16555,13438,2
18826,12621,3
16827,2068,2
2265,4348,4
5524,15512,2
2175,15969,1
7032,7211,5
17926,11937,3
5991,15188,2
15154,7454,3
983,10124,3
8558,4873,1
5988,14825,3
2533,20135,3
10709,20872,1
10302,4749,3
2653,5983,3
20385,20523,4
9059,9083,1
1282,21153,2
435,4705,1
10678,21112,2
16414,15830,2
16523,19589,4
11480,5023,2
2340,11725,4
9497,5702,3
2600,3351,2
14537,7106,1
2932,15414,3
20585,20657,3
14659,16343,1
9152,9160,5
8688,1978,2
4871,16205,3
17908,6476,2
13433,14137,4
2509,4803,2
10371,11553,3
21112,5067,2
15080,15694,3
16782,15593,2
18074,20558,3
17440,10384,3
18074,6750,3
11711,16157,5
5042,15079,1
14599,15638,2
6159,16063,3
2861,20590,6
12705,16278,3
20162,6457,3
6121,7146,3
18298,10671,3
8767,10379,1
1420,3928,2
11302,13134,3
17757,20605,2
3757,20949,3
10669,11233,1
8461,17405,5
18711,16162,2
17024,14833,2
7078,16026,2
20787,7205,2
16628,8043,1
18410,14108,2
1879,15557,2
12565,8010,2
6850,6986,1
10837,6759,3
2719,15076,2
4217,6708,3
17876,7032,5
19216,15665,1
20085,12579,2
8558,5687,1
13437,5605,3
2623,4448,2
12044,20601,3
3106,7211,5
3106,16230,5
15029,15205,3
18067,5339,2
19263,4494,2
16807,14655,2
8480,1219,3
18067,4895,3
9914,14137,4
5180,7713,1
513,8972,5
1640,9861,2
16557,19454,5
19923,20949,3
1525,18074,3
16680,18412,5
10849,19641,4
18327,13621,2
17019,7792,3
2980,4607,4
3932,6944,2
9164,13437,3
17405,20825,5
5242,8014,4
461,10463,5
970,10143,2
4848,14704,1
2292,2301,3
9761,6862,3
3307,6221,3
16993,13608,3
1169,13960,1
18105,6577,1
8498,17320,3
10887,12798,1
994,19374,4
5006,6106,3
9934,4013,2
10849,4748,4
80,17271,1
19039,7960,2
9152,17619,4
19363,13478,3
19280,11415,5
14052,15302,3
12795,6595,3
2030,7294,2
5615,7919,3
16671,14829,1
5108,8014,4
2265,7032,5
381,901,3
9282,14176,2
8594,10678,4
17531,13314,1
404,7958,2
9189,18058,5
1596,3298,1
513,7262,5
18416,6247,3
18298,20134,3
5860,14702,3
8869,9160,5
2143,10989,1
9110,7932,1
10215,3062,1
11799,8092,3
8590,5447,2
2375,20813,3
109,8669,2
187,19790,1
8423,18383,3
9157,19083,4
1640,4275,2
460,1582,4
3621,20116,1
1978,12244,2
19811,3457,2
11611,8014,4
8782,19109,1
17883,5479,1
17405,13835,5
8745,13018,2
8461,4128,5
19185,13220,1
3319,14117,2
9761,15249,3
12292,14367,2
10141,7085,4
4494,7720,2
3106,11711,5
2936,13501,5
2340,4325,4
18360,20564,2
7078,15638,2
13432,8123,4
8594,2220,4
8324,13413,2
20949,12852,3
9921,5615,3
19937,15011,5
1016,12785,1
16807,5031,2
8584,16976,2
17230,12367,1
7146,15592,2
17220,4607,4
11165,5067,2
10565,5426,2
18809,14882,1
20612,12785,1
17025,5242,4
2861,7176,6
12485,15029,3
1472,5426,2
9154,3106,5
12198,14855,1
20269,5239,4
12295,7103,3
9761,7146,3
18138,4701,2
17135,7873,2
1289,12234,1
17415,4342,2
1632,6549,3
12243,15154,3
232,1091,2
1610,7881,2
11240,7934,2
12299,15024,2
833,16287,5
18133,19247,2
17277,20297,3
19363,19726,3
20798,6743,2
7032,7610,5
17220,7705,2
1013,3651,5
9886,16153,3
18639,6684,1
15110,15655,5
13501,7914,5
3856,6107,5
7211,15802,5
10302,7290,3
13638,15414,2
10669,6749,1
21134,6560,2
9745,2007,2
513,1991,5
19641,14370,4
11739,13008,4
10708,19280,5
10514,12745,1
17492,13266,2
3928,14650,2
10876,13869,1
16726,13501,5
14624,6551,3
9597,18412,5
10958,19765,3
18112,12824,1
10106,7876,1
11400,6219,2
11928,3902,2
16414,15743,2
21112,14723,2
18497,5239,4
16878,3471,2
18634,19887,4
9979,15302,3
3230,7574,2
17405,15577,5
10861,15080,3
11780,20082,5
2402,14598,2
12485,15577,4
15660,16126,1
11167,5242,4
10792,21185,2
763,7150,1
9380,9459,3
576,14367,2
12098,7598,3
4357,7738,3
21275,15072,2
20137,20589,2
8594,2636,4
513,19280,5
16755,17628,2
1371,5108,4
12705,6275,3
9761,2113,3
1233,12455,2
18304,7211,5
10371,4749,3
5512,14796,1
20444,14469,1
11977,15154,3
8919,10074,2
9930,2317,2
10896,14083,2
16467,1951,2
17104,21072,2
1536,7248,1
1371,11611,4
19418,13851,1
16557,10074,3
16631,513,5
8929,21216,2
20605,5945,2
13977,14270,4
17146,14293,1
17583,12102,2
10302,6503,3
19231,12511,4
17457,5615,3
1051,21077,2
8945,11501,4
1107,15491,2
13496,6776,2
9155,7941,1
8534,2602,1
9264,9495,2
2317,7197,2
20758,20926,2
10016,19021,2
518,5043,2
9745,19937,4
11302,4496,3
9718,4447,1
1507,14370,3
2873,14488,2
11480,15673,2
8576,5609,1
14424,7062,4
1219,10124,3
1051,1344,2
16540,9761,3
3233,13738,3
18330,2345,3
10671,20134,3
9267,2769,4
9146,9152,5
703,12217,2
9886,16122,3
20235,13727,1
9929,7674,1
18497,20269,4
10754,21162,3
492,13337,5
20167,16337,3
17443,5664,2
11148,3272,2
17603,11415,3
10885,6644,4
608,11069,2
327,15655,5
9365,5005,1
11641,6206,1
12594,5001,2
2616,15692,3
2660,12511,4
11937,12521,3
1768,21162,3
11651,3775,1
6483,16078,1
5874,7032,5
9415,4723,1
8558,14263,1
8235,1016,1
15760,8010,2
1013,18819,5
17166,12133,1
1344,19516,2
11028,7032,5
10678,5067,2
17588,7211,5
16493,6776,2
16878,2223,2
660,6191,2
4488,7032,5
127,15307,2
2711,21120,2
8452,20162,3
16925,19247,2
10992,13277,3
18002,9832,1
2069,11069,2
20949,13407,3
9822,14370,3
1000,18844,3
8459,2324,3
3782,6038,2
12020,4560,2
9152,9445,4
8310,5113,3
5470,14825,3
13008,14507,4
2980,4791,3
16557,9459,3
14908,15674,2
16719,4497,4
16812,17405,5
15479,7588,2
316,15226,2
9977,7625,3
8423,2145,3
16911,1219,3
17876,3038,5
14213,15464,6
293,18919,2
1289,6780,1
9459,10708,5
1819,12142,2
17876,13432,5
8379,20592,4
8758,16312,1
14026,7893,1
16755,10652,3
10455,6763,6
9836,11332,2
18418,4396,3
13510,15464,6
3157,6462,4
9963,5233,1
558,19102,3
21162,5706,3
15256,7635,2
17036,4368,1
10678,15559,2
18802,6581,2
11636,11880,5
5242,15692,4
11662,12705,3
5748,16157,5
10756,21149,2
8419,10443,3
10541,4324,1
8340,20423,2
1190,20477,1
17628,2830,2
18189,5615,3
1795,7248,1
460,17619,4
19687,4871,3
11711,5656,5
8779,17239,1
19493,6551,3
11968,21122,2
1657,20032,3
16925,21185,2
9230,10569,3
10131,15577,4
73,3699,2
16993,1689,3
16757,20338,1
10134,5499,1
3106,11725,5
5333,16120,3
10455,2861,6
6583,15247,3
8791,10785,2
2447,12202,2
10700,6286,3
11867,7588,2
8340,3230,2
16809,11935,3
18058,13265,5
2360,18802,4
21162,5659,3
20026,4899,2
17648,7939,1
10036,18432,2
19247,7530,2
9267,6595,4
8339,14507,3
10297,20297,3
9822,20585,3
5043,14650,2
11503,12103,1
18923,13272,1
3538,12346,2
7176,15464,6
460,18672,4
1695,19454,5
8461,11069,5
109,5001,2
13054,5532,1
20326,6439,3
769,21358,2
647,12944,2
17466,2145,3
4085,15249,3
6286,15716,3
18844,4741,3
2554,14624,3
20135,20657,3
20082,7484,5
3046,20559,3
8987,7569,2
4217,14991,4
9280,9761,3
3124,14770,3
5108,6462,4
17263,12069,3
4560,6620,4
3284,5317,4
11119,3816,1
13018,7639,2
10785,15022,2
1373,2600,2
10235,16063,3
17619,7610,4
69,11437,1
381,10463,5
10117,12828,1
2220,20876,4
16809,14431,3
4458,5347,4
16790,19445,5
8594,8846,4
4157,4167,2
12976,8073,2
18527,11727,1
1314,19418,3
10011,20476,2
833,20744,5
10,2041,1
8243,18088,1
1314,5403,3
16445,6459,1
9963,14264,1
17907,11240,2
10168,8112,5
9803,12797,3
316,7924,2
17750,1443,1
5470,6455,3
17466,20297,3
2861,20592,6
10229,14188,2
3342,13123,1
18511,14832,1
6107,16157,5
12350,4270,3
16646,9600,2
18751,3284,4
6247,8112,5
9597,5319,5
10574,14195,1
492,16337,4
13437,8112,5
112,16887,4
10463,19454,5
5242,14624,4
12665,16287,2
9160,1610,5
10173,15641,3
9597,19937,5
2623,2730,2
19687,16205,3
139,10942,1
2861,13510,6
2402,20021,2
8745,7639,2
757,9583,2
2695,3243,2
19332,6011,2
10586,15794,2
17457,11486,3
2822,11098,3
9152,5043,4
8452,6457,3
13105,14963,1
16802,9610,2
684,11611,4
270,12209,1
3680,4871,3
17038,3412,3
1305,15829,1
1061,6121,3
21153,13371,2
18244,2823,3
3518,20326,3
9128,21343,2
18298,21052,3
20304,12739,2
18689,10785,2
10296,12485,3
16388,6771,2
19694,14018,2
5215,7010,2
2247,2774,4
1391,17831,3
19589,19887,4
17911,11548,2
8499,13997,1
919,11951,3
3862,6191,2
13290,15378,2
8379,9160,5
10442,14083,2
2554,5642,2
1328,4197,1
18461,21333,1
1635,12540,1
20704,8092,3
2194,4296,1
15638,16026,2
12945,16343,1
20592,21046,4
216,12258,2
8459,12705,3
5642,14318,2
21162,7032,5
13679,7565,1
19247,20949,3
21112,6490,2
18816,2710,1
19028,4042,1
11553,13738,3
18505,19824,2
19280,7619,5
11650,20358,3
17263,17759,3
18947,21169,1
18298,20949,3
15043,16244,2
8570,14862,5
8680,21255,1
17123,2769,4
12243,7064,3
2616,5242,4
2375,3414,3
17040,14598,2
11193,11302,3
9071,3561,3
11497,6503,3
8604,18418,3
17831,10645,3
4240,7863,1
8340,3448,2
10107,3183,3
10455,5430,6
5317,13729,4
12001,7103,3
3038,5455,5
18196,6151,2
5022,14424,4
8914,12652,1
667,3243,2
1506,12179,1
2861,11879,6
19451,20082,5
17920,12980,3
5348,15322,2
10019,20744,2
11725,5357,4
12217,14886,2
3902,20994,2
9914,12665,2
7798,7903,2
20269,4607,4
10186,14567,1
17405,11739,5
18689,12299,2
10667,11415,3
2265,7694,4
17405,7690,5
809,9911,1
3246,3255,3
9160,3106,5
15692,15893,3
12798,15995,1
17944,6106,3
9836,10131,2
10546,13977,4
20523,7135,4
10421,13478,3
11951,20559,3
112,8735,4
3293,3569,2
3533,7901,2
17135,1640,2
786,15600,2
9157,21210,4
18330,14243,1
4029,5426,2
769,3631,3
6979,7290,3
15464,16028,6
17699,16323,2
18200,13774,2
11389,7902,2
11650,5687,3
20523,6615,4
460,19265,4
12146,16120,3
11711,16230,5
13977,7064,4
19094,16171,5
7349,15830,1
1107,9580,2
1091,13922,2
5766,14702,3
15448,7876,2
2712,14093,2
6403,15302,3
12278,4748,4
16432,8291,1
9459,20599,3
4607,14082,4
8789,10725,1
20098,3810,3
20087,4214,1
10130,4655,3
2932,20876,4
18693,7769,2
9146,16347,5
18280,4607,4
5108,5242,4
3038,19454,5
15023,7327,1
17465,20138,2
10107,11650,3
19162,14624,3
11725,5022,4
16719,431,4
11017,6251,1
112,1719,4
3628,4458,2
10657,13008,4
14507,6457,3
11501,7454,4
15154,7064,3
8405,649,2
12910,6937,2
17263,18495,3
18199,5844,2
16953,16359,1
16738,15456,1
18844,20162,3
112,2340,4
8308,21185,2
18750,14599,2
17975,18692,1
18206,18844,3
8419,3525,3
18495,4607,4
833,19280,5
17265,3270,1
1650,4157,2
893,9930,2
8590,12169,3
1887,3710,1
6763,15464,6
3698,13521,1
994,19641,4
703,1043,2
7039,15770,2
13432,13612,4
1314,12387,3
18789,3106,5
16726,7914,5
18399,18872,2
881,11053,3
5028,5427,3
19586,7351,2
11552,12364,1
8872,5675,5
21071,7863,1
18652,11204,2
432,6549,3
2714,5108,4
8243,1305,1
19493,14624,3
881,10403,3
9001,21123,1
9146,6644,5
5001,5661,2
1406,5333,3
1406,16120,3
17635,16081,1
15322,7529,2
17533,7037,1
17798,10275,1
18998,19101,1
17527,20358,3
2774,15037,4
16597,8545,1
16812,15803,4
10837,3443,2
19748,15794,2
12745,14117,2
19171,19445,5
10944,12107,2
11642,15251,1
9084,10577,1
2823,3973,3
2324,12705,3
12044,14179,3
10463,11780,5
18744,19688,2
2292,5016,3
20348,7663,2
20949,5339,3
10861,3885,3
16531,5417,1
3457,5348,2
17263,4607,4
9146,13044,5
19247,12816,2
4701,7440,2
11531,6106,3
10403,5028,3
3106,7874,5
196,13372,5
10048,3443,2
2112,10463,5
3982,12944,2
7032,7694,5
14987,7789,2
12519,14668,1
698,19454,5
11955,6937,5
10463,3106,5
9189,11955,5
3106,13337,5
18819,19480,5
14908,14930,2
10130,3106,5
5031,14655,2
4436,14066,3
327,8570,5
12197,14018,2
8616,9157,4
460,638,4
3106,14424,5
11837,4987,2
1406,12146,3
20460,6620,4
5954,8050,3
18200,16217,2
6064,16347,2
189,1171,2
9886,5204,3
5348,7529,2
9351,6620,4
18789,16230,5
17405,15847,5
16852,1314,3
10162,3631,3
2861,15464,6
13734,16314,2
21006,7958,2
4128,5455,5
13407,5922,3
11837,6292,2
16467,15247,3
8694,10296,3
8206,21071,1
8279,3986,3
12,6041,2
7219,15557,2
8534,14313,2
1657,3631,3
5794,7058,2
17263,20815,3
8594,18844,4
16631,1333,2
2936,7914,5
5615,6560,3
1305,1736,1
17907,7934,2
2292,12579,3
17263,3521,3
1189,11465,2
15673,16154,2
2712,14312,2
675,21018,1
12162,5306,1
9152,7625,4
18459,10802,2
5024,13597,1
1441,9761,3
10835,20635,2
763,2751,1
8636,13432,4
1694,4871,3
2924,20528,2
20269,8051,4
19077,14188,2
12102,21120,2
1710,8160,1
3267,21216,2
3106,6107,5
19385,14299,4
20239,12299,2
11017,20998,1
2769,7610,4
299,7663,2
17750,2448,1
18998,6995,1
1314,13415,3
16414,3677,2
21162,15072,3
13922,16041,2
9160,9445,5
4496,13189,3
17405,10463,5
14244,15895,3
7600,8012,2
9056,4871,3
5988,16330,3
10141,10885,4
8279,6286,3
5210,7322,2
9693,19039,2
3870,7574,2
10667,4895,3
3921,21343,2
17405,10141,5
1695,19451,5
19641,12278,4
11650,7635,3
4357,13134,3
9261,20601,3
3443,13348,2
19824,14527,2
591,20729,3
16852,21358,3
11448,14419,2
5242,8131,4
17926,12169,3
10111,15029,3
10430,4895,3
323,12816,2
11089,16242,2
891,19950,2
20098,21086,3
12579,6121,3
10455,15464,6
12495,6230,1
460,10143,4
2861,12207,6
3635,12103,1
19641,6549,4
8452,1495,3
1379,7259,3
573,12217,2
17588,17876,5
19099,6944,2
17908,20798,2
4601,16302,1
2863,4303,1
381,15956,3
9154,12665,4
19092,16243,1
1061,18196,3
19231,8131,4
8604,4396,3
19688,3304,2
492,14429,4
20176,4751,2
2265,14991,4
321,3082,2
3596,20452,1
18693,20034,2
1611,14391,3
19013,6538,2
17911,7901,2
8872,6070,4
3106,5656,5
18410,15890,2
9459,7485,3
20729,5150,3
17010,1539,1
20420,16358,1
2316,15015,2
2787,7095,1
2220,2636,4
17019,15641,3
20032,15106,3
16555,293,2
13034,13372,4
2999,6457,3
6313,15283,1
16772,4655,3
3738,6286,3
13253,5845,2
8694,14471,3
5756,13977,4
9155,20176,2
16646,2223,2
17277,8168,2
17104,6538,2
112,13977,4
11455,21240,1
17440,21343,3
196,12891,5
8594,6759,4
16414,20476,2
4273,4283,3
1640,4791,3
9844,4221,1
17362,13078,1
4017,8112,5
2176,7037,1
8812,1638,3
17277,5783,2
1472,20248,2
461,1225,2
17457,6107,5
20326,4550,5
1441,15249,3
19280,7023,5
994,12278,4
11935,12042,3
16408,6159,3
17187,20690,1
4348,7694,4
17422,9741,2
8405,7588,2
14219,15847,2
1529,6548,2
12098,5368,3
8872,4138,4
10232,10748,1
12345,8168,1
293,7331,2
20134,5864,3
9849,1751,2
681,15414,2
5983,6107,5
17537,15641,3
10861,5364,3
7681,16323,2
299,11380,2
833,19445,5
11389,13712,2
13899,15847,2
8694,15205,3
16772,20326,3
4273,5615,3
671,7061,3
3414,5470,3
19800,6011,2
19263,8073,2
16893,7595,4
17831,18074,3
8776,11723,1
8299,17720,2
8449,9359,1
9351,2360,4
9697,12604,2
4550,6178,5
16893,3284,4
3081,13957,1
17263,17871,3
1640,21273,2
19268,6538,3
18412,15011,5
16993,7587,3
20301,4309,2
20143,21331,3
9261,20523,4
19658,21343,2
196,13612,5
654,18142,1
8924,10762,2
9152,6070,4
10802,19989,1
6179,16218,1
3106,4607,5
9152,20143,4
2405,13756,2
671,17917,3
18151,7690,3
9012,10958,3
2006,5215,2
11611,6462,4
16790,7809,1
17405,19454,5
1483,1632,3
431,3379,2
1723,12553,3
2145,20297,3
9928,10835,2
1951,10329,2
14299,7032,5
4371,4914,1
10837,4830,2
100,7039,2
13182,5702,3
8868,3106,5
2623,12978,2
3914,16044,2
14137,7888,4
20248,12202,2
12852,15802,4
612,3230,2
16719,5317,4
17619,2340,4
17934,3307,3
472,9495,2
21309,13788,1
10129,10762,2
19408,6292,2
2244,2293,2
17588,13977,4
17443,11325,2
2929,20135,3
20326,3990,3
8340,7574,2
10708,8050,5
18809,14113,1
12202,12554,2
8968,13044,3
11098,6457,3
2127,16257,1
19280,8050,5
19847,15137,1
18878,11480,2
14093,14312,2
703,4477,2
774,1135,2
9079,3341,1
3038,5675,5
19694,5028,3
5239,8051,4
20021,4899,2
4007,13995,1
513,833,5
4635,7793,2
4934,7052,1
16719,12797,4
17422,14367,2
19516,21077,2
10306,19698,2
7058,7574,2
9012,2624,3
2030,19592,2
2389,13515,2
16631,18698,2
321,9849,2
21273,15796,1
11636,5102,5
2822,13008,4
2176,13413,2
8626,3585,1
540,3569,2
5218,5242,4
8340,17958,2
18928,14066,3
1810,14108,2
2653,6671,3
8630,2301,1
8784,10199,2
778,13997,1
1441,6423,3
2769,3927,4
10762,12103,2
19658,3921,2
9146,11501,5
18383,10894,3
17428,15871,2
60,20528,2
11945,5764,2
4899,7909,2
13684,15600,2
8590,5455,5
8498,513,5
16976,7601,2
17040,4899,2
13272,5426,2
10096,6619,1
12511,5242,4
17424,5844,2
21348,6560,2
9152,13012,4
14471,15205,3
10153,10302,3
9230,7937,3
5852,15414,2
17277,8075,2
20523,4348,4
2509,20043,2
18844,20876,4
1091,12650,2
861,3563,2
762,9863,1
1631,13977,4
67,14052,2
492,10443,4
19112,11955,5
1122,10501,2
18412,19937,5
17263,14082,3
1132,16101,2
4607,5028,4
3246,15247,3
1260,10958,3
18265,7081,2
1772,21178,1
10036,13042,2
321,1751,2
19772,11880,2
3319,11890,2
8968,9146,5
293,6595,3
2714,11692,3
3284,15729,4
18141,13977,4
2676,20657,3
214,8438,2
2863,15102,1
7474,16218,1
11486,5295,3
20798,6476,2
13572,15477,1
16489,3412,3
17405,20082,5
18014,12629,2
13372,15577,4
9836,3830,2
19508,4607,4
2340,7610,4
1107,4342,2
16785,20460,4
1597,6581,2
1171,11401,2
16531,8038,1
12202,12797,3
5002,5802,2
16852,19022,3
10772,3699,2
12173,20592,4
9147,9160,5
18789,16157,5
6107,16230,5
1071,9495,3
431,1189,2
9152,19072,4
21112,8012,2
684,5108,4
9146,17629,5
10964,12793,3
19083,12061,3
19385,7032,5
18689,21122,2
18312,11725,4
7475,15730,2
20523,14770,4
14702,16063,3
9147,13011,4
9809,19280,5
8470,10433,1
14930,15674,2
4309,8112,5
8869,17405,5
16997,3385,1
20082,13755,5
13375,7116,1
9849,2139,2
2676,20585,3
20590,15464,6
14370,6549,3
3126,6739,1
10798,19961,1
11096,16337,3
14367,7873,2
19740,13237,1
1507,9822,3
8872,20564,4
3503,12963,2
16601,9160,5
16993,18466,3
17405,15803,5
2957,14391,3
20137,13407,3
19641,4748,4
698,16314,3
11302,13415,3
16451,9977,2
3412,5218,3
11069,6761,2
1000,1714,3
1501,11553,3
20528,15220,2
404,15938,2
20901,15527,3
18268,2324,3
19741,20412,1
1441,4085,3
12891,16307,3
11501,20590,4
20166,20724,1
9541,4296,1
10861,6519,3
254,16098,1
20876,7937,4
14471,15029,3
5368,5730,3
19844,15895,3
18074,10697,3
20787,13014,2
11951,15751,3
649,7588,2
16785,9351,4
2616,5983,3
8452,1619,3
16925,18133,2
17263,18313,3
18058,4550,5
10657,2822,3
8279,1746,3
492,17876,5
3862,7296,2
4161,15029,3
10463,14770,5
2999,20162,3
6168,8164,1
12097,5335,1
2229,5419,1
9351,20460,4
2216,4324,1
16414,11756,2
11692,6462,4
20747,7116,1
13538,15610,1
9160,21213,5
9703,14757,5
12594,5661,2
1260,2624,3
20706,5427,2
20269,12917,4
8279,2653,3
9146,7032,5
17227,21122,2
4583,15072,2
17768,10472,1
16631,17890,2
18189,4283,3
20523,7831,4
1575,4312,3
18750,15638,2
12098,14312,3
1000,15154,3
11011,7595,5
17876,4488,5
3412,5696,3
19318,16369,1
12070,7058,2
1845,2293,2
6121,16077,3
1132,12676,2
1364,6457,3
4546,21162,3
10141,11780,5
18298,3757,3
8449,13621,2
17277,17466,3
9839,12216,1
9230,14706,3
16726,2936,5
2861,6763,6
16515,15344,2
11497,7290,3
3272,16323,2
9459,20949,3
769,20032,3
887,6750,1
1223,9761,3
3255,20589,3
16913,5011,1
8778,10203,2
2629,16063,3
8605,19628,1
976,14343,1
19310,19311,1
2861,14213,6
760,7607,1
9230,19550,3
9741,11617,2
19641,5242,4
8378,8444,3
5300,5664,2
13578,15307,2
11725,13337,5
10011,5562,2
1430,1778,1
11780,13835,5
1627,21213,3
10152,10619,1
9147,7760,4
2375,15133,3
9152,3183,4
19523,13977,4
8366,12103,1
299,20348,2
21183,13008,4
1978,18872,2
17998,6751,1
17619,20564,4
11839,14712,1
8279,20269,4
8208,7058,2
11325,11400,2
11715,6090,1
1474,14702,3
6156,7287,1
591,5150,2
1951,15247,3
3631,20032,3
20326,4655,3
9929,10762,2
8619,16936,1
1061,20326,3
3341,7087,1
3538,7027,2
2030,3627,2
11193,6121,3
2247,3927,4
4222,16153,3
19848,6394,2
21162,8002,3
10175,3862,2
17104,19013,2
2861,6644,6
16438,6011,2
2191,7211,5
3106,16157,5
17263,17460,3
9091,7404,1
9459,18565,3
17842,5010,1
10652,4230,3
3414,4397,3
1516,20166,1
8310,12464,2
6217,15689,2
8363,1441,3
3473,5242,4
9629,21316,1
8523,2439,1
2861,8045,6
17535,2629,3
14370,6551,3
18789,10762,5
8276,16275,1
18074,21254,3
17890,14268,2
2324,12621,3
1122,11543,2
8236,21172,3
9146,20707,5
1549,11148,2
11878,16063,3
9146,19094,5
12793,12808,3
288,16125,2
14624,16049,3
17588,13337,5
1341,5219,1
18074,18610,3
18311,11636,5
3412,5242,4
9152,14137,4
10455,10463,6
17876,13337,5
2517,5242,4
20304,12936,2
2653,7317,3
16814,18070,1
651,21162,3
12075,13507,1
9580,7569,2
16555,16255,2
3683,20592,4
10935,6011,2
16911,10510,3
8812,20266,3
1441,11480,3
2623,15478,2
2624,10958,3
21308,5215,2
8423,20297,3
18689,21162,3
17428,10921,2
6237,7651,1
18497,8051,4
17535,4635,3
8735,9667,1
2533,3246,3
10565,20248,2
12268,5043,2
1135,5785,2
11763,6313,1
8328,7146,2
2984,20134,3
3357,7893,1
18428,7051,1
21086,13211,2
16586,4396,3
9839,12219,1
2774,3927,4
8378,5038,3
16388,16255,2
8778,8924,2
19480,5102,5
1725,5397,1
17440,15111,3
18416,4017,3
9152,15448,4
9761,4085,3
2861,15542,6
8437,19042,1
19454,4488,5
17457,3856,3
21348,5615,3
18497,10754,4
10849,12278,4
12500,6620,4
16935,4583,2
20953,21162,3
109,10896,2
2653,11302,3
16907,8810,1
17535,14702,3
18312,13337,5
6763,7176,6
16122,16153,3
18872,12875,2
10657,11098,3
9584,2478,1
11880,5421,2
974,15441,2
513,17019,5
12202,5426,2
4773,7081,2
9445,13918,3
5304,7213,1
9154,12862,4
20704,6968,3
2636,6759,4
17328,9282,2
19658,11837,2
18,18527,1
11150,5166,2
5933,14789,1
1043,6644,4
2194,4029,1
8343,3691,1
3259,11553,3
667,2695,2
19280,14047,5
9267,7831,4
20744,7205,2
9160,6761,5
17021,4767,2
5210,14702,3
8208,5794,2
4162,5730,3
14059,14066,3
5347,7207,4
19513,7861,4
20351,15527,3
18819,11636,5
1611,10800,3
20397,12808,3
16802,727,2
4301,13150,1
11165,4895,3
9753,14281,1
10624,3304,2
16489,5696,2
16935,7598,2
4871,14910,3
4283,7064,3
8461,5455,5
8791,15022,2
19491,4957,1
9128,17440,3
18204,7197,2
1760,5016,3
6644,7085,4
2512,19385,5
196,13501,5
18189,4273,3
19366,21018,1
513,11964,5
11799,20704,3
11935,14431,3
2822,6457,3
13621,16314,2
8616,9152,4
11068,20297,3
1289,1976,1
19216,4574,1
17831,7769,3
8727,12179,2
8669,5001,2
17019,9040,3
8970,1270,1
1172,9979,3
18844,2636,4
8423,10894,3
16890,11725,4
5426,14313,2
2611,6165,2
4928,6604,1
20138,7317,2
19872,7351,2
21112,16169,2
8972,11964,3
196,21183,5
1172,15302,3
225,3768,1
19677,6662,2
10508,4157,2
2360,7792,4
10173,20324,2
17876,11098,5
540,3293,2
3377,12816,2
1262,1934,1
3414,15133,3
17263,3695,3
8279,12917,3
20116,7754,1
9202,12363,1
8554,20403,1
11917,4458,2
1438,6991,2
17405,11780,5
9160,11332,5
16852,1389,3
1321,11302,3
17319,20366,1
8727,1391,2
139,15081,1
8616,9147,4
17608,10477,1
9107,9886,3
14367,15446,2
9146,7625,5
2375,4397,3
19268,4607,4
18305,14966,1
10050,15958,2
11879,15542,2
2459,3342,1
67,18074,3
17021,11400,2
17926,12521,3
3651,5102,5
20940,6644,4
10774,19321,2
17405,7842,5
12350,14624,3
11302,4357,3
1760,12797,3
18265,4275,2
1627,6121,3
16394,9206,1
3106,15802,5
15772,16259,2
2706,5249,1
299,18196,2
2517,13182,3
8480,9157,4
10171,2151,1
9745,11317,2
9218,9231,1
17603,10430,3
20957,4957,1
16532,774,2
2459,2867,1
11780,13433,5
19493,6286,3
2861,7610,6
1640,7131,2
9863,16198,1
20523,4823,4
7702,16217,2
1597,18802,2
6708,14991,4
17839,7711,1
20401,4928,1
10226,5659,2
11890,20085,2
8616,14527,4
3768,8187,1
18298,10992,3
15803,7842,4
8253,18074,3
18711,3946,2
2676,21150,3
17911,3533,2
16733,16976,2
1611,2957,3
1695,2512,5
12498,15154,3
20135,20585,3
2484,3699,2
19263,7720,2
13337,7211,5
19937,14757,5
16628,17165,1
20136,4001,3
1233,19901,2
10137,16323,2
18105,15708,1
14409,6292,2
3284,7595,4
17010,10624,2
12299,21122,2
18721,21216,2
18280,11823,3
1695,7888,5
20135,3914,3
9802,5972,1
8459,12621,3
17405,2512,5
17917,19698,3
19840,4217,3
698,12057,3
1474,16063,3
1527,2624,3
18789,6107,5
127,3892,2
12665,13623,2
20358,7058,3
8415,20232,1
12020,6620,4
1433,2867,1
80,1314,3
14757,15011,5
9162,12179,1
1071,2653,3
5242,6221,4
2942,15414,2
462,5675,5
14856,15895,3
17405,5268,5
1321,19513,3
14754,7192,1
14179,16171,5
3538,5031,2
17629,18545,5
21052,15802,4
1071,4496,3
12169,7629,3
20351,16063,3
9011,20589,2
12891,16306,3
1013,5102,5
1892,15011,5
5022,5357,3
9902,21123,1
20949,21185,3
14991,7694,4
3862,4607,4
833,10708,5
9703,15011,5
1632,11048,3
8914,18672,2
20351,6159,3
2999,6513,3
3946,16162,2
14596,6459,1
3443,14347,2
4138,5675,5
8528,8778,2
3544,21112,2
970,1582,2
8317,4371,1
17263,1610,3
17457,20098,3
4001,21162,3
3170,3521,2
2719,11098,3
11780,7484,5
15302,15344,3
16921,7958,2
2020,4270,3
608,10291,2
11955,13265,5
13727,14899,1
13381,7145,1
9497,13182,3
18610,13660,3
10408,7587,3
2636,20876,4
17230,13242,1
11531,5006,3
2813,3371,3
21294,14918,1
18789,11711,5
10800,2957,3
1061,19105,3
16557,8919,3
11302,12553,3
8846,20876,4
5038,6644,4
1321,7861,4
9600,8152,2
18681,11501,4
19688,7102,2
194,5347,4
684,6462,4
893,2317,2
17537,20358,3
167,10772,2
21162,21275,3
8727,18303,2
20326,13125,3
10226,3135,2
17759,20326,3
11446,20476,2
11302,7109,3
1879,7219,2
492,7211,5
20374,21150,3
1000,18206,3
17466,10894,3
5470,5988,3
11725,13432,4
17834,7287,1
8464,7283,2
327,14862,5
9294,12785,1
10486,15955,1
16993,4962,3
4397,20813,3
10048,21002,2
19393,14117,2
3246,7971,3
1013,11636,5
8152,8186,2
8584,7601,2
18495,14082,3
17839,2296,1
4162,5368,3
16586,18418,3
2442,14083,2
3927,15037,4
1016,12684,1
19732,16026,2
8378,6644,4
392,10911,2
3862,15448,2
8785,5933,1
381,558,3
17040,21358,2
16444,19772,2
20326,21196,3
19450,5954,5
10501,11543,2
17453,13957,1
8559,19518,1
8355,11605,1
3677,4291,2
17234,19365,2
3255,20135,3
18280,19268,3
17154,10089,2
18634,19589,4
918,1071,3
10392,8073,2
9040,6121,3
9511,6038,2
16852,13415,3
698,13437,3
11611,5108,4
8680,13608,1
19658,5896,2
18440,16282,2
786,13684,2
18298,6800,3
10137,11650,3
11011,15655,5
10124,19427,3
17910,15896,1
9012,17876,5
12202,5190,2
9497,7180,3
19051,5567,1
19840,14991,4
10885,7085,4
1043,16262,2
17699,11582,1
3561,5113,3
11739,13372,4
1695,11780,5
5675,6070,5
11302,14066,3
17263,20235,3
11711,6107,5
20021,14598,2
16911,19723,3
9528,1350,1
1373,3351,2
17890,13922,2
1761,18859,1
9000,2830,2
16909,1043,2
12705,8112,5
18743,19077,2
392,8762,2
18288,11497,3
18261,7061,3
18826,12705,3
18298,5864,3
9697,18030,2
2660,19231,4
8499,6757,1
112,7062,4
10035,13443,1
17221,13895,2
16473,6979,2
4164,14419,2
18952,20484,1
2881,16157,5
3306,4973,1
16974,5524,2
19551,12298,1
11685,11735,1
21153,5855,2
5726,7202,2
2943,6404,2
10129,18789,5
2239,19844,3
10984,14108,2
9071,5113,3
1632,6644,4
18151,19454,5
3259,5902,3
10853,20328,1
19901,12455,2
8339,6457,3
125,16171,5
392,21072,2
12464,6991,2
12852,7746,2
8279,2139,3
20585,13407,3
8570,7595,5
11011,7051,5
20559,15751,3
11739,5583,4
9152,19280,5
1043,16319,2
9408,12245,1
20326,20830,3
17135,7077,2
19701,12797,3
17944,5006,3
19182,7588,2
8924,19280,5
5268,15803,4
9152,21331,4
17415,15491,2
12044,16171,5
10455,8045,6
2942,13638,2
3106,5954,5
18451,5031,2
19099,3932,2
19216,6724,1
1552,19053,1
9152,9157,4
10586,11069,2
10111,12485,3
1321,5659,3
5347,16171,5
20358,13413,3
16812,7032,5
8470,19990,1
647,3982,2
3307,3977,3
2041,12852,2
14991,7032,5
17405,12665,5
11837,15508,2
17135,7263,2
6968,8092,3
12098,4162,3
1575,12918,3
14370,14624,3
2345,6595,3
18294,21164,1
2191,4488,4
10170,11302,3
1373,12553,3
703,1632,3
12070,7421,1
9282,21331,2
1584,7106,1
8924,7023,2
4157,15540,2
3259,13738,3
10408,4962,3
13792,15024,2
17520,6049,2
18789,20830,5
20135,16044,3
660,3862,2
5493,7103,3
20076,15280,2
8211,4833,1
3246,20135,3
19732,15638,2
4436,14059,2
10463,12423,5
12859,7607,1
1697,4230,3
9157,15577,4
16540,9280,2
12146,5333,3
19454,7690,5
19454,8112,5
919,20559,3
19633,5463,2
9302,20235,1
327,11011,5
19682,6292,2
2813,3412,3
16812,5268,4
9732,15823,1
2316,5954,3
6644,7610,4
18708,19357,1
5158,5427,2
8945,16171,5
315,5983,3
3533,14175,2
196,17876,5
8279,6583,3
13012,7625,3
11148,8057,2
19454,12057,5
20231,15641,3
9859,21356,1
17876,19454,5
2149,7368,1
9146,10141,5
8616,15448,4
20655,12519,1
21006,15938,2
1631,19523,2
6763,8045,6
19450,3106,5
16458,13287,1
10016,20798,2
196,13437,5
9267,2345,4
2364,20326,3
7045,8152,2
9000,1610,2
17457,18189,3
11890,12579,2
11400,5350,2
10700,3738,3
10785,14137,4
20892,7591,1
10111,15577,4
6856,7283,2
9597,1892,5
8324,20358,3
18844,15154,3
2069,3149,2
704,14818,1
196,13044,5
4833,7225,1
18074,7601,3
11739,15847,4
1675,6168,1
8452,6707,3
17019,2360,4
12299,13792,2
17123,10652,3
19106,13337,5
10424,12044,3
3885,15694,3
10754,7760,3
21086,15280,2
20920,4899,2
8869,10463,5
995,7259,3
16887,13432,4
788,8119,2
16586,8604,3
19301,15133,3
16999,21112,2
3082,3931,2
17611,2924,2
10111,10296,3
19261,15494,1
8968,6644,4
19280,20358,5
9147,17365,4
21046,15464,6
17944,11531,3
20476,5562,2
12816,6165,2
5364,6519,3
11197,14702,3
20707,16171,5
8778,10762,2
2020,12350,3
16812,20523,4
9597,9745,5
2512,5726,5
3403,3538,2
4138,6070,4
2923,4497,1
8528,10203,2
11913,11971,1
8373,7625,3
9146,9154,5
3243,5429,2
4550,13265,5
15641,7878,3
9784,10802,1
10623,19687,3
9154,6156,4
11787,13757,1
1371,6462,4
7176,16028,6
21018,14802,1
8461,13433,5
17628,6989,2
11820,20994,2
17405,7484,5
14213,8045,6
11823,3792,3
11497,6979,3
3135,5659,2
2873,6049,2
196,2936,5
10708,8112,5
19493,15716,3
2509,3106,5
19445,12939,5
2533,3255,3
17920,13660,3
9703,18412,5
19247,21185,2
2020,14624,3
10421,19363,3
18281,21150,3
8461,3038,5
16523,18634,4
4214,12579,2
2703,5551,1
9081,6406,1
9160,7635,5
8426,14349,1
767,2980,3
20032,15086,3
8616,14137,4
12207,13510,4
17277,21006,2
2611,13266,2
10700,19493,3
19633,12629,2
16987,11497,3
17278,6121,3
9056,10623,3
18377,12467,2
1892,14757,5
19641,3699,4
16726,19450,5
3157,5108,4
4641,4813,1
8515,460,4
18242,20476,2
9152,5675,5
17220,15344,2
18440,2254,2
172,19772,2
16497,1610,2
16646,16878,2
2980,3980,3
18289,13755,2
23,13515,2
2512,7032,5
5245,6292,2
12142,20523,4
19036,7553,1
1695,14137,5
1575,15247,3
5988,6455,3
11232,12489,1
14862,15110,5
3046,11951,3
19741,16063,3
20523,15673,4
2523,6417,1
2405,6143,2
112,7861,4
983,5336,2
11302,13618,3
17055,20176,2
16876,12579,2
1125,13008,4
12271,4813,1
12272,13918,2
2616,15893,3
18741,14151,2
3061,20635,1
196,19450,5
15446,7873,2
8484,20915,1
8419,492,4
7034,15441,2
12739,15958,2
18015,11650,3
20949,4607,4
8279,15247,3
196,16307,5
2247,15037,4
9164,10463,5
727,17259,2
19239,11890,2
8570,15110,5
8694,15029,3
10203,10762,2
839,7032,5
12314,7147,1
9152,21210,4
17230,15958,2
1760,4244,3
8215,20098,3
4419,21164,1
1071,11302,3
18200,7702,2
14145,14363,1
18478,7062,4
3627,7294,2
17720,18693,2
1371,3157,4
19243,3303,1
12234,15759,1
4332,13237,2
2239,15895,3
788,6129,2
8853,12728,1
4348,7032,5
12169,12521,3
14213,7176,6
16893,5317,4
8708,15268,2
5504,15559,2
21098,15956,1
11823,12797,3
16557,20689,3
513,8112,5
5631,16026,2
3403,6910,2
12202,14313,2
7768,16337,3
1270,1695,5
8733,15958,2
18022,4557,1
9164,17405,5
6671,7317,2
20288,15247,3
518,12132,2
9152,10249,4
2571,11955,5
8762,17051,2
11106,7004,2
17440,13182,3
1845,2244,2
460,7610,4
13469,7454,3
6159,15527,3
17457,4273,3
8452,10430,3
20082,20825,5
392,9699,2
9154,13011,4
13637,14195,1
11955,4550,5
8230,4983,1
891,8010,2
19811,20460,4
216,20374,2
791,9839,1
11185,13469,2
19726,13478,3
6595,7331,3
1695,20082,5
17492,2611,2
4357,12553,3
19094,20707,5
255,9600,2
1606,10428,1
2360,5107,4
23,2389,2
17154,17777,2
17661,11374,2
19239,4523,1
17263,4757,3
17216,5242,4
24,4273,3
8680,17248,1
5245,14409,2
21086,6901,2
16555,13578,2
11204,3192,2
3677,12504,2
10106,20929,1
11317,3303,2
17327,13407,3
18311,5102,5
10153,13977,4
9160,1695,5
3998,13407,3
8594,20876,4
12500,12891,3
10463,6822,5
16782,5180,2
8285,16802,2
2789,20170,1
288,9121,2
17496,13977,4
19450,13501,5
2148,15280,2
24,17457,3
9580,12467,2
