21201,21219,3
21163,21204,3
21146,21241,1
20939,21220,2
20847,21302,3
20813,21232,1
20783,21201,2
20774,21189,3
20714,20909,2
20567,20619,1
20565,20592,2
20548,20778,1
20409,20446,4
20347,20636,2
20301,20649,1
20290,21339,3
20260,20430,1
20234,21241,1
20182,20922,2
20151,20636,2
20151,20652,2
20151,21201,3
20151,21221,2
20135,20150,2
20135,20948,1
20135,21201,3
20090,21169,1
20051,20151,2
19983,20846,2
19941,20289,1
19909,20102,3
19885,20627,1
19859,19867,1
19817,20638,3
19752,19891,4
19747,19778,1
19693,19981,1
19688,20290,3
19688,21021,2
19688,21339,3
19688,21146,4
19655,20752,2
19467,21086,1
19421,20533,2
19379,20412,1
19360,19421,2
19360,19750,1
19360,20406,2
19339,19681,1
19339,20645,3
19339,20774,3
19152,20351,1
19139,19693,1
19058,19794,2
19026,19027,3
19022,20802,2
19005,20304,1
18998,19101,1
18918,20489,3
18865,20068,3
18827,19617,1
18778,18845,1
18714,21040,1
18640,20194,3
18637,18753,2
18626,18672,3
18585,20186,1
18585,18596,4
18572,21311,2
18564,18845,2
18549,18781,2
18365,20135,3
18363,20592,2
18363,18626,2
18306,19165,2
18267,20337,1
18218,21129,3
18204,20191,1
18172,20825,2
18156,18941,1
18102,21146,4
18102,19688,4
18096,21291,2
18082,18395,4
18050,18649,2
18048,19630,2
18043,21254,2
18037,19103,1
18006,19644,1
17950,20955,1
17936,19200,1
17925,18135,1
17873,17992,3
17871,20645,3
17871,19339,3
17869,19476,1
17866,20774,3
17866,19339,3
17833,19360,2
17777,19655,2
17772,19342,1
17759,21340,1
17759,19339,3
17745,20446,4
17745,20409,4
17697,18497,3
17679,20068,3
17679,18865,3
17678,18941,1
17618,18479,4
17599,18706,3
17590,19656,2
17566,19026,3
17566,19027,3
17560,19703,1
17558,21135,2
17535,21234,2
17523,20330,2
17523,18671,3
17516,20151,2
17515,17751,2
17513,18379,2
17513,18495,3
17513,21014,3
17488,18096,2
17464,20135,2
17460,17759,3
17440,21232,2
17412,20051,2
17406,18995,4
17402,18657,1
17366,19471,1
17334,19360,3
17334,17523,3
17317,17440,3
17312,17711,2
17311,21347,1
17296,19005,2
17290,19114,1
17290,20649,2
17263,17460,3
17263,17759,3
17263,17871,3
17263,18495,3
17263,20645,3
17263,20774,3
17263,17866,3
17263,19339,3
17228,20691,1
17181,19606,1
17148,18486,2
17104,19013,1
17104,21072,1
17055,18395,3
17024,21129,3
17024,18218,3
16973,19410,3
16959,19896,1
16959,20151,2
16946,21204,3
16893,20964,4
16858,18073,1
16858,18855,2
16858,20369,2
16853,17513,3
16853,20464,1
16853,21014,3
16846,17566,5
16844,18118,3
16844,20347,2
16844,21163,3
16844,19360,3
16823,18849,2
16823,21269,3
16811,20001,3
16792,21269,3
16792,16823,3
16771,20905,1
16769,20117,2
16768,18147,2
16765,17590,2
16764,18479,4
16764,17618,4
16764,18096,3
16747,20549,1
16744,17107,1
16741,19410,3
16741,21265,1
16741,16973,3
16719,16893,4
16719,20964,4
16700,20794,4
16695,19525,1
16682,17050,1
16667,18395,4
16667,18082,4
16630,19715,2
16630,21093,3
16608,17375,3
16592,17809,1
16591,20097,1
16585,18412,2
16557,17599,3
16557,18706,3
16541,19754,2
16520,17543,1
16511,17706,2
16511,19504,3
16511,19650,1
16454,19868,1
16388,19504,3
16388,16511,3
16388,16555,3
16385,17743,1
16364,16858,1
16289,20180,1
16269,20304,1
16244,17566,3
16240,17422,2
16215,20441,2
16211,21030,1
16190,18479,4
16190,17618,4
16190,16764,4
16188,16454,2
16188,19254,1
16152,16812,2
16149,18648,1
16149,21063,1
16088,19656,1
16049,19166,1
16047,21039,4
16046,20135,3
16046,18365,3
16040,18868,1
16033,21232,2
16027,19258,1
16022,17668,1
16022,21065,1
16019,19867,2
16010,17276,2
16010,18527,1
16009,16010,1
15999,16141,4
15990,17751,3
15961,16244,1
15957,20480,1
15941,17566,2
15935,18738,2
15927,20715,1
15926,18147,2
15923,19139,3
15893,15894,1
15872,16149,1
15847,20007,1
15842,19308,1
15840,16191,1
15838,21204,2
15838,15979,2
15832,19872,2
15755,20636,2
15755,20347,2
15754,17069,1
15748,16926,1
15746,18172,2
15732,20151,1
15709,18465,2
15694,19606,2
15679,16959,2
15673,16675,1
15671,19318,1
15667,19885,1
15641,17334,3
15641,21326,1
15641,17523,3
15620,20768,1
15620,18365,2
15615,20774,2
15615,17866,2
15597,15601,1
15597,16811,3
15597,18911,2
15597,19656,2
15597,20001,3
15597,21119,3
15588,16450,2
15588,17143,1
15587,19752,4
15587,19891,4
15587,19867,2
15534,19384,1
15519,20208,2
15468,18048,2
15468,19630,2
15442,15990,2
15440,16388,2
15398,19831,3
15398,16963,3
15386,19521,3
15359,15855,1
15359,20934,1
15334,15645,1
15324,18753,2
15324,18637,2
15315,20778,1
15274,20752,4
15227,18585,3
15204,16545,1
15204,19258,1
15164,21091,2
15163,19195,2
15139,21221,2
15139,20151,2
15133,19301,1
15093,15435,1
15093,15493,1
15050,21072,1
15050,18764,1
15043,17566,3
15043,16244,3
15039,21021,2
15039,19688,2
15038,16175,1
15038,16718,2
15038,17704,1
15038,16764,3
15031,20001,3
15031,16811,3
15031,15597,3
15027,16485,1
15027,16564,3
15009,17266,1
14976,15396,3
14976,21166,3
14974,20427,1
14959,21242,1
14928,16812,5
14905,16375,2
14874,15054,2
14874,16278,3
14874,18951,2
14869,16523,2
14766,15578,1
14766,17078,1
14766,18449,1
14763,18764,1
14726,15534,2
14726,17246,1
14721,18868,1
14693,15597,2
14676,16215,2
14670,18075,1
14669,15597,2
14661,19891,4
14661,19752,4
14661,15587,4
14622,21177,2
14606,20752,2
14606,19655,2
14604,15027,3
14604,16564,3
14583,14721,1
14567,18904,1
14548,17357,1
14529,15679,1
14516,17751,3
14516,15990,3
14508,16792,3
14508,18849,2
14508,21269,3
14508,16823,3
14501,16182,1
14437,18519,1
14416,17170,1
14382,14881,2
14367,15043,3
14367,15941,2
14367,16244,3
14367,17422,2
14367,18646,2
14367,19026,3
14367,19027,3
14367,17566,3
14362,14457,2
14336,18135,3
14336,21040,2
14336,21086,2
14330,16141,4
14330,15999,4
14324,17069,2
14302,19169,1
14296,19058,1
14293,18096,2
14240,20123,2
14228,18043,2
14228,21254,2
14220,17605,2
14212,14832,1
14210,19504,1
14201,19769,1
14200,16770,3
14193,19683,1
14193,21065,1
14191,17148,2
14189,20189,1
14189,18096,3
14189,16844,3
14186,14494,2
14179,16973,1
14173,20043,2
14161,16970,1
14143,20636,2
14142,20939,2
14097,16647,1
14082,18495,3
14082,17263,3
14042,20855,1
14001,14395,1
13997,16499,2
13993,18404,1
13988,21115,1
13980,15290,1
13979,19258,2
13979,19867,2
13973,21302,3
13962,21206,1
13942,18738,2
13942,15935,2
13935,20535,1
13916,20906,2
13914,20454,1
13908,20847,3
13908,21302,3
13894,19974,1
13887,16650,1
13885,16630,3
13885,16853,3
13885,17523,3
13885,21014,3
13856,16966,1
13849,18994,1
13836,20394,1
13821,21189,3
13816,21065,1
13798,15519,2
13798,20208,2
13790,14324,2
13790,17069,2
13790,20232,2
13772,18671,3
13768,20922,2
13734,16314,4
13713,15218,1
13713,18845,1
13704,14191,1
13679,15687,1
13678,17849,2
13656,20710,1
13643,20712,1
13639,17389,4
13631,15484,3
13631,17432,3
13631,20509,2
13630,18497,3
13630,19636,1
13630,17697,3
13620,13734,4
13620,16314,4
13620,16608,3
13620,18592,3
13616,14697,1
13613,19449,3
13603,20922,1
13599,17869,1
13599,20778,2
13599,13798,4
13597,15304,2
13578,16555,3
13578,21339,3
13564,13798,2
13547,16313,1
13540,16846,5
13540,17566,5
13525,14001,2
13520,19418,1
13515,18781,2
13515,18549,2
13493,21039,4
13493,16047,4
13486,19025,2
13478,18995,4
13478,17406,4
13471,16012,2
13470,21362,1
13462,15227,3
13462,16768,3
13462,16946,3
13462,18596,4
13462,18585,4
13453,14383,2
13453,16799,3
13444,16993,1
13427,19272,3
13416,13424,1
13407,17327,1
13407,18367,1
13407,20339,2
13407,20652,2
13407,21163,3
13407,21204,3
13407,20151,3
13396,20511,1
13389,19550,1
13372,13505,1
13372,13772,3
13372,18671,4
13333,14928,5
13333,16152,2
13333,16812,5
13332,16812,3
13311,21084,3
13310,15034,3
13310,17229,1
13310,21024,2
13303,16509,2
13290,17015,1
13290,16388,1
13268,14604,2
13247,18135,3
13247,14336,3
13247,15597,7
13224,19360,2
13203,20541,1
13179,13496,3
13171,18409,1
13160,14598,1
13157,19917,1
13157,20631,2
13150,16543,1
13138,19472,3
13085,19261,1
13070,19504,3
13070,16511,3
13070,16388,3
13060,19358,2
13052,20719,2
13052,13630,2
13048,13051,1
13047,16278,3
13047,14874,3
13026,13647,1
13009,18412,2
13009,16585,2
12999,19093,4
12999,20922,2
12999,13247,7
12999,15597,7
12971,15366,1
12960,16823,1
12951,15749,2
12947,17799,2
12947,18803,2
12932,20549,1
12922,19521,3
12922,15386,3
12912,13095,1
12912,16541,2
12912,19754,2
12865,17932,1
12861,16112,1
12861,17806,1
12854,13781,2
12854,19782,2
12854,18096,3
12854,16764,3
12839,17590,3
12820,16593,2
12820,18549,2
12820,18781,2
12795,15388,1
12790,19084,1
12760,18156,4
12757,20219,1
12739,15958,1
12739,20304,1
12725,13311,3
12725,21084,3
12725,15641,3
12725,17523,3
12717,15291,2
12694,19022,2
12684,18096,3
12684,13310,3
12678,13203,1
12676,14025,1
12670,20258,1
12669,20203,1
12664,15202,1
12655,16557,2
12633,20151,1
12602,12633,1
12582,19688,3
12577,18457,1
12553,13134,2
12549,16121,1
12537,12937,1
12531,15749,2
12531,12951,2
12530,12549,3
12521,17926,1
12510,21030,1
12509,15705,2
12509,15923,3
12509,19139,3
12478,19794,2
12478,19058,2
12474,17866,2
12443,12652,1
12443,17706,2
12443,20905,1
12443,21219,2
12443,16511,2
12383,13997,2
12350,12573,1
12340,19165,2
12315,13713,1
12310,17716,2
12306,13578,3
12306,16768,3
12306,21325,1
12306,17590,3
12306,16844,3
12300,14726,3
12300,16936,1
12300,19358,2
12300,18596,4
12299,13792,1
12289,21040,2
12289,21291,2
12289,18096,2
12289,14336,2
12264,13772,3
12264,18671,3
12252,17137,1
12232,16210,1
12232,16644,1
12208,19139,3
12207,12566,2
12202,12533,3
12202,21093,3
12196,16555,3
12195,18845,1
12182,19884,1
12156,19968,1
12152,12671,1
12152,16820,1
12146,12530,3
12146,12549,3
12134,15396,3
12134,14976,3
12122,12251,1
12122,14031,3
12122,16622,3
12122,20794,4
12122,12760,4
12122,16700,4
12103,19884,1
12076,17697,2
12068,19210,1
12061,14355,2
12061,15359,1
12061,17712,2
12061,19083,2
12053,20001,3
12053,16811,3
12053,15597,3
12048,19339,3
12043,13187,3
12041,20368,1
12031,16258,2
12023,14519,1
12020,15597,2
12019,20833,2
12019,16278,2
11994,18486,1
11972,13541,1
11963,13713,1
11955,12704,1
11955,20424,3
11955,21214,3
11955,16764,3
11932,17590,3
11932,12839,3
11928,20994,2
11926,12089,1
11924,20592,2
11924,20565,2
11909,17566,5
11909,16846,5
11909,13540,5
11873,15534,2
11873,14726,2
11842,19392,1
11842,20956,1
11839,14712,1
11837,15508,1
11837,14161,1
11815,14567,1
11814,15580,2
11790,13734,4
11790,16314,4
11790,16608,3
11790,18592,3
11790,13620,4
11782,13492,2
11782,20714,2
11782,20742,2
11782,20909,2
11780,15597,2
11758,20151,3
11754,13133,2
11739,13372,4
11739,15847,3
11739,16527,2
11739,18626,3
11739,18672,3
11739,21035,2
11739,20409,4
11732,13088,1
11732,13268,2
11732,14604,3
11732,14901,1
11732,15027,3
11732,16564,3
11722,14881,2
11722,14382,2
11718,21063,1
11704,14494,1
11702,18930,1
11693,19867,1
11690,17990,1
11684,15687,1
11670,21119,3
11670,15597,3
11637,13525,2
11637,18926,1
11637,14001,2
11625,11955,2
11615,21129,3
11615,18218,3
11615,17024,3
11595,20045,1
11593,18497,2
11593,17697,2
11591,14837,1
11579,14186,2
11579,14494,2
11579,19380,2
11576,12020,1
11533,18733,1
11516,18390,1
11516,19165,2
11516,12340,2
11510,20478,1
11507,18306,1
11505,20213,2
11478,19610,2
11464,11919,1
11464,17716,2
11464,12854,3
11462,18218,1
11445,15597,2
11445,14669,2
11443,19139,3
11443,15923,3
11443,12509,3
11435,13963,2
11431,15290,1
11430,14765,1
11394,15440,2
11394,16555,2
11394,16388,2
11391,14878,1
11379,20802,1
11372,13247,3
11350,11720,2
11342,12664,2
11342,20538,1
11342,19093,2
11341,16853,1
11336,12047,1
11327,18457,4
11322,14583,1
11315,12264,3
11305,16993,2
11298,15396,2
11294,16938,3
11281,18596,3
11281,12300,3
11274,16799,3
11274,13453,4
11244,12443,2
11244,13060,2
11244,13590,1
11244,19358,2
11244,20742,2
11244,20922,2
11244,12300,2
11243,13398,1
11240,12653,1
11240,20742,1
11236,16812,5
11236,14928,5
11236,13333,5
11221,17588,2
11221,12760,4
11221,16700,5
11221,12122,4
11219,13713,1
11216,14630,2
11216,18998,2
11214,16308,1
11214,19560,1
11211,14851,2
11201,13391,1
11201,17523,2
11200,11739,3
11164,20778,1
11129,11765,2
11120,11478,1
11112,20636,2
11108,17128,2
11091,16590,2
11091,17599,3
11091,18706,3
11091,20539,1
11091,16557,3
11091,16700,5
11091,11221,5
11088,15203,2
11082,20411,1
11055,11665,2
11035,20825,2
11035,20135,2
11033,21168,2
11027,16667,4
11027,17712,2
11027,18082,4
11027,18395,4
11027,20777,1
11027,21168,2
11027,17263,3
11025,14819,1
11021,18646,2
11021,14367,2
11019,21039,4
11019,16047,4
11019,13493,4
11009,15034,3
11009,15186,1
11004,11815,1
10956,20636,2
10956,11112,2
10931,16509,2
10931,13303,2
10929,20599,2
10929,16620,2
10917,16768,2
10913,19430,3
10885,12300,4
10869,14718,1
10848,19606,2
10844,19715,2
10844,21146,3
10838,10848,3
10838,21201,3
10838,13407,3
10833,13407,3
10833,11221,3
10826,19582,1
10815,17148,2
10815,14191,2
10814,13866,1
10813,14250,2
10804,14285,2
10804,14578,2
10796,11881,1
10787,13246,2
10778,12588,1
10766,16164,1
10762,17488,2
10762,15679,2
10762,12103,2
10761,14160,2
10759,11211,2
10759,14851,2
10757,16297,1
10756,11435,4
10754,10757,2
10754,10833,3
10754,10844,3
10754,18497,3
10753,21312,1
10753,17866,2
10716,12575,1
10710,13563,2
10701,19835,1
10690,11121,2
10690,11236,5
10690,12638,2
10690,13333,5
10690,14928,5
10690,15746,2
10690,16622,3
10690,18172,2
10690,20354,1
10690,13798,4
10690,16812,5
10690,12122,4
10686,16837,3
10679,10848,3
10679,17516,2
10679,17664,2
10679,19982,1
10679,21220,2
10679,20151,3
10676,13085,2
10663,11661,2
10657,11435,3
10642,11638,1
10624,21146,4
10624,19688,4
10624,18102,4
10607,21242,2
10607,12854,2
10602,17992,3
10602,17873,3
10573,15597,2
10559,11460,1
10558,19195,1
10539,18824,1
10530,21291,1
10507,19410,3
10507,16973,3
10507,16741,3
10485,11144,2
10484,10686,3
10484,15979,4
10468,13931,1
10467,13575,2
10436,20795,1
10435,15396,3
10435,14976,3
10435,12134,3
10431,16816,2
10420,12679,1
10403,14658,2
10389,20994,2
10389,11928,2
10374,19879,3
10369,21065,1
10366,10866,1
10363,17523,2
10342,19228,1
10331,16630,2
10327,11661,2
10327,10663,2
10324,11121,2
10324,10690,2
10315,18250,1
10311,11684,1
10307,20626,1
10285,10831,1
10268,19688,2
10268,12582,2
10243,11537,1
10241,10374,3
10241,19879,3
10241,15597,3
10233,15046,1
10221,11739,2
10217,15620,1
10206,20001,1
10197,14250,2
10197,10813,2
10181,10564,1
10168,14874,2
10161,11119,2
10130,13821,3
10130,14726,3
10130,12306,3
10114,16215,2
10114,14676,2
10100,14487,2
10100,20290,3
10100,18156,3
10096,20511,1
10086,18498,2
10083,18995,4
10083,17406,4
10083,13478,4
10082,21014,2
10055,17359,1
10050,15958,1
10037,13047,1
10036,13735,2
10036,18572,2
10036,18702,1
10036,11782,2
10034,16527,1
10030,11274,4
10030,12149,2
10030,13453,4
10030,14383,2
10030,16799,3
10030,20760,2
10024,19096,1
10023,13375,2
10003,12489,2
9988,10871,1
9987,21065,1
9970,13492,2
9970,11782,2
9967,17375,3
9967,16608,3
9967,13620,3
9967,11790,3
9953,17440,3
9953,17317,3
9952,15203,2
9952,11088,2
9933,11247,1
9916,12688,1
9914,13768,2
9914,20922,2
9914,11244,2
9902,19117,1
9902,20599,2
9896,15009,1
9879,17170,1
9875,20369,2
9875,16858,2
9847,21020,1
9846,19561,2
9844,13908,1
9821,16681,1
9808,12895,1
9804,19212,1
9788,12202,1
9782,14445,2
9777,10383,1
9777,15890,1
9768,10041,1
9768,10663,2
9768,12096,1
9766,11960,2
9766,14941,2
9764,19624,1
9758,19083,2
9758,12061,2
9747,16744,2
9735,12085,1
9735,16719,4
9735,16893,4
9735,19532,2
9735,20964,4
9729,17440,1
9727,16823,1
9723,9998,1
9707,12152,1
9682,17691,1
9674,17463,1
9638,10686,3
9638,10885,4
9638,11200,3
9638,16837,3
9638,10679,3
9638,11739,4
9627,14849,1
9602,12354,1
9602,11926,1
9597,18412,2
9597,10686,3
9597,10484,3
9573,12853,1
9546,14161,1
9544,11912,1
9541,13970,1
9540,16557,3
9538,13316,3
9538,12300,3
9528,9579,1
9525,20906,2
9525,13916,2
9512,18486,1
9510,17759,1
9506,13959,2
9505,18141,2
9505,11435,2
9501,12264,3
9501,11315,3
9500,16391,3
9483,19601,1
9480,18635,1
9479,12122,1
9472,10484,3
9464,14173,1
9451,12517,1
9449,18592,3
9449,13620,3
9449,11790,3
9439,17104,1
9439,17833,2
9439,19360,2
9425,17128,2
9425,11108,2
9390,18941,1
9386,20170,2
9382,13639,4
9382,16280,1
9382,17389,4
9382,18671,4
9378,13144,1
9370,21091,2
9370,15164,2
9369,9472,3
9369,9597,3
9369,10484,4
9369,10686,3
9369,11372,3
9369,15979,4
9369,18135,3
9369,21039,4
9369,14336,3
9369,13247,4
9369,12122,4
9361,16934,1
9338,10277,1
9338,11009,3
9338,11926,1
9338,17412,2
9338,17638,1
9338,21348,1
9338,20151,3
9330,10154,1
9317,19655,2
9317,17777,2
9313,18903,1
9309,14631,1
9282,21163,2
9282,10030,2
9279,17618,1
9276,16555,3
9276,12196,3
9272,11351,2
9270,12941,1
9264,20638,3
9264,19817,3
9256,19831,3
9256,16963,3
9256,15398,3
9254,10712,2
9249,15679,1
9241,13381,1
9241,18096,3
9233,10250,1
9221,13645,1
9217,13683,1
9217,17460,2
9217,17263,2
9215,10221,2
9215,16329,1
9215,17240,1
9215,11739,3
9194,17649,1
9180,21084,1
9179,14228,2
9179,20794,4
9173,20337,1
9173,13157,2
9159,19005,2
9159,13599,4
9156,13563,2
9156,10710,2
9152,9768,2
9152,14031,3
9152,17619,3
9152,17774,1
9152,20424,3
9152,20792,1
9152,21210,2
9152,9159,4
9152,10100,3
9152,18156,4
9152,12760,4
9152,13599,4
9152,12122,4
9145,9215,3
9145,20895,1
9145,9152,3
9143,13667,1
9133,11244,1
9128,17440,1
9118,12212,2
9113,11739,1
9107,11341,1
9101,14874,2
9092,15959,1
9083,13683,1
9070,18803,2
9070,12947,2
9069,17739,2
9069,15046,2
9058,16505,1
9029,19360,1
9027,19561,2
9027,9846,2
8997,13427,3
8997,19272,3
8994,9472,3
8994,9505,2
8994,12426,1
8994,14200,3
8994,16770,3
8994,11435,3
8994,10679,3
8994,9638,3
8993,13979,2
8987,12769,2
8973,9264,3
8973,14976,3
8973,15926,3
8973,17605,2
8973,19817,3
8973,20638,3
8973,21166,3
8959,18227,1
8955,18156,2
8947,13246,2
8947,10787,2
8941,15926,3
8941,21166,3
8941,8973,3
8923,18096,3
8923,9241,3
8919,12655,2
8919,20182,2
8919,20922,2
8919,16557,2
8918,13052,2
8918,17697,2
8918,13630,2
8912,9668,2
8898,9529,2
8882,9512,1
8877,16959,1
8872,17619,3
8872,9152,4
8865,10679,1
8863,13683,1
8856,13772,3
8856,19041,2
8856,12264,3
8856,18671,3
8854,20656,1
8850,11342,1
8844,20922,1
8836,9070,2
8836,9215,3
8836,11780,2
8836,12048,3
8836,12871,1
8836,16590,2
8836,19451,2
8836,20345,2
8836,11091,3
8830,10513,2
8812,12853,1
8812,18086,2
8803,16717,1
8796,18469,3
8789,20330,2
8789,17866,2
8777,13496,3
8777,13179,3
8770,16797,2
8764,11768,3
8764,10838,3
8759,19656,2
8759,17590,2
8756,15528,3
8746,11390,1
8737,9576,1
8730,16803,1
8724,18469,3
8724,8796,3
8713,9287,1
8713,10848,3
8713,17664,2
8713,20787,3
8713,21210,2
8713,9159,4
8713,10100,3
8713,13599,4
8713,9152,4
8697,11909,5
8697,16846,5
8697,17566,5
8697,13540,5
8692,16557,3
8692,9540,3
8667,9340,1
8656,9682,1
8651,12122,2
8644,11039,1
8624,9179,4
8624,20794,4
8624,16700,4
8624,12122,4
8615,16816,2
8615,10431,3
8582,11327,4
8582,18457,4
8570,18118,3
8570,16844,3
8565,14097,1
8553,17460,3
8553,17759,3
8553,19339,3
8553,17263,3
8553,13407,3
8539,9378,2
8539,12513,2
8539,13707,1
8534,15044,1
8530,20763,1
8520,10607,1
8514,8703,1
8510,16676,2
8502,12900,2
8499,16499,2
8499,13997,2
8491,10932,2
8491,20067,1
8464,10601,2
8461,12760,2
8456,19120,1
8445,15979,4
8445,10484,4
8445,9369,4
8423,18383,1
8422,9503,2
8409,16993,2
8344,17739,2
8344,9145,2
8314,14630,2
8314,18998,2
8314,11216,2
8311,15346,1
8309,19472,3
8308,11309,1
8285,21242,2
8285,10607,2
8277,8445,4
8277,10484,4
8277,12405,2
8277,15979,4
8277,18994,1
8277,20013,2
8277,9369,4
8263,19906,3
8256,19258,1
8249,15597,1
8242,8445,1
8236,13407,1
8225,10761,2
8225,14160,2
8225,14487,2
8225,19025,2
8225,10100,2
8203,15339,1
8201,20225,2
8188,17015,1
8167,9101,2
8167,10467,2
8167,13047,3
8167,13575,2
8167,16278,3
8167,19654,1
8167,14874,3
8154,13085,2
8154,10676,2
8148,11739,3
8148,11200,3
8148,9638,3
8147,13598,1
8141,8692,3
8141,9540,3
8141,16557,3
8140,17432,3
8140,13631,3
8137,19041,2
8137,8856,2
8108,11167,1
8088,17334,1
8081,19667,2
8080,12664,2
8077,19646,1
8052,15442,2
8052,15990,3
8036,10023,2
8036,13375,2
8020,11517,2
8019,8423,1
8002,11244,1
7999,20787,3
7999,16555,3
7995,9375,1
7984,16993,2
7984,18596,2
7967,18306,1
7964,15679,1
7959,10885,4
7959,9638,4
7947,16450,2
7947,15588,2
7946,16667,4
7946,17055,3
7946,18082,4
7946,18395,4
7946,11027,4
7924,19906,3
7924,8263,3
7920,9254,2
7914,15597,7
7914,13247,7
7914,12999,7
7910,17523,2
7910,11201,2
7907,10036,1
7876,9768,1
7873,18258,2
7873,21189,3
7873,21339,3
7873,14367,3
7873,12306,3
7868,11765,2
7868,11129,2
7862,17605,2
7862,14220,2
7850,20939,1
7841,8283,1
7818,10869,1
7818,21220,1
7802,20631,2
7802,13157,2
7755,12739,1
7741,10759,2
7741,13643,1
7741,15009,1
7741,19005,2
7741,19532,2
7741,20247,1
7741,9159,2
7734,10833,2
7734,10754,2
7721,10239,1
7717,16844,1
7694,12638,2
7694,10690,2
7691,19787,2
7687,20825,1
7677,11758,3
7677,20151,3
7677,18156,3
7624,10844,3
7624,10754,3
7587,16993,2
7566,10363,2
7563,10130,1
7560,20409,1
7557,18845,2
7557,18564,2
7552,16113,1
7548,19411,2
7548,21086,2
7547,19723,1
7547,16630,1
7546,7787,1
7532,18585,4
7532,13462,4
7532,8277,4
7529,9179,4
7529,20794,4
7529,8624,4
7526,9145,1
7522,15679,1
7515,12223,1
7515,18414,2
7513,10757,2
7513,10754,2
7512,20135,1
7491,18612,1
7488,11782,2
7483,16770,3
7483,14200,3
7483,8994,3
7442,12782,1
7442,19083,1
7441,16768,3
7440,8309,3
7440,19472,3
7439,10063,1
7437,21093,1
7430,13633,1
7416,14031,3
7416,12122,3
7416,9369,3
7416,9152,3
7415,13672,1
7403,16902,1
7400,21291,1
7399,20151,2
7395,12847,2
7380,12489,2
7380,10003,2
7365,16701,2
7363,21014,2
7363,16853,2
7360,13157,1
7355,18733,2
7355,18807,4
7351,19872,2
7351,15832,2
7343,11768,3
7343,8764,3
7342,10256,1
7339,19093,2
7327,17849,2
7327,13678,2
7292,9334,2
7286,18395,3
7286,17055,3
7286,7946,3
7282,16769,2
7282,17173,1
7282,20117,2
7281,17751,2
7281,17515,2
7280,13247,3
7280,11372,3
7280,9369,3
7266,14766,1
7262,14909,3
7262,16630,3
7261,9018,1
7261,11853,1
7256,10256,2
7250,8989,1
7237,20283,1
7231,10767,1
7220,7999,2
7211,17588,2
7211,13462,4
7211,12760,4
7211,16700,5
7211,10690,5
7211,11091,5
7211,11221,5
7210,10790,1
7210,12868,1
7210,20411,1
7196,20213,2
7196,11505,2
7194,21082,2
7184,14726,3
7184,13821,3
7184,10130,3
7181,7194,2
7181,10657,3
7181,10756,4
7181,21082,2
7181,11435,4
7180,9538,3
7180,13316,3
7180,13985,1
7180,16837,3
7180,10686,3
7180,9638,3
7153,18527,1
7139,18220,1
7121,16557,1
7095,16622,2
7093,12819,1
7089,13735,2
7089,20719,2
7083,10086,1
7081,17250,2
7074,10030,1
7072,12676,1
7064,16577,2
7064,18479,4
7064,17618,4
7064,16764,4
7058,9500,3
7058,16391,3
7058,17745,4
7058,20446,4
7058,20409,4
7042,14154,2
7006,16591,1
7004,15656,1
7000,7292,2
7000,9334,2
7000,9368,1
7000,10331,2
7000,11401,1
7000,13225,1
7000,16022,1
6999,9451,2
6987,7441,3
6987,10829,1
6987,15121,1
6987,16946,3
6987,16768,3
6981,20966,1
6969,18626,1
6968,8092,2
6968,20740,1
6963,13599,2
6963,9152,2
6961,20661,2
6960,13491,1
6941,21266,2
6937,11955,1
6931,9670,1
6926,21339,1
6906,21232,2
6906,16033,2
6901,21086,1
6890,18911,2
6890,15597,2
6871,7220,2
6871,7999,3
6871,8036,2
6871,8923,3
6871,9241,3
6871,20787,3
6871,18096,3
6871,13620,3
6861,15104,1
6856,10601,2
6856,8464,2
6814,18457,4
6814,11327,4
6814,8582,4
6806,18075,1
6806,20623,1
6798,21060,1
6791,15578,1
6791,18710,1
6791,20361,1
6737,11670,3
6737,12684,3
6737,21119,3
6737,18096,3
6737,15597,3
6735,21014,1
6733,8357,1
6722,9139,2
6721,8529,1
6720,12071,1
6702,16221,1
6694,12103,2
6694,9145,3
6693,16998,1
6692,16523,2
6692,14869,2
6682,7365,2
6682,11923,1
6682,16701,2
6674,14097,2
6673,7403,1
6673,18106,1
6673,14001,1
6650,14032,2
6649,20783,2
6649,10838,2
6647,17290,2
6647,17296,2
6647,20649,2
6647,19005,2
6626,15315,1
6610,20489,3
6610,18918,3
6609,16995,1
6599,18997,1
6595,9276,3
6595,12196,3
6595,12795,1
6595,21103,1
6595,16555,3
6586,7095,2
6586,16622,2
6585,8409,2
6585,16993,2
6585,8167,2
6584,8052,3
6584,8885,3
6584,14516,3
6584,15990,3
6584,17751,3
6584,6737,3
6584,18096,3
6571,16946,3
6571,7441,3
6571,6987,3
6540,7924,3
6540,8263,3
6540,11464,3
6540,15788,1
6540,19158,1
6540,19906,3
6530,7863,1
6522,18929,1
6499,16563,1
6498,14979,2
6482,18068,2
6482,20446,3
6482,11091,3
6478,15976,2
6468,20337,1
6461,15862,3
6457,18640,3
6457,20194,3
6457,20661,2
6457,11435,3
6456,19430,3
6456,10913,3
6447,13344,1
6447,20864,2
6445,16141,4
6445,15999,4
6445,14330,4
6433,20246,1
6411,12212,2
6411,9118,2
6408,13471,2
6407,12498,1
6397,14837,1
6396,14718,1
6395,12152,1
6394,11144,2
6394,10485,2
6389,21214,3
6389,11955,3
6387,6649,2
6387,15656,2
6387,16215,2
6385,14910,2
6384,8946,1
6377,7274,1
6371,15597,7
6371,13247,7
6371,12999,7
6371,7914,7
6370,7655,1
6358,9439,1
6357,6528,3
6357,7369,2
6357,19093,4
6357,12999,4
6345,6758,1
6335,16993,2
6335,11305,2
6334,9179,1
6331,18547,1
6331,18135,2
6321,18134,1
6321,19982,1
6317,14341,1
6301,19630,2
6301,15468,3
6295,12103,2
6295,10762,2
6289,8021,1
6282,18951,1
6275,19617,1
6271,7920,2
6271,10712,2
6271,9254,2
6270,18556,1
6270,19834,1
6267,15468,3
6267,6301,3
6243,7671,2
6243,21014,2
6243,12047,2
6236,17210,1
6236,19983,2
6236,20846,2
6215,8277,2
6204,11154,1
6204,12048,3
6204,8836,3
6200,19787,2
6200,7691,2
6197,14341,1
6196,14654,1
6196,15778,1
6189,11768,1
6188,11780,1
6186,13187,3
6186,12043,3
6185,11772,1
6175,12803,1
6174,13064,1
6171,9324,1
6171,16973,1
6156,15274,4
6156,20752,4
6156,8713,4
6152,11347,1
6140,15641,1
6136,15050,1
6132,7440,3
6132,8309,3
6132,13138,3
6132,19472,3
6095,7109,1
6088,15409,1
6073,7767,2
6070,12300,4
6070,9152,4
6070,8872,4
6041,8012,4
6037,18457,4
6037,11327,4
6037,8582,4
6037,6814,4
6029,14658,2
6029,10403,2
6006,12912,2
5996,15406,2
5995,18366,1
5979,20151,1
5976,17276,2
5976,16010,2
5972,9422,1
5969,7741,1
5963,13526,1
5942,15597,7
5942,13247,7
5942,12999,7
5942,7914,7
5942,6371,7
5941,21352,1
5941,6673,1
5940,16797,2
5940,8770,2
5937,18930,1
5937,20866,2
5935,19139,3
5935,12208,3
5927,19047,1
5922,13407,1
5913,7873,2
5903,6234,1
5901,17572,1
5901,19892,1
5901,20339,2
5901,13407,2
5900,14604,1
5894,8998,1
5887,7282,1
5884,9215,3
5884,13332,3
5884,13631,3
5884,15484,3
5884,18172,2
5884,19451,2
5884,20825,2
5884,16812,3
5884,8836,3
5874,13798,2
5874,10690,2
5869,9859,1
5866,15519,1
5864,20661,2
5864,6961,2
5846,6370,2
5846,12922,3
5846,15386,3
5846,19521,3
5832,8264,1
5832,14236,1
5832,14661,4
5832,15587,4
5832,18089,1
5832,19752,4
5832,19891,4
5821,18096,3
5821,6737,3
5812,7515,2
5792,6482,3
5792,17745,4
5792,20446,4
5792,21146,4
5792,7058,4
5792,7181,4
5792,20409,4
5792,11435,4
5792,10690,4
5792,11221,4
5792,7211,4
5777,12299,1
5777,16963,2
5777,21130,2
5777,13790,2
5759,19195,1
5733,17642,1
5718,6963,1
5709,6156,3
5709,6331,2
5709,8402,1
5709,19233,1
5709,20151,3
5709,8713,3
5703,17983,1
5678,12149,2
5678,10030,2
5678,9282,2
5676,15054,2
5676,18951,2
5676,14874,2
5676,8167,2
5661,7374,1
5646,8513,1
5636,6317,1
5635,14336,2
5635,11435,2
5611,9529,2
5611,8898,2
5609,8576,1
5607,9668,2
5607,8912,2
5595,17389,4
5595,13639,4
5595,9382,4
5592,13372,4
5592,6737,3
5592,15597,4
5586,13157,2
5586,8080,2
5576,8140,1
5575,18843,1
5574,5592,4
5574,8140,3
5574,13372,4
5574,13631,3
5574,15484,3
5574,17432,3
5574,20051,2
5574,20509,2
5574,5884,3
5574,11739,4
5563,7263,1
5561,21266,2
5561,6941,2
5549,13407,2
5549,10838,2
5545,18848,1
5542,7161,2
5542,14477,1
5537,20661,2
5534,12573,1
5516,11746,1
5516,13474,1
5516,17558,1
5503,6461,3
5503,19249,1
5503,15862,3
5493,12001,1
5490,17440,3
5490,17317,3
5490,9953,3
5488,6586,1
5484,9407,1
5478,20489,3
5478,18918,3
5478,6610,3
5477,12405,2
5477,8277,2
5473,20427,1
5468,13806,1
5458,10692,1
5458,18732,1
5455,8461,2
5455,8590,1
5455,12760,3
5455,11221,3
5455,10833,3
5445,16995,1
5411,14201,1
5400,13496,3
5400,13179,3
5400,8777,3
5399,7801,2
5399,10845,1
5399,12474,2
5399,13288,1
5399,15976,2
5399,20406,2
5399,17866,3
5399,19360,3
5395,10342,1
5385,6478,1
5371,5399,1
5369,6090,1
5368,5730,2
5358,8141,1
5353,7846,1
5342,17566,3
5342,14367,3
5342,7873,3
5329,9638,1
5324,21235,1
5322,18995,4
5322,17406,4
5322,13478,4
5322,10083,4
5321,18365,2
5321,15620,2
5315,18859,3
5308,8062,1
5308,12271,1
5305,21214,3
5305,11955,3
5305,6389,3
5264,10704,2
5258,11372,3
5258,13908,3
5258,13973,3
5258,20847,3
5258,21302,3
5257,19831,3
5257,16963,3
5257,15398,3
5257,9256,3
5255,16289,1
5253,10431,3
5253,8615,3
5251,8941,1
5249,9705,1
5249,13973,3
5249,21302,3
5249,5258,3
5248,5537,2
5248,5800,1
5248,5846,3
5248,10833,3
5248,12452,1
5248,12582,3
5248,12922,3
5248,14270,1
5248,15386,3
5248,15588,2
5248,19236,1
5248,7064,3
5248,12760,3
5248,11221,3
5243,19427,1
5234,20752,4
5234,15274,4
5234,6156,4
5211,18807,3
5211,7355,3
5205,18465,2
5205,15709,2
5190,12202,2
5187,13578,1
5183,14979,2
5183,6498,2
5172,10740,1
5166,13959,2
5166,9506,2
5093,19090,1
5092,8570,3
5092,18118,3
5092,16844,3
5088,17829,1
5088,20441,2
5088,6387,2
5088,16215,2
5088,10833,2
5086,10407,1
5085,7959,4
5085,10885,4
5085,21219,3
5085,9638,4
5085,13599,4
5085,12300,4
5085,10690,4
5079,20180,1
5070,6791,1
5068,20568,1
5068,11435,1
5065,12544,1
5065,15597,1
5057,5947,1
5057,16579,1
5057,18883,1
5036,6331,1
5029,19782,2
5029,12854,2
5024,15304,2
5024,13597,2
5012,12406,1
5010,10481,1
4996,5952,2
4996,14143,2
4996,20636,2
4970,20194,3
4970,18640,3
4970,6457,3
4964,12436,1
4958,20150,1
4952,7395,2
4952,12847,2
4943,8730,1
4919,13224,2
4919,10036,2
4907,13453,4
4907,11274,4
4907,10030,4
4897,14770,2
4897,18745,1
4895,11165,1
4884,15847,3
4871,6385,2
4871,11068,1
4871,11638,1
4871,14910,2
4864,7536,1
4864,8987,2
4864,12769,2
4864,13544,1
4857,5527,1
4855,17160,1
4825,10526,1
4824,4855,1
4824,19258,2
4824,13979,2
4798,9782,2
4798,14445,2
4798,20263,1
4797,7548,2
4797,8081,2
4797,10241,3
4797,16973,3
4797,19411,2
4797,19667,2
4797,21086,2
4797,15597,3
4794,8309,1
4789,10602,3
4789,15345,2
4789,17873,3
4789,17992,3
4789,20939,2
4789,13599,3
4777,11201,2
4777,7910,2
4771,16188,1
4762,8108,1
4758,7787,1
4758,18585,2
4755,5545,1
4753,21116,1
4707,17558,2
4701,13138,3
4701,19472,3
4701,7440,3
4701,6132,3
4677,5000,2
4677,20441,2
4677,12760,2
4677,5248,2
4667,6594,2
4667,8842,1
4667,14596,1
4667,19885,2
4657,19109,1
4657,16010,1
4651,5821,3
4651,18096,3
4651,6737,3
4651,6584,3
4641,17866,1
4640,7000,1
4638,15838,1
4637,6998,1
4627,11221,3
4627,7211,3
4627,5792,3
4624,15656,2
4624,12694,2
4624,6387,2
4611,15371,1
4611,12001,1
4610,11546,1
4607,6087,1
4607,7801,2
4607,10086,2
4607,11464,3
4607,13630,3
4607,14082,3
4607,16309,1
4607,16858,2
4607,17170,2
4607,17513,3
4607,17697,3
4607,17716,2
4607,18379,2
4607,18486,2
4607,18492,1
4607,18495,3
4607,18497,3
4607,18498,2
4607,18499,1
4607,18904,1
4607,20778,2
4607,10754,3
4607,5399,3
4607,13407,3
4607,17263,3
4606,9029,1
4604,5127,1
4604,16190,4
4604,18479,4
4604,17618,4
4604,16764,4
4592,10885,4
4592,13564,2
4592,19909,3
4592,20102,3
4592,13798,4
4592,5085,4
4592,13599,4
4592,12300,4
4579,6215,2
4579,17535,2
4579,21234,2
4573,5248,1
4549,4707,2
4549,21135,2
4549,17558,2
4517,18258,2
4517,9152,2
4497,18733,2
4497,16719,2
4487,18764,1
4480,10599,1
4474,8651,2
4474,12020,2
4474,16622,3
4474,12122,3
4474,10690,3
4471,9735,1
4464,11435,3
4464,10657,3
4464,7181,3
4449,5092,1
4447,13490,1
4436,21014,2
4436,16853,2
4433,13615,1
4432,4667,1
4425,17891,1
4423,9152,3
4423,8713,3
4422,18141,2
4422,9505,2
4407,8012,2
4406,12271,1
4388,13526,1
4387,6528,3
4387,7369,2
4387,17604,1
4387,19093,4
4387,6357,4
4387,12999,4
4383,20123,2
4383,14240,2
4376,19339,1
4372,10573,2
4367,4952,1
4361,7671,2
4357,4515,1
4357,7738,1
4357,12553,2
4357,13134,2
4340,12096,1
4303,7916,1
4295,11533,1
4294,18913,1
4294,6447,1
4292,8506,1
4288,5966,1
4288,10055,1
4288,16043,1
4288,20485,1
4288,18807,1
4285,18469,3
4285,8796,3
4285,8724,3
4283,16577,2
4283,7064,2
4281,18850,1
4276,8357,1
4276,12268,1
4276,16866,1
4276,6357,3
4276,4387,3
4256,9152,1
4251,18672,3
4251,18626,3
4251,10690,3
4236,6478,2
4236,15976,2
4235,10704,2
4211,13453,4
4211,11274,4
4211,10030,4
4211,4907,4
4210,9180,1
4207,6563,2
4207,17312,2
4207,17711,2
4206,16764,2
4197,11625,2
4191,6482,1
4169,20983,1
4167,6381,1
4162,5368,2
4162,5730,2
4162,18006,2
4154,8582,4
4154,13734,4
4154,16314,4
4154,13620,4
4154,11790,4
4143,15679,1
4104,14547,1
4094,20053,1
4094,15009,1
4087,7925,1
4087,14771,1
4085,10513,2
4085,8830,2
4054,11867,1
4039,11720,1
4037,12306,1
4035,4907,3
4035,8422,2
4035,9503,2
4035,12047,3
4035,14765,1
4035,20150,2
4035,10030,3
4017,11391,1
4014,7818,1
4004,14770,2
4004,19193,1
4004,4897,2
3984,17208,1
3980,8548,1
3977,15705,2
3977,15468,2
3977,12509,2
3963,4514,1
3963,16681,1
3963,19510,1
3963,4919,2
3963,21086,2
3963,21014,2
3952,14980,1
3944,21024,2
3944,13310,2
3943,7873,2
3943,5913,2
3932,10932,2
3932,8491,2
3930,11019,4
3930,13493,4
3930,16047,4
3930,21039,4
3923,15528,3
3923,8756,3
3921,15241,1
3915,15406,2
3913,17937,1
3899,19165,2
3899,12340,2
3889,11110,1
3889,20424,1
3888,9179,1
3886,17566,2
3886,14367,2
3885,20634,1
3885,15694,2
3841,16258,2
3841,12031,2
3835,15344,1
3835,16240,2
3834,6693,1
3828,16391,3
3828,9500,3
3828,7058,3
3816,11119,2
3816,10161,2
3815,21065,1
3811,21093,1
3799,16620,2
3785,12732,1
3765,12339,2
3765,14501,2
3765,21037,1
3763,14614,1
3760,14054,1
3760,19976,1
3748,11768,3
3748,8764,3
3748,7343,3
3725,12540,2
3722,15729,1
3719,3727,1
3712,13866,1
3710,17847,2
3705,15573,1
3688,19150,1
3685,21311,2
3685,18572,2
3681,4361,2
3681,9378,2
3681,12533,3
3681,17105,1
3681,12202,3
3668,16356,2
3666,9152,1
3656,7832,1
3643,19272,3
3643,13427,3
3643,8997,3
3633,12854,1
3627,3742,1
3586,3705,2
3570,14911,1
3570,14721,1
3564,13693,2
3561,16356,2
3561,3668,2
3555,5103,1
3555,19077,1
3555,4919,1
3538,10649,1
3531,13512,1
3531,13703,1
3531,7210,1
3530,11377,1
3520,6491,1
3519,9439,1
3518,8553,1
3514,4197,2
3514,11625,2
3514,17170,2
3493,16539,1
3493,19857,1
3493,11533,1
3482,15522,1
3478,5942,7
3478,6371,7
3478,7914,7
3478,8941,3
3478,15862,3
3478,15926,3
3478,17605,2
3478,21166,3
3478,8973,3
3478,13247,7
3478,15597,7
3478,12999,7
3460,19195,1
3443,20151,3
3443,11758,3
3443,7677,3
3438,14578,2
3438,10804,2
3422,5537,2
3422,19421,2
3422,20533,2
3422,19360,3
3422,11739,3
3422,5792,3
3422,5248,3
3416,8008,1
3416,6722,1
3411,17719,1
3411,20487,1
3411,14837,1
3405,9152,1
3387,12252,1
3380,19620,1
3380,19624,1
3380,17148,1
3376,4207,2
3361,18949,1
3361,3538,1
3348,11842,2
3346,5115,1
3346,9152,4
3346,8872,4
3346,6070,4
3344,6370,2
3344,18263,1
3344,9241,2
3344,5846,2
3343,8697,5
3343,11909,5
3343,13540,5
3343,16846,5
3343,11955,3
3343,17566,5
3341,5952,2
3341,14433,1
3336,3656,1
3336,3984,1
3336,18254,1
3323,17936,1
3323,16188,1
3318,9139,2
3318,10519,1
3318,6722,2
3310,7266,2
3308,6062,1
3296,20339,2
3296,14285,2
3294,4174,1
3294,5037,1
3294,5812,2
3294,6006,2
3294,6694,3
3294,7515,2
3294,18414,2
3294,9145,3
3284,15729,1
3284,16893,4
3284,20964,4
3284,16719,4
3284,9735,4
3245,13157,2
3239,5248,1
3222,18086,2
3222,8812,2
3219,3336,1
3218,9152,3
3218,8713,3
3218,4423,3
3216,11091,2
3216,6482,2
3210,21014,2
3210,10082,2
3195,18596,4
3195,18585,4
3195,13462,4
3188,8052,3
3188,8352,1
3188,8885,3
3188,15597,3
3188,6584,3
3186,14138,1
3186,14355,2
3186,12061,2
3184,13599,4
3184,9159,4
3184,8713,4
3181,11955,2
3181,9152,2
3177,13599,1
3175,17523,3
3175,18156,3
3175,9152,3
3168,15346,1
3168,4361,1
3160,18306,2
3160,19165,2
3160,12340,2
3153,14042,1
3133,12310,2
3133,20448,1
3133,18486,2
3132,19449,3
3132,13613,3
3127,19624,1
3101,17286,1
3090,7399,2
3090,9902,2
3090,10848,3
3090,11033,2
3090,12114,1
3090,16046,3
3090,18365,3
3090,18544,1
3090,21168,2
3090,21146,3
3090,20135,3
3090,20151,3
3090,5792,3
3088,20656,1
3079,10753,2
3079,19885,2
3079,20635,1
3079,21201,3
3079,21219,3
3079,21220,2
3079,10679,3
3074,9152,4
3074,8872,4
3074,6070,4
3074,3346,4
3044,15406,2
3044,3915,2
3040,7529,1
3029,13578,3
3029,12306,3
3029,5248,3
3027,10844,3
3027,10754,3
3027,7624,3
3019,17170,2
3019,3514,2
3008,13599,2
3008,4789,2
3002,10363,2
3002,7566,2
2997,3261,1
2997,8997,1
2996,18360,1
2977,18366,1
2971,6404,2
2971,12525,1
2971,16550,1
2971,18006,2
2965,9439,1
2958,3814,1
2958,14691,1
2957,10375,1
2947,20466,1
2943,3831,1
2943,6404,2
2943,6594,2
2943,20629,1
2943,4667,2
2934,20151,1
2911,13107,2
2907,16765,2
2907,17590,2
2907,12306,2
2901,16939,1
2893,7959,4
2893,10885,4
2893,9638,4
2893,5085,4
2878,7984,1
2866,3457,1
2865,20289,1
2861,6722,2
2861,7984,2
2861,12207,2
2861,12566,2
2861,17873,3
2861,17992,3
2861,20592,2
2861,4789,3
2860,9439,2
2860,19360,2
2857,10275,1
2854,4943,1
2834,10922,1
2832,12339,2
2832,14501,2
2832,12340,2
2832,3765,2
2813,14512,1
2813,19139,1
2807,3885,2
2807,10342,1
2807,15694,2
2807,19606,2
2789,20170,2
2789,9386,2
2780,18859,3
2780,5315,3
2778,8672,1
2778,12019,2
2778,20833,2
2778,16764,2
2778,9152,2
2765,14275,1
2765,4361,1
2753,11533,1
2746,12552,1
2725,3404,1
2719,16644,2
2719,18068,2
2719,19005,2
2719,9159,2
2718,19504,2
2718,16511,2
2715,15291,2
2715,12717,2
2701,15894,1
2701,16446,1
2701,19518,1
2691,11550,1
2691,20409,2
2691,16844,2
2689,17847,2
2689,3710,2
2684,6806,1
2681,8456,1
2681,13107,1
2672,6408,2
2672,13471,2
2672,16012,2
2672,10241,2
2668,10267,1
2668,14874,2
2668,8167,2
2667,6267,3
2667,6301,3
2667,14334,1
2667,18804,1
2667,15468,3
2664,19715,2
2664,16630,2
2660,14032,2
2660,6650,2
2658,18649,2
2658,18050,2
2655,3175,3
2655,3520,1
2655,6890,2
2655,11055,2
2655,11665,2
2655,12893,1
2655,15038,3
2655,16464,1
2655,19895,2
2655,18156,4
2655,12760,4
2655,16700,5
2655,9338,3
2655,11091,5
2655,20151,3
2655,9152,4
2655,7211,5
2655,11221,5
2636,3195,4
2636,4758,2
2636,7532,4
2636,15227,3
2636,18596,4
2636,18585,4
2636,13462,4
2630,6540,1
2628,16210,1
2626,17964,1
2598,12509,1
2585,10756,4
2585,18850,1
2585,10036,2
2585,11435,4
2585,7181,4
2584,11308,1
2580,16047,3
2580,13493,3
2580,3930,3
2568,2887,1
2536,13133,2
2536,11754,2
2533,20135,2
2533,17464,2
2518,20742,1
2509,20043,2
2509,14173,2
2509,10679,2
2504,4544,1
2502,16938,3
2502,11294,3
2497,6791,1
2496,16361,1
2489,12252,1
2469,12252,1
2463,6849,1
2461,10965,1
2447,4305,1
2447,14682,1
2447,19810,1
2447,12202,1
2443,14372,1
2443,20232,2
2443,13790,2
2434,11517,2
2434,8020,2
2424,6162,1
2421,8445,1
2418,7767,1
2414,6197,1
2414,9262,1
2414,14362,2
2414,14457,2
2414,15194,1
2414,16137,1
2414,16977,1
2410,13666,2
2403,6361,1
2396,11025,1
2382,11027,1
2371,11435,4
2371,10756,4
2371,7181,4
2371,2585,4
2364,13540,3
2364,8697,3
2364,3343,3
2354,15423,1
2351,2672,1
2348,15528,3
2348,8756,3
2348,3923,3
2342,14031,1
2327,20424,1
2294,7969,2
2289,13316,2
2277,8320,1
2276,14367,1
2270,17809,1
2269,20394,1
2259,15597,1
2258,14449,1
2257,4607,1
2254,3336,1
2252,4206,2
2252,5595,4
2252,7355,4
2252,8697,4
2252,9241,3
2252,9382,4
2252,12498,1
2252,13540,4
2252,13639,4
2252,17389,4
2252,17679,3
2252,18807,4
2252,18865,3
2252,20068,3
2252,17618,4
2252,7064,4
2252,3343,4
2252,11955,3
2252,18671,4
2252,16764,4
2241,6196,1
2234,8167,1
2233,19250,1
2224,5897,1
2219,14154,2
2219,4824,2
2216,19624,1
2215,3312,1
2209,6733,1
2209,11210,1
2209,18113,1
2206,11167,1
2201,8092,2
2201,6968,2
2196,14097,2
2196,6674,2
2187,9870,1
2179,8052,3
2179,8885,3
2179,3188,3
2179,15597,3
2179,6584,3
2173,12264,3
2173,11315,3
2173,9501,3
2169,15048,1
2136,15009,1
2129,13790,1
2127,16257,1
2126,16454,1
2124,17923,1
2112,14718,1
2111,7400,1
2101,19909,3
2101,20102,3
2101,10885,4
2101,13798,4
2101,12300,4
2101,5085,4
2101,4592,4
2093,12900,2
2093,8502,2
2079,5901,1
2061,10831,1
2061,13790,1
2056,4154,3
2054,10599,1
2050,19176,1
2050,8491,2
2050,5248,2
2032,3520,1
2031,2627,1
2031,3681,3
2031,4338,1
2031,5190,2
2031,7529,3
2031,8137,2
2031,8856,3
2031,10152,1
2031,10367,1
2031,15296,1
2031,16249,1
2031,20496,1
2031,12202,3
2022,15862,3
2022,6461,3
2022,5503,3
2019,19139,3
2019,12208,3
2019,5935,3
1980,6076,1
1980,16201,1
1980,12676,1
1978,4564,1
1978,20337,1
1977,16744,2
1977,9747,2
1969,13916,1
1944,19867,2
1944,16019,2
1943,14336,1
1928,16527,2
1928,15847,3
1928,11739,3
1928,3422,3
1927,16454,2
1927,16188,2
1921,4207,1
1914,4154,3
1914,2056,3
1912,16764,2
1912,2778,2
1892,18412,2
1892,9597,2
1889,10374,3
1889,19879,3
1889,15597,3
1889,10241,3
1889,4797,3
1888,12103,2
1888,6694,2
1885,15762,1
1863,5248,1
1852,21325,1
1843,20013,2
1843,8277,2
1838,21289,1
1838,3835,2
1838,16240,2
1834,9512,1
1832,6998,1
1831,12081,1
1831,19547,1
1813,16593,2
1813,12820,2
1813,11281,2
1806,3705,2
1806,3586,2
1800,7262,3
1800,8955,2
1800,14909,3
1800,16630,3
1798,9262,1
1782,3564,2
1782,13693,2
1782,6331,2
1775,6859,1
1775,6999,2
1775,9451,2
1768,9639,1
1768,19930,1
1768,20616,1
1762,4054,2
1760,2026,1
1760,2344,1
1760,3245,2
1760,7519,1
1760,12479,1
1760,12725,3
1760,13311,3
1760,13885,3
1760,20070,1
1760,21084,3
1760,21014,3
1756,18859,3
1756,5315,3
1756,2780,3
1754,15274,3
1754,16853,3
1754,21014,3
1750,10429,1
1750,19721,1
1738,19318,1
1738,8225,2
1738,20290,2
1738,10100,2
1734,13979,2
1734,8993,2
1732,16993,2
1732,7587,2
1717,4702,1
1717,13578,3
1717,14976,3
1717,15130,2
1717,21166,3
1717,21339,3
1717,17590,3
1717,9145,3
1717,12306,3
1714,7355,4
1714,18807,4
1714,7064,4
1714,2252,4
1701,12533,3
1701,12202,3
1701,3681,3
1692,6722,1
1687,19139,1
1671,11284,1
1653,9517,1
1653,4952,1
1651,6044,1
1648,19755,1
1643,16946,1
1639,15868,1
1635,12540,2
1635,3725,2
1622,14954,1
1615,14115,1
1615,21339,3
1615,20290,3
1615,19688,3
1599,2008,1
1593,15847,3
1593,4884,3
1589,18156,4
1589,12760,4
1589,9152,4
1589,2655,4
1583,15693,1
1583,17263,1
1577,16536,1
1577,20337,1
1565,19982,1
1552,5565,1
1546,12146,1
1544,16375,2
1544,14905,2
1540,4895,1
1538,6073,2
1538,7767,2
1519,15743,1
1505,10636,1
1505,2414,2
1505,19339,2
1504,11926,1
1499,18096,2
1499,14293,2
1490,5709,1
1489,20337,1
1485,4606,1
1477,13396,1
1477,7089,1
1471,10431,3
1471,8615,3
1471,5253,3
1450,12202,1
1449,8539,1
1448,3799,2
1448,16620,2
1448,10929,2
1443,4207,2
1443,3376,2
1438,6991,1
1421,8854,1
1421,10184,1
1421,18852,1
1406,12549,3
1406,12530,3
1406,12146,3
1398,20866,2
1398,5937,2
1396,4580,1
1396,10300,1
1396,13486,2
1396,9768,2
1376,18585,3
1376,13462,3
1376,2636,3
1364,16619,1
1364,18640,3
1364,6457,3
1364,4970,3
1351,10168,2
1351,17504,1
1351,14874,2
1342,10324,1
1330,11901,1
1330,21304,1
1329,11067,1
1320,18156,3
1320,10100,3
1320,9152,3
1318,15406,2
1318,5996,2
1314,1754,2
1314,3765,2
1314,9173,2
1314,12694,2
1314,13947,1
1314,19022,2
1314,19418,1
1314,13157,2
1311,4407,2
1311,5542,2
1311,6041,4
1311,7161,2
1311,7488,2
1311,8012,4
1311,11782,2
1298,8285,1
1292,12122,2
1292,11221,2
1289,5707,1
1282,5855,1
1280,2701,1
1279,5516,1
1266,5234,4
1266,15274,4
1266,20752,4
1266,5709,3
1266,8713,4
1266,6156,4
1263,11167,1
1262,2396,1
1262,10480,1
1262,19274,1
1255,3310,2
1255,16534,1
1255,7266,2
1240,6922,1
1224,19235,1
1221,3318,1
1201,5956,1
1201,19610,2
1201,11478,2
1194,10877,1
1191,14567,1
1186,2719,2
1186,8872,3
1186,12582,3
1186,13963,2
1186,16644,2
1186,17619,3
1186,17695,1
1186,2861,3
1186,11435,3
1186,9152,3
1184,14941,2
1184,9766,2
1184,11342,2
1179,19228,1
1172,13473,1
1153,12513,2
1153,8539,2
1143,3005,1
1141,13703,1
1130,6445,4
1130,6456,3
1130,10913,3
1130,14330,4
1130,15999,4
1130,16141,4
1130,19430,3
1115,19895,2
1115,2655,2
1112,9262,1
1110,5635,1
1105,2893,1
1102,7969,2
1102,2294,2
1096,9987,1
1094,4154,3
1094,2056,3
1094,1914,3
1092,5211,3
1092,18807,4
1092,7355,4
1092,2252,4
1092,1714,4
1087,13239,1
1087,4054,1
1086,12866,1
1079,14578,2
1079,10804,2
1076,3341,2
1073,7081,2
1073,10130,3
1073,12047,3
1073,17250,2
1073,21093,3
1073,4035,3
1073,12306,3
1070,3930,4
1070,6041,4
1070,8012,4
1070,11579,2
1070,19380,2
1070,1311,4
1061,2911,2
1061,11768,2
1061,11842,2
1061,12076,2
1061,13107,2
1061,13781,2
1054,3724,1
1054,4041,1
1054,6563,2
1054,10327,2
1054,13728,1
1054,15258,1
1054,16232,1
1054,9152,2
1048,15163,2
1048,21130,2
1048,19195,2
1048,5777,2
1035,12383,2
1035,17799,2
1035,13997,2
1035,12947,2
1014,7058,1
1009,4054,2
1009,1762,2
1003,1396,1
999,2856,1
985,20864,2
985,6447,2
984,15130,2
984,1717,2
980,4404,1
978,19834,1
970,14189,3
970,6694,3
970,3294,3
970,16844,3
970,18096,3
958,7000,1
945,6234,1
940,1593,3
940,1928,3
940,4884,3
940,7529,4
940,8624,4
940,9179,4
940,15847,3
940,20794,4
940,16700,5
940,11739,4
940,11091,5
940,12122,4
940,11221,5
940,7211,5
940,2655,5
937,14976,1
928,13599,4
928,9159,4
928,8713,4
928,3184,4
925,15445,1
894,5026,1
894,16221,1
894,4357,1
888,20001,1
879,10951,1
876,17590,3
876,12839,3
876,11932,3
874,2327,1
849,18316,1
849,18855,2
849,16858,2
836,11351,2
836,9272,2
835,1820,1
835,4481,1
835,12746,1
830,17375,3
830,16608,3
830,9967,3
794,4825,1
794,10917,2
794,16768,2
791,6245,1
764,4236,2
764,17893,2
764,10573,2
758,8770,2
758,5940,2
753,5659,1
751,7339,2
751,14693,2
751,11342,2
751,19093,2
751,15597,2
745,11960,2
745,9766,2
736,20802,2
736,8553,2
736,2719,2
725,5000,2
725,4677,2
721,15034,3
721,13310,3
721,11009,3
721,6737,3
720,2219,1
718,6528,3
718,6987,3
718,6357,3
718,4387,3
718,2179,3
717,6469,1
717,21242,1
709,18452,1
709,5996,1
693,20906,1
672,11720,2
672,11350,2
659,13187,3
659,12043,3
659,6186,3
638,8515,1
633,19660,1
617,20283,1
600,21254,1
593,2865,1
593,10815,2
593,14191,2
593,2778,2
581,6540,1
562,1883,1
562,4372,2
562,14622,2
562,10573,2
543,1577,1
540,19683,1
530,21166,3
530,8941,3
530,3478,3
523,8201,2
523,20225,2
523,5248,2
522,13316,2
522,2289,2
520,6540,1
515,16113,1
514,11837,1
513,1800,3
513,4235,2
513,5264,2
513,7262,3
513,10704,2
513,11281,3
513,14909,3
513,15641,3
513,17671,1
513,20424,3
513,16630,3
513,18596,3
513,17523,3
513,12300,3
510,13666,2
510,2410,2
503,16993,1
496,8456,1
489,13599,3
489,5085,3
489,4592,3
480,5764,1
475,19360,2
475,12306,2
472,4154,2
472,2056,2
453,18845,1
445,3341,2
445,1076,2
441,11236,5
441,13316,3
441,13332,3
441,13333,5
441,14928,5
441,20409,4
441,16812,5
441,10690,5
441,2655,5
439,7139,1
439,9069,2
439,10607,2
439,13625,1
439,15046,2
439,12854,2
438,9378,1
412,17523,3
412,17334,3
412,15641,3
408,1538,1
406,9729,1
389,12912,1
341,1505,1
336,3570,1
334,13953,1
334,1263,1
333,10624,4
333,18102,4
333,3090,3
333,21146,4
333,19688,4
333,5792,4
298,15396,2
298,11298,2
276,2663,1
276,21177,2
276,14622,2
273,1061,2
273,1505,2
273,1754,3
273,3348,2
273,11842,2
273,12047,3
273,5709,3
256,3732,1
256,11978,1
250,20424,2
250,513,2
248,1079,1
244,17849,1
214,5485,1
212,13672,1
207,9707,1
197,17380,1
196,3132,3
196,4276,3
196,5592,4
196,5942,7
196,6371,7
196,7914,7
196,9241,3
196,13372,4
196,13613,3
196,19093,4
196,19449,3
196,20760,2
196,21035,2
196,6357,4
196,18585,4
196,6737,3
196,4387,4
196,20409,4
196,18671,4
196,10030,4
196,13247,7
196,5574,4
196,3478,7
196,12999,7
196,15597,7
179,2431,1
179,7837,1
177,12172,1
177,13192,1
176,11814,2
176,15580,2
176,4919,2
175,8796,2
175,8724,2
143,9471,1
141,17936,1
131,17618,2
131,7064,2
120,1629,1
120,11003,1
120,20384,1
120,273,1
115,764,2
115,2860,2
115,4919,2
115,7676,1
115,8461,2
115,17893,2
115,21093,2
113,20441,1
106,1190,1
106,2502,3
106,8510,2
106,11294,3
106,15038,3
106,16676,2
106,16718,2
106,16938,3
106,6357,3
106,4387,3
105,13915,1
104,14837,1
94,5533,1
90,18111,1
90,5537,1
70,9248,1
61,20345,2
61,6204,3
61,12048,3
61,8836,3
46,12671,1
46,14142,2
46,15345,2
46,4789,2
17,14154,2
17,7042,2
16,10256,2
16,7256,2
13,8012,4
13,6041,4
13,1311,4
13,1070,4
6,20337,1
2,3090,1
