0,512,0
0,515,0
0,526,0
0,530,0
0,533,0
0,538,0
0,542,0
0,548,0
0,549,0
0,550,0
0,552,0
0,556,0
0,558,0
0,561,0
0,562,0
0,563,0
0,566,0
0,568,0
0,570,0
0,578,0
0,579,0
0,580,0
0,581,0
0,587,0
0,588,0
0,591,0
0,600,0
0,607,0
0,610,0
0,611,0
0,614,0
0,619,0
0,620,0
0,627,0
0,628,0
0,638,0
0,639,0
0,641,0
0,647,0
0,648,0
0,651,0
0,653,0
0,661,0
0,666,0
0,673,0
0,679,0
0,680,0
0,425,0
0,427,0
0,428,0
0,686,0
0,430,0
0,431,0
0,432,0
0,433,0
0,689,0
0,692,0
0,436,0
0,437,0
0,693,0
0,694,0
0,439,0
0,697,0
0,698,0
0,442,0
0,443,0
0,445,0
0,702,0
0,446,0
0,704,0
0,707,0
0,708,0
0,710,0
0,456,0
0,713,0
0,458,0
0,714,0
0,459,0
0,715,0
0,716,0
0,717,0
0,718,0
0,719,0
0,465,0
0,469,0
0,470,0
0,478,0
0,485,0
0,490,0
0,494,0
0,498,0
0,500,0
0,501,0
0,502,0
0,503,0
0,505,0
0,511,0
1,704,0
1,561,0
1,694,0
1,425,0
1,521,0
1,666,0
1,698,0
1,638,0
1,686,0
1,702,0
2,450,0
2,597,0
2,425,0
2,655,0
3,561,0
3,638,0
3,686,0
4,561,0
5,704,0
5,561,0
5,707,0
5,708,0
5,694,0
5,710,0
5,425,0
5,666,0
5,698,0
5,638,0
5,686,0
5,702,0
6,704,0
6,561,0
6,707,0
6,694,0
6,425,0
6,666,0
6,698,0
6,638,0
6,686,0
6,702,0
7,561,0
7,694,0
7,425,0
7,697,0
7,698,0
7,666,0
7,459,0
7,638,0
7,686,0
7,702,0
8,425,0
9,480,0
9,561,0
9,425,0
9,666,0
9,638,0
9,686,0
10,561,0
10,638,0
11,704,0
11,698,0
12,561,0
12,425,0
13,561,0
13,526,0
13,638,0
14,561,0
14,694,0
14,666,0
14,698,0
14,638,0
14,686,0
14,702,0
15,425,0
16,561,0
16,425,0
16,638,0
16,686,0
16,702,0
17,704,0
17,561,0
17,694,0
17,425,0
17,458,0
17,666,0
17,698,0
17,638,0
17,686,0
17,702,0
18,704,0
18,561,0
18,425,0
18,666,0
18,698,0
18,638,0
18,686,0
18,702,0
19,561,0
19,425,0
20,561,0
21,561,0
21,694,0
21,425,0
21,666,0
21,698,0
21,638,0
21,686,0
22,704,0
22,707,0
22,708,0
22,710,0
22,425,0
22,714,0
22,686,0
22,561,0
22,694,0
22,666,0
22,698,0
22,638,0
22,702,0
23,561,0
23,518,0
23,425,0
23,638,0
23,686,0
25,561,0
25,425,0
25,638,0
26,627,0
26,666,0
26,427,0
26,638,0
26,686,0
27,561,0
27,425,0
27,638,0
27,607,0
28,561,0
28,477,0
29,561,0
29,425,0
30,561,0
30,425,0
30,666,0
30,638,0
30,686,0
31,638,0
31,686,0
32,425,0
33,642,0
33,425,0
33,572,0
34,437,0
34,694,0
34,425,0
34,666,0
34,698,0
34,638,0
34,686,0
35,619,0
36,561,0
36,666,0
36,638,0
38,561,0
38,425,0
38,666,0
38,638,0
39,704,0
39,561,0
39,694,0
39,666,0
39,698,0
39,427,0
39,638,0
39,686,0
39,702,0
40,561,0
40,425,0
40,638,0
41,704,0
41,561,0
41,707,0
41,694,0
41,666,0
41,698,0
41,638,0
41,686,0
41,702,0
42,561,0
42,694,0
42,425,0
42,666,0
42,638,0
43,561,0
43,425,0
43,638,0
44,694,0
44,698,0
44,686,0
45,704,0
45,707,0
45,694,0
45,425,0
45,666,0
45,698,0
45,638,0
45,686,0
45,702,0
46,561,0
46,535,0
47,704,0
47,561,0
47,694,0
47,425,0
47,666,0
47,698,0
47,638,0
48,561,0
48,694,0
48,425,0
48,638,0
49,561,0
49,425,0
49,638,0
50,561,0
50,469,0
50,694,0
50,686,0
50,702,0
51,561,0
52,561,0
52,566,0
52,425,0
52,666,0
52,638,0
53,561,0
53,666,0
53,638,0
54,694,0
54,633,0
54,638,0
55,626,0
55,453,0
55,698,0
55,638,0
55,686,0
56,704,0
56,694,0
56,425,0
56,666,0
56,698,0
56,635,0
56,638,0
56,686,0
56,702,0
57,561,0
57,425,0
57,666,0
57,638,0
57,686,0
58,561,0
58,425,0
58,666,0
58,638,0
58,686,0
59,704,0
59,561,0
59,547,0
59,707,0
59,666,0
59,698,0
59,686,0
59,702,0
60,704,0
60,561,0
60,694,0
60,425,0
60,666,0
60,698,0
60,458,0
60,638,0
60,686,0
61,561,0
61,425,0
62,561,0
62,501,0
62,425,0
62,666,0
62,638,0
63,425,0
63,666,0
64,561,0
64,425,0
64,666,0
64,638,0
65,561,0
65,425,0
65,638,0
66,561,0
66,425,0
66,666,0
66,638,0
67,425,0
67,638,0
68,561,0
68,425,0
68,666,0
68,638,0
69,561,0
69,694,0
69,425,0
69,666,0
69,638,0
69,686,0
70,704,0
70,561,0
70,694,0
70,551,0
70,698,0
70,638,0
70,686,0
70,702,0
71,561,0
71,666,0
71,539,0
71,686,0
72,561,0
72,425,0
73,640,0
73,561,0
73,425,0
73,666,0
74,561,0
74,562,0
74,425,0
74,666,0
74,698,0
74,638,0
74,686,0
75,425,0
76,561,0
76,425,0
77,561,0
77,425,0
78,694,0
78,425,0
78,666,0
78,638,0
78,686,0
79,561,0
80,561,0
80,694,0
80,425,0
80,666,0
80,638,0
80,686,0
81,666,0
82,561,0
82,425,0
83,704,0
83,561,0
83,698,0
83,666,0
83,638,0
83,686,0
84,704,0
84,561,0
84,707,0
84,708,0
84,694,0
84,425,0
84,666,0
84,698,0
84,638,0
84,686,0
84,702,0
85,561,0
85,425,0
86,561,0
86,425,0
86,666,0
86,638,0
87,561,0
87,425,0
87,638,0
88,425,0
89,561,0
89,425,0
89,638,0
90,694,0
90,425,0
91,694,0
91,698,0
91,522,0
91,638,0
91,702,0
92,561,0
92,425,0
92,666,0
92,638,0
92,686,0
93,493,0
94,464,0
94,561,0
94,694,0
94,666,0
94,698,0
95,433,0
95,561,0
95,694,0
95,666,0
95,698,0
95,638,0
95,686,0
96,561,0
96,694,0
96,425,0
96,666,0
96,698,0
96,638,0
96,686,0
97,561,0
98,425,0
98,638,0
99,588,0
100,704,0
100,561,0
100,694,0
100,710,0
100,666,0
100,686,0
101,561,0
102,561,0
102,694,0
102,698,0
102,666,0
102,638,0
103,561,0
103,425,0
103,666,0
103,686,0
104,561,0
104,425,0
105,686,0
105,702,0
106,694,0
106,425,0
106,666,0
106,638,0
106,686,0
107,561,0
107,694,0
107,666,0
107,638,0
107,686,0
108,561,0
108,425,0
108,638,0
109,561,0
109,425,0
109,666,0
109,638,0
110,425,0
111,561,0
112,425,0
112,666,0
112,638,0
112,686,0
113,704,0
113,561,0
113,694,0
113,425,0
113,666,0
113,698,0
113,638,0
113,686,0
113,702,0
114,561,0
114,425,0
114,666,0
114,638,0
115,561,0
115,425,0
115,686,0
116,561,0
116,425,0
117,561,0
117,425,0
117,686,0
118,561,0
118,638,0
119,561,0
119,452,0
119,666,0
119,638,0
120,561,0
120,563,0
120,694,0
120,666,0
120,698,0
120,427,0
120,638,0
120,686,0
121,425,0
122,561,0
122,425,0
122,638,0
123,561,0
123,425,0
124,561,0
124,694,0
124,425,0
124,666,0
124,698,0
124,638,0
124,686,0
125,704,0
125,561,0
125,707,0
125,694,0
125,425,0
125,666,0
125,698,0
125,638,0
125,686,0
125,702,0
126,561,0
126,425,0
126,666,0
127,561,0
127,694,0
127,568,0
127,425,0
127,698,0
127,666,0
127,638,0
127,686,0
128,666,0
128,686,0
129,425,0
130,561,0
130,694,0
130,425,0
130,507,0
130,638,0
131,561,0
131,694,0
131,425,0
131,666,0
131,698,0
131,638,0
131,686,0
132,561,0
132,425,0
133,561,0
133,694,0
133,425,0
133,457,0
133,666,0
133,586,0
133,698,0
133,638,0
133,702,0
133,686,0
134,561,0
135,504,0
135,666,0
136,561,0
136,694,0
136,425,0
136,666,0
136,638,0
136,686,0
136,702,0
137,704,0
137,707,0
137,666,0
137,702,0
137,638,0
138,561,0
138,535,0
138,666,0
138,686,0
139,694,0
139,638,0
140,560,0
140,561,0
140,694,0
140,425,0
140,666,0
140,698,0
140,635,0
140,654,0
140,686,0
140,638,0
140,702,0
141,561,0
141,425,0
142,694,0
142,425,0
142,666,0
142,698,0
143,561,0
143,694,0
143,425,0
143,666,0
143,698,0
143,638,0
144,561,0
145,704,0
145,561,0
145,694,0
145,698,0
145,666,0
145,492,0
145,702,0
145,686,0
145,638,0
146,666,0
146,638,0
147,561,0
147,694,0
147,425,0
147,666,0
147,698,0
147,638,0
147,686,0
148,561,0
148,425,0
148,666,0
148,638,0
149,561,0
149,705,0
149,425,0
149,666,0
149,638,0
150,704,0
150,561,0
150,707,0
150,454,0
150,694,0
150,666,0
150,698,0
150,686,0
150,702,0
151,561,0
151,638,0
152,666,0
152,638,0
153,561,0
153,694,0
153,425,0
153,666,0
153,638,0
153,686,0
154,561,0
154,425,0
154,638,0
155,561,0
155,425,0
156,561,0
156,694,0
156,425,0
156,666,0
156,698,0
156,638,0
156,686,0
157,561,0
157,425,0
157,666,0
157,638,0
157,686,0
158,561,0
158,425,0
158,638,0
159,692,0
159,694,0
159,666,0
159,638,0
160,666,0
161,561,0
161,425,0
161,666,0
161,638,0
162,561,0
162,519,0
162,638,0
162,686,0
164,561,0
164,694,0
164,425,0
164,666,0
164,638,0
164,686,0
165,561,0
165,425,0
165,666,0
165,638,0
166,704,0
166,561,0
166,707,0
166,708,0
166,694,0
166,710,0
166,425,0
166,666,0
166,698,0
166,714,0
166,686,0
166,702,0
167,425,0
168,561,0
169,694,0
170,707,0
170,694,0
170,710,0
170,425,0
170,666,0
170,714,0
170,589,0
170,638,0
170,686,0
170,702,0
170,718,0
171,561,0
171,638,0
172,561,0
172,694,0
172,425,0
172,666,0
172,698,0
172,638,0
172,686,0
173,561,0
174,561,0
174,489,0
174,425,0
174,638,0
175,694,0
175,666,0
175,698,0
175,638,0
175,686,0
175,702,0
176,561,0
176,425,0
176,638,0
177,561,0
177,694,0
177,425,0
177,666,0
177,638,0
177,686,0
178,561,0
178,638,0
178,686,0
179,425,0
180,561,0
180,425,0
180,638,0
181,561,0
181,564,0
181,694,0
181,425,0
182,561,0
182,425,0
182,666,0
182,638,0
183,592,0
183,561,0
183,428,0
183,638,0
184,425,0
185,561,0
185,452,0
185,694,0
185,712,0
185,425,0
185,666,0
185,698,0
185,638,0
185,686,0
185,702,0
186,704,0
186,694,0
186,425,0
186,698,0
186,702,0
187,425,0
187,638,0
188,561,0
188,666,0
188,638,0
189,561,0
189,425,0
189,666,0
189,638,0
190,561,0
190,694,0
190,425,0
190,666,0
190,698,0
190,638,0
190,686,0
191,561,0
192,425,0
193,425,0
194,561,0
194,439,0
194,638,0
195,704,0
195,561,0
195,707,0
195,708,0
195,694,0
195,425,0
195,698,0
195,638,0
195,702,0
196,694,0
196,425,0
196,666,0
196,698,0
196,638,0
196,686,0
196,702,0
197,704,0
197,561,0
197,707,0
197,708,0
197,694,0
197,710,0
197,666,0
197,698,0
197,702,0
198,561,0
199,561,0
199,425,0
199,666,0
199,638,0
200,704,0
200,561,0
200,707,0
200,708,0
200,694,0
200,710,0
200,666,0
200,698,0
200,638,0
200,686,0
200,702,0
201,425,0
202,638,0
203,425,0
204,561,0
204,425,0
204,666,0
204,638,0
205,561,0
205,694,0
205,666,0
206,694,0
206,647,0
207,704,0
207,561,0
207,707,0
207,708,0
207,694,0
207,425,0
207,666,0
207,698,0
207,638,0
207,686,0
207,702,0
208,561,0
208,425,0
208,666,0
208,638,0
209,561,0
209,425,0
210,704,0
210,561,0
210,708,0
210,694,0
210,713,0
210,666,0
210,698,0
210,638,0
210,686,0
210,702,0
211,425,0
211,686,0
212,561,0
212,425,0
212,666,0
212,636,0
212,638,0
212,686,0
212,527,0
213,561,0
213,694,0
213,680,0
213,505,0
213,425,0
213,666,0
213,638,0
213,686,0
214,561,0
214,437,0
214,425,0
214,666,0
214,638,0
215,704,0
215,561,0
215,707,0
215,708,0
215,694,0
215,666,0
215,698,0
215,638,0
215,686,0
215,702,0
216,561,0
216,694,0
216,425,0
217,561,0
217,425,0
219,561,0
219,425,0
219,638,0
220,561,0
220,694,0
220,425,0
220,666,0
220,698,0
220,638,0
220,686,0
221,561,0
221,466,0
221,694,0
221,666,0
221,698,0
222,425,0
223,666,0
223,638,0
223,686,0
223,703,0
224,704,0
224,561,0
224,707,0
224,708,0
224,694,0
224,425,0
224,666,0
224,698,0
224,638,0
224,686,0
224,702,0
225,524,0
226,598,0
226,425,0
226,638,0
227,561,0
228,561,0
229,561,0
229,425,0
229,666,0
229,638,0
230,561,0
230,686,0
231,425,0
232,561,0
232,425,0
232,666,0
232,638,0
232,686,0
233,561,0
233,425,0
233,638,0
234,694,0
234,487,0
234,638,0
235,704,0
235,561,0
235,425,0
235,666,0
235,698,0
235,686,0
236,704,0
236,561,0
236,425,0
236,666,0
236,638,0
236,462,0
237,425,0
238,425,0
239,704,0
239,561,0
239,694,0
239,425,0
239,698,0
239,666,0
239,638,0
239,686,0
239,702,0
240,561,0
240,694,0
240,425,0
240,638,0
241,704,0
241,707,0
241,708,0
241,710,0
241,425,0
241,713,0
241,489,0
241,714,0
241,686,0
241,718,0
241,561,0
241,694,0
241,666,0
241,698,0
241,702,0
241,638,0
242,561,0
242,425,0
242,666,0
243,704,0
243,561,0
243,707,0
243,708,0
243,694,0
243,710,0
243,425,0
243,666,0
243,698,0
243,638,0
243,686,0
243,702,0
244,561,0
244,425,0
245,704,0
245,561,0
245,694,0
245,425,0
245,666,0
245,698,0
245,638,0
245,686,0
245,702,0
246,561,0
246,469,0
246,425,0
246,638,0
247,425,0
247,666,0
247,638,0
248,425,0
248,666,0
248,698,0
248,686,0
249,561,0
249,425,0
250,704,0
250,561,0
250,694,0
250,666,0
250,698,0
250,638,0
250,686,0
250,702,0
251,425,0
252,561,0
252,425,0
252,666,0
252,638,0
252,686,0
253,561,0
253,694,0
253,425,0
253,666,0
253,638,0
254,561,0
254,666,0
255,645,0
255,425,0
255,666,0
255,686,0
256,561,0
256,694,0
256,698,0
256,666,0
256,686,0
256,638,0
257,694,0
257,425,0
257,666,0
257,686,0
258,694,0
258,686,0
259,561,0
259,638,0
260,561,0
260,425,0
260,666,0
260,638,0
261,614,0
262,561,0
262,666,0
262,698,0
262,638,0
262,686,0
262,702,0
263,685,0
263,686,0
264,561,0
264,425,0
264,638,0
265,425,0
266,704,0
266,561,0
266,466,0
266,425,0
266,666,0
266,686,0
266,702,0
266,638,0
267,561,0
267,694,0
267,425,0
267,700,0
267,638,0
267,686,0
267,702,0
268,704,0
268,694,0
268,710,0
268,425,0
268,666,0
268,698,0
268,540,0
268,638,0
268,686,0
269,425,0
269,666,0
269,686,0
270,561,0
270,425,0
270,666,0
271,561,0
271,694,0
271,425,0
271,666,0
271,698,0
271,638,0
272,425,0
273,561,0
273,425,0
273,666,0
273,638,0
273,686,0
274,566,0
274,425,0
275,704,0
275,561,0
275,708,0
275,710,0
275,425,0
275,666,0
275,716,0
275,638,0
275,686,0
275,702,0
275,719,0
276,561,0
276,425,0
276,698,0
276,638,0
276,686,0
277,704,0
277,707,0
277,708,0
277,710,0
277,425,0
277,713,0
277,686,0
277,561,0
277,694,0
277,666,0
277,698,0
277,638,0
277,702,0
278,561,0
278,425,0
278,686,0
279,425,0
280,704,0
280,561,0
280,707,0
280,694,0
280,425,0
280,666,0
280,698,0
280,638,0
280,686,0
280,702,0
280,479,0
281,638,0
282,561,0
283,425,0
284,561,0
284,694,0
284,582,0
284,425,0
284,666,0
284,698,0
284,638,0
284,686,0
285,561,0
285,666,0
285,638,0
286,704,0
286,561,0
286,694,0
286,425,0
286,698,0
286,491,0
286,638,0
286,686,0
286,702,0
287,561,0
287,425,0
287,638,0
288,561,0
288,425,0
288,666,0
288,638,0
289,561,0
289,548,0
289,694,0
289,666,0
289,638,0
289,686,0
290,561,0
290,694,0
290,425,0
290,666,0
290,638,0
290,686,0
291,638,0
292,663,0
292,666,0
293,425,0
294,704,0
294,561,0
294,470,0
294,694,0
294,666,0
294,698,0
294,638,0
294,686,0
294,702,0
295,694,0
295,425,0
295,666,0
295,698,0
295,638,0
295,702,0
295,686,0
296,425,0
297,425,0
298,599,0
298,425,0
298,666,0
298,638,0
298,686,0
299,694,0
299,666,0
299,686,0
300,666,0
300,574,0
300,638,0
301,561,0
301,425,0
302,561,0
302,425,0
302,638,0
303,561,0
303,425,0
303,686,0
304,561,0
304,694,0
304,425,0
304,666,0
304,698,0
304,638,0
304,686,0
305,561,0
305,425,0
305,666,0
306,666,0
307,561,0
307,694,0
307,425,0
307,666,0
307,698,0
307,638,0
307,686,0
307,702,0
308,566,0
308,686,0
309,471,0
309,700,0
309,702,0
310,561,0
310,638,0
311,561,0
311,694,0
311,425,0
311,666,0
311,638,0
311,686,0
312,561,0
312,434,0
312,694,0
312,666,0
312,638,0
312,686,0
313,425,0
314,561,0
314,666,0
314,638,0
315,425,0
315,638,0
316,425,0
317,704,0
317,561,0
317,694,0
317,710,0
317,425,0
317,698,0
317,638,0
317,686,0
317,702,0
318,425,0
319,561,0
319,425,0
319,638,0
320,561,0
320,425,0
320,666,0
320,686,0
321,484,0
321,425,0
321,638,0
322,704,0
322,561,0
322,707,0
322,694,0
322,441,0
322,698,0
322,686,0
322,638,0
322,702,0
323,674,0
323,425,0
323,649,0
324,704,0
324,561,0
324,694,0
324,425,0
324,666,0
324,698,0
324,638,0
324,686,0
324,702,0
324,542,0
325,561,0
325,535,0
326,704,0
326,561,0
326,707,0
326,694,0
326,425,0
326,666,0
326,698,0
326,702,0
326,638,0
327,704,0
327,561,0
327,694,0
327,698,0
327,638,0
327,702,0
327,687,0
328,467,0
328,698,0
328,604,0
329,561,0
329,425,0
329,702,0
330,425,0
330,638,0
331,561,0
331,550,0
331,666,0
331,638,0
332,561,0
332,694,0
332,666,0
332,698,0
332,638,0
332,686,0
333,561,0
333,425,0
333,638,0
334,561,0
334,666,0
334,491,0
334,638,0
334,686,0
335,704,0
335,694,0
335,425,0
335,698,0
335,686,0
335,702,0
336,694,0
336,686,0
337,561,0
337,638,0
337,686,0
338,425,0
338,638,0
339,561,0
339,425,0
340,694,0
340,638,0
341,561,0
341,694,0
341,425,0
341,666,0
341,698,0
341,638,0
341,686,0
342,704,0
342,561,0
342,707,0
342,694,0
342,698,0
342,638,0
342,686,0
343,561,0
343,425,0
343,666,0
343,686,0
343,638,0
344,425,0
345,425,0
345,666,0
346,560,0
346,561,0
346,694,0
346,425,0
346,666,0
346,698,0
346,638,0
346,686,0
347,561,0
347,425,0
347,666,0
347,638,0
348,425,0
348,638,0
349,561,0
349,425,0
349,666,0
349,638,0
350,561,0
350,425,0
351,561,0
351,638,0
352,532,0
352,694,0
352,617,0
352,666,0
352,638,0
352,702,0
353,566,0
353,666,0
353,686,0
353,638,0
354,561,0
354,425,0
354,666,0
355,561,0
355,425,0
355,666,0
355,638,0
356,425,0
357,694,0
357,698,0
358,561,0
358,425,0
359,561,0
359,425,0
360,561,0
360,425,0
360,666,0
360,638,0
361,561,0
361,707,0
361,694,0
361,425,0
361,698,0
361,638,0
361,670,0
361,686,0
361,702,0
362,561,0
362,483,0
362,694,0
362,439,0
362,666,0
362,698,0
362,686,0
362,638,0
363,704,0
363,561,0
363,707,0
363,708,0
363,694,0
363,425,0
363,666,0
363,698,0
363,638,0
363,686,0
363,702,0
364,704,0
364,561,0
364,707,0
364,708,0
364,694,0
364,666,0
364,698,0
364,638,0
364,686,0
364,702,0
365,704,0
365,561,0
365,707,0
365,708,0
365,694,0
365,710,0
365,441,0
365,425,0
365,666,0
365,698,0
365,686,0
365,702,0
366,561,0
366,425,0
366,638,0
367,425,0
368,704,0
368,561,0
368,707,0
368,708,0
368,694,0
368,425,0
368,698,0
368,430,0
368,638,0
368,686,0
368,702,0
369,704,0
369,561,0
369,707,0
369,708,0
369,694,0
369,425,0
369,666,0
369,698,0
369,686,0
369,702,0
370,425,0
371,561,0
371,425,0
371,666,0
371,638,0
372,561,0
372,485,0
373,561,0
373,425,0
373,638,0
374,666,0
374,427,0
374,638,0
374,686,0
375,425,0
376,561,0
376,534,0
376,638,0
377,561,0
378,561,0
378,694,0
378,666,0
378,638,0
378,686,0
379,561,0
379,425,0
379,666,0
379,638,0
380,561,0
380,425,0
380,638,0
381,561,0
381,452,0
381,694,0
381,666,0
381,698,0
381,638,0
382,425,0
383,561,0
383,425,0
383,666,0
383,638,0
383,686,0
384,561,0
384,452,0
384,666,0
384,638,0
385,425,0
386,561,0
386,425,0
387,425,0
388,425,0
388,638,0
388,686,0
389,561,0
389,694,0
389,425,0
389,666,0
389,698,0
389,686,0
390,694,0
390,518,0
390,666,0
390,638,0
390,686,0
391,704,0
391,625,0
391,707,0
391,708,0
391,694,0
391,710,0
391,425,0
391,713,0
391,666,0
391,698,0
391,686,0
391,702,0
392,704,0
392,561,0
392,708,0
392,694,0
392,425,0
392,666,0
392,698,0
392,638,0
392,686,0
392,702,0
393,694,0
393,666,0
394,561,0
394,425,0
394,666,0
394,638,0
395,561,0
395,694,0
395,425,0
395,698,0
395,666,0
395,686,0
395,638,0
396,561,0
396,694,0
396,666,0
396,698,0
396,638,0
396,686,0
396,702,0
397,704,0
397,707,0
397,710,0
397,694,0
397,425,0
397,666,0
397,638,0
397,686,0
398,425,0
399,561,0
399,453,0
399,694,0
399,425,0
399,666,0
399,698,0
399,638,0
399,686,0
400,561,0
400,694,0
400,425,0
400,666,0
400,476,0
400,638,0
400,686,0
401,704,0
401,707,0
401,708,0
401,710,0
401,713,0
401,714,0
401,686,0
401,561,0
401,694,0
401,666,0
401,698,0
401,638,0
401,702,0
402,561,0
402,694,0
402,425,0
402,666,0
402,698,0
402,638,0
402,686,0
403,561,0
403,425,0
403,638,0
404,594,0
404,638,0
404,431,0
405,561,0
405,436,0
405,694,0
405,425,0
405,666,0
405,698,0
405,638,0
405,686,0
405,702,0
406,561,0
406,694,0
406,666,0
406,686,0
407,425,0
407,638,0
408,704,0
408,561,0
408,707,0
408,425,0
408,666,0
408,698,0
408,638,0
408,686,0
409,561,0
409,440,0
409,666,0
410,561,0
410,708,0
410,425,0
410,698,0
410,638,0
410,686,0
411,561,0
411,425,0
411,638,0
412,561,0
412,694,0
412,473,0
412,666,0
412,638,0
412,686,0
413,561,0
413,425,0
413,638,0
413,686,0
414,704,0
414,561,0
414,710,0
414,694,0
414,713,0
414,425,0
414,698,0
414,666,0
414,686,0
414,702,0
414,638,0
415,561,0
415,425,0
415,638,0
416,666,0
416,427,0
416,638,0
416,686,0
417,546,0
417,638,0
418,425,0
419,561,0
419,694,0
419,425,0
419,638,0
419,686,0
420,561,0
420,425,0
420,666,0
420,638,0
421,561,0
421,425,0
422,704,0
422,561,0
422,694,0
422,425,0
422,638,0
422,702,0
422,686,0
423,561,0
423,694,0
423,666,0
423,638,0
423,686,0
424,561,0
424,694,0
424,425,0
424,666,0
424,698,0
424,686,0
424,702,0
424,638,0
425,0,0
425,1,0
425,2,0
425,5,0
425,6,0
425,7,0
425,8,0
425,9,0
425,12,0
425,15,0
425,16,0
425,17,0
425,18,0
425,19,0
425,21,0
425,22,0
425,23,0
425,25,0
425,27,0
425,29,0
425,30,0
425,32,0
425,33,0
425,34,0
425,38,0
425,40,0
425,42,0
425,43,0
425,45,0
425,47,0
425,48,0
425,561,0
425,49,0
425,562,0
425,52,0
425,565,0
425,566,0
425,567,0
425,56,0
425,568,0
425,57,0
425,569,0
425,58,0
425,570,0
425,571,0
425,572,0
425,60,0
425,61,0
425,62,0
425,63,0
425,64,0
425,65,0
425,578,0
425,66,0
425,67,0
425,579,0
425,580,0
425,68,0
425,69,0
425,581,0
425,584,0
425,72,0
425,73,0
425,74,0
425,75,0
425,76,0
425,588,0
425,589,0
425,77,0
425,78,0
425,591,0
425,80,0
425,82,0
425,596,0
425,84,0
425,85,0
425,86,0
425,598,0
425,87,0
425,599,0
425,88,0
425,89,0
425,90,0
425,602,0
425,603,0
425,92,0
425,607,0
425,608,0
425,96,0
425,98,0
425,610,0
425,611,0
425,103,0
425,104,0
425,106,0
425,619,0
425,108,0
425,109,0
425,110,0
425,622,0
425,623,0
425,112,0
425,624,0
425,113,0
425,114,0
425,115,0
425,116,0
425,629,0
425,117,0
425,121,0
425,122,0
425,634,0
425,123,0
425,635,0
425,636,0
425,124,0
425,125,0
425,637,0
425,638,0
425,126,0
425,127,0
425,639,0
425,640,0
425,641,0
425,129,0
425,642,0
425,130,0
425,131,0
425,132,0
425,133,0
425,645,0
425,647,0
425,136,0
425,648,0
425,649,0
425,650,0
425,140,0
425,141,0
425,653,0
425,142,0
425,654,0
425,143,0
425,147,0
425,148,0
425,661,0
425,149,0
425,662,0
425,153,0
425,666,0
425,154,0
425,667,0
425,155,0
425,156,0
425,157,0
425,158,0
425,670,0
425,161,0
425,673,0
425,674,0
425,164,0
425,676,0
425,165,0
425,166,0
425,167,0
425,170,0
425,683,0
425,172,0
425,686,0
425,174,0
425,176,0
425,689,0
425,177,0
425,179,0
425,180,0
425,181,0
425,694,0
425,182,0
425,184,0
425,185,0
425,698,0
425,186,0
425,187,0
425,700,0
425,189,0
425,702,0
425,190,0
425,704,0
425,192,0
425,705,0
425,193,0
425,707,0
425,195,0
425,708,0
425,196,0
425,709,0
425,710,0
425,199,0
425,711,0
425,713,0
425,201,0
425,714,0
425,715,0
425,203,0
425,204,0
425,716,0
425,717,0
425,718,0
425,719,0
425,207,0
425,208,0
425,209,0
425,211,0
425,212,0
425,213,0
425,214,0
425,216,0
425,217,0
425,219,0
425,220,0
425,222,0
425,224,0
425,226,0
425,229,0
425,231,0
425,232,0
425,233,0
425,235,0
425,236,0
425,237,0
425,238,0
425,239,0
425,240,0
425,241,0
425,242,0
425,243,0
425,244,0
425,245,0
425,246,0
425,247,0
425,248,0
425,249,0
425,251,0
425,252,0
425,253,0
425,255,0
425,257,0
425,260,0
425,264,0
425,265,0
425,266,0
425,267,0
425,268,0
425,269,0
425,270,0
425,271,0
425,272,0
425,273,0
425,274,0
425,275,0
425,276,0
425,277,0
425,278,0
425,279,0
425,280,0
425,283,0
425,284,0
425,286,0
425,287,0
425,288,0
425,290,0
425,293,0
425,295,0
425,296,0
425,297,0
425,298,0
425,301,0
425,302,0
425,303,0
425,304,0
425,305,0
425,307,0
425,311,0
425,313,0
425,315,0
425,316,0
425,317,0
425,318,0
425,319,0
425,320,0
425,321,0
425,323,0
425,324,0
425,326,0
425,329,0
425,330,0
425,333,0
425,335,0
425,338,0
425,339,0
425,341,0
425,343,0
425,344,0
425,345,0
425,346,0
425,347,0
425,348,0
425,349,0
425,350,0
425,354,0
425,355,0
425,356,0
425,358,0
425,359,0
425,360,0
425,361,0
425,363,0
425,365,0
425,366,0
425,367,0
425,368,0
425,369,0
425,370,0
425,371,0
425,373,0
425,375,0
425,379,0
425,380,0
425,382,0
425,383,0
425,385,0
425,386,0
425,387,0
425,388,0
425,389,0
425,391,0
425,392,0
425,394,0
425,395,0
425,397,0
425,398,0
425,399,0
425,400,0
425,402,0
425,403,0
425,405,0
425,407,0
425,408,0
425,410,0
425,411,0
425,413,0
425,414,0
425,415,0
425,418,0
425,419,0
425,420,0
425,421,0
425,422,0
425,424,0
426,583,0
426,666,0
426,638,0
426,686,0
426,703,0
427,416,0
427,704,0
427,0,0
427,707,0
427,708,0
427,710,0
427,39,0
427,713,0
427,686,0
427,561,0
427,627,0
427,694,0
427,374,0
427,120,0
427,666,0
427,698,0
427,26,0
427,571,0
427,638,0
427,702,0
428,0,0
428,704,0
428,561,0
428,694,0
428,183,0
428,666,0
428,698,0
428,638,0
428,702,0
428,686,0
429,652,0
430,0,0
430,704,0
430,707,0
430,708,0
430,686,0
430,368,0
430,561,0
430,694,0
430,666,0
430,698,0
430,634,0
430,638,0
430,702,0
431,0,0
431,561,0
431,594,0
431,404,0
431,666,0
431,638,0
432,0,0
432,614,0
432,638,0
433,0,0
433,705,0
433,707,0
433,708,0
433,710,0
433,686,0
433,561,0
433,694,0
433,666,0
433,698,0
433,638,0
433,95,0
433,575,0
434,561,0
434,694,0
434,312,0
434,666,0
434,638,0
434,686,0
435,666,0
436,704,0
436,0,0
436,405,0
436,694,0
436,666,0
436,698,0
436,638,0
436,686,0
436,702,0
437,0,0
437,561,0
437,34,0
437,694,0
437,214,0
437,666,0
437,698,0
437,638,0
437,686,0
438,561,0
438,638,0
439,0,0
439,561,0
439,194,0
439,362,0
439,666,0
439,638,0
439,686,0
440,561,0
440,409,0
440,666,0
440,638,0
441,704,0
441,322,0
441,707,0
441,708,0
441,710,0
441,365,0
441,686,0
441,561,0
441,694,0
441,698,0
441,666,0
441,638,0
441,702,0
442,0,0
442,561,0
442,666,0
442,638,0
443,0,0
443,561,0
443,638,0
444,561,0
445,0,0
445,704,0
445,561,0
445,707,0
445,708,0
445,694,0
445,710,0
445,666,0
445,698,0
445,638,0
445,686,0
445,702,0
446,0,0
446,561,0
446,638,0
447,561,0
447,666,0
447,638,0
447,686,0
448,704,0
448,561,0
448,707,0
448,666,0
448,698,0
448,638,0
448,702,0
449,561,0
449,666,0
449,638,0
450,2,0
450,597,0
450,655,0
451,561,0
451,694,0
451,666,0
451,638,0
451,686,0
452,384,0
452,561,0
452,694,0
452,119,0
452,185,0
452,666,0
452,698,0
452,381,0
452,638,0
452,686,0
453,561,0
453,626,0
453,694,0
453,55,0
453,666,0
453,698,0
453,686,0
453,638,0
453,399,0
454,704,0
454,561,0
454,707,0
454,150,0
454,694,0
454,666,0
454,698,0
454,686,0
454,702,0
454,638,0
455,561,0
455,666,0
455,638,0
455,686,0
456,0,0
456,694,0
456,698,0
456,638,0
456,686,0
457,561,0
457,133,0
457,694,0
457,586,0
457,666,0
457,698,0
457,638,0
457,686,0
457,702,0
458,0,0
458,561,0
458,17,0
458,694,0
458,666,0
458,60,0
458,638,0
458,686,0
459,0,0
459,7,0
459,666,0
459,698,0
459,620,0
459,638,0
459,686,0
459,702,0
460,694,0
460,698,0
460,638,0
461,595,0
461,694,0
461,646,0
461,666,0
461,686,0
462,704,0
462,561,0
462,236,0
462,638,0
463,707,0
463,666,0
463,702,0
464,561,0
464,694,0
464,666,0
464,698,0
464,94,0
464,638,0
465,0,0
465,704,0
465,561,0
465,707,0
465,708,0
465,694,0
465,710,0
465,666,0
465,698,0
465,638,0
465,686,0
465,702,0
466,561,0
466,694,0
466,666,0
466,698,0
466,266,0
466,221,0
467,561,0
467,694,0
467,328,0
467,698,0
467,604,0
467,638,0
467,702,0
468,674,0
468,694,0
468,649,0
468,698,0
468,715,0
469,0,0
469,561,0
469,50,0
469,246,0
469,694,0
469,697,0
469,666,0
469,698,0
469,638,0
469,686,0
469,702,0
470,704,0
470,0,0
470,561,0
470,707,0
470,294,0
470,694,0
470,666,0
470,698,0
470,686,0
470,638,0
470,702,0
471,309,0
471,700,0
471,702,0
472,581,0
472,638,0
473,561,0
473,666,0
473,412,0
473,638,0
473,686,0
474,561,0
475,605,0
475,638,0
475,686,0
476,400,0
476,561,0
476,694,0
476,666,0
476,638,0
477,561,0
477,28,0
478,0,0
478,561,0
478,694,0
478,666,0
478,698,0
478,638,0
478,686,0
479,280,0
479,638,0
480,9,0
480,666,0
480,638,0
480,686,0
481,561,0
481,638,0
482,704,0
482,710,0
482,638,0
483,704,0
483,561,0
483,707,0
483,694,0
483,362,0
483,666,0
483,698,0
483,686,0
483,702,0
483,638,0
484,321,0
484,638,0
485,0,0
485,704,0
485,561,0
485,707,0
485,372,0
485,708,0
485,694,0
485,713,0
485,666,0
485,638,0
485,686,0
485,702,0
486,561,0
486,694,0
486,666,0
486,698,0
486,638,0
486,686,0
487,561,0
487,234,0
487,638,0
488,688,0
488,638,0
489,704,0
489,241,0
489,561,0
489,706,0
489,707,0
489,694,0
489,698,0
489,666,0
489,638,0
489,686,0
489,174,0
489,702,0
490,0,0
491,561,0
491,666,0
491,286,0
491,638,0
491,334,0
491,686,0
492,704,0
492,145,0
492,561,0
492,694,0
492,666,0
492,698,0
492,638,0
492,686,0
492,702,0
493,93,0
493,638,0
494,0,0
494,694,0
495,638,0
496,704,0
496,666,0
496,686,0
497,561,0
498,0,0
498,561,0
498,638,0
499,704,0
499,707,0
499,708,0
499,616,0
499,666,0
499,698,0
499,638,0
499,686,0
499,702,0
500,0,0
500,561,0
501,0,0
501,561,0
501,666,0
501,638,0
501,62,0
502,0,0
502,704,0
503,0,0
503,704,0
503,561,0
503,707,0
503,694,0
503,666,0
503,698,0
503,638,0
503,686,0
503,702,0
504,694,0
504,135,0
504,632,0
504,666,0
504,638,0
505,0,0
505,561,0
505,213,0
505,694,0
505,666,0
505,698,0
505,638,0
505,686,0
506,666,0
507,561,0
507,130,0
507,694,0
507,638,0
508,601,0
508,638,0
509,704,0
509,561,0
509,694,0
509,666,0
509,698,0
509,638,0
509,702,0
510,612,0
510,666,0
510,638,0
510,686,0
511,0,0
511,561,0
511,666,0
511,638,0
511,686,0
512,704,0
512,0,0
512,707,0
512,708,0
512,710,0
512,713,0
512,686,0
512,561,0
512,694,0
512,698,0
512,666,0
512,702,0
512,638,0
513,638,0
514,561,0
514,707,0
514,694,0
514,698,0
514,702,0
514,638,0
514,686,0
515,0,0
515,561,0
515,694,0
515,679,0
515,666,0
515,686,0
516,561,0
516,666,0
516,638,0
517,561,0
518,561,0
518,694,0
518,390,0
518,23,0
518,666,0
518,698,0
518,686,0
518,638,0
519,704,0
519,561,0
519,162,0
519,707,0
519,708,0
519,694,0
519,666,0
519,698,0
519,638,0
519,702,0
519,686,0
520,580,0
520,694,0
520,666,0
520,638,0
521,1,0
521,561,0
521,694,0
521,666,0
521,698,0
521,638,0
521,686,0
522,704,0
522,707,0
522,708,0
522,710,0
522,713,0
522,714,0
522,686,0
522,561,0
522,694,0
522,666,0
522,698,0
522,91,0
522,638,0
522,702,0
523,666,0
524,225,0
524,561,0
524,694,0
524,686,0
525,561,0
525,696,0
525,669,0
525,686,0
525,638,0
526,0,0
526,666,0
526,13,0
526,638,0
527,561,0
527,212,0
527,666,0
527,638,0
527,686,0
528,564,0
529,704,0
529,694,0
529,666,0
529,698,0
529,571,0
529,638,0
529,702,0
530,0,0
530,704,0
530,561,0
530,707,0
530,694,0
530,666,0
530,698,0
530,686,0
530,702,0
531,561,0
531,643,0
531,666,0
531,638,0
531,686,0
532,352,0
532,704,0
532,694,0
532,617,0
532,666,0
532,698,0
532,638,0
532,702,0
533,0,0
533,561,0
533,638,0
534,376,0
534,638,0
535,561,0
535,325,0
535,138,0
535,46,0
536,666,0
536,638,0
537,704,0
537,707,0
537,708,0
537,694,0
537,679,0
537,666,0
537,698,0
537,638,0
537,686,0
538,0,0
538,704,0
538,561,0
538,694,0
538,666,0
538,698,0
538,638,0
538,686,0
538,702,0
539,561,0
539,71,0
539,666,0
539,698,0
539,686,0
540,704,0
540,694,0
540,710,0
540,666,0
540,698,0
540,268,0
540,686,0
540,638,0
541,561,0
541,638,0
542,0,0
542,704,0
542,561,0
542,324,0
542,694,0
542,666,0
542,698,0
542,638,0
542,686,0
542,702,0
543,694,0
543,666,0
543,638,0
544,704,0
545,561,0
545,689,0
545,694,0
545,666,0
545,698,0
545,638,0
545,686,0
545,702,0
546,417,0
546,638,0
547,704,0
547,561,0
547,707,0
547,666,0
547,698,0
547,59,0
547,686,0
547,702,0
548,0,0
548,289,0
548,561,0
548,694,0
548,666,0
548,698,0
548,638,0
548,686,0
549,0,0
549,561,0
549,638,0
549,686,0
550,0,0
550,561,0
550,666,0
550,331,0
550,638,0
551,704,0
551,561,0
551,70,0
551,694,0
551,698,0
551,638,0
551,686,0
551,702,0
552,0,0
552,561,0
552,638,0
553,704,0
553,561,0
553,694,0
553,666,0
553,698,0
553,638,0
553,686,0
553,702,0
554,660,0
554,694,0
554,701,0
554,686,0
555,561,0
555,694,0
555,666,0
555,698,0
555,638,0
555,686,0
556,0,0
556,561,0
556,666,0
556,638,0
557,704,0
557,707,0
557,694,0
557,666,0
557,698,0
557,638,0
557,686,0
557,702,0
558,0,0
558,561,0
558,666,0
558,638,0
559,704,0
559,694,0
559,666,0
559,698,0
559,686,0
559,638,0
559,702,0
560,561,0
560,694,0
560,666,0
560,346,0
560,698,0
560,140,0
560,654,0
560,686,0
561,0,0
561,1,0
561,3,0
561,4,0
561,5,0
561,6,0
561,7,0
561,9,0
561,10,0
561,12,0
561,13,0
561,14,0
561,16,0
561,17,0
561,18,0
561,19,0
561,20,0
561,21,0
561,22,0
561,23,0
561,25,0
561,27,0
561,28,0
561,29,0
561,30,0
561,36,0
561,38,0
561,39,0
561,40,0
561,41,0
561,42,0
561,43,0
561,46,0
561,47,0
561,48,0
561,49,0
561,50,0
561,51,0
561,52,0
561,53,0
561,57,0
561,58,0
561,59,0
561,60,0
561,61,0
561,62,0
561,64,0
561,65,0
561,66,0
561,68,0
561,69,0
561,70,0
561,71,0
561,72,0
561,73,0
561,74,0
561,76,0
561,77,0
561,79,0
561,80,0
561,82,0
561,83,0
561,84,0
561,85,0
561,86,0
561,87,0
561,89,0
561,92,0
561,94,0
561,95,0
561,96,0
561,97,0
561,100,0
561,101,0
561,102,0
561,103,0
561,104,0
561,107,0
561,108,0
561,109,0
561,111,0
561,113,0
561,114,0
561,115,0
561,116,0
561,117,0
561,118,0
561,119,0
561,120,0
561,122,0
561,123,0
561,124,0
561,125,0
561,126,0
561,127,0
561,130,0
561,131,0
561,132,0
561,133,0
561,134,0
561,136,0
561,138,0
561,140,0
561,141,0
561,143,0
561,144,0
561,145,0
561,147,0
561,148,0
561,149,0
561,150,0
561,151,0
561,153,0
561,154,0
561,155,0
561,156,0
561,157,0
561,158,0
561,161,0
561,162,0
561,164,0
561,165,0
561,166,0
561,168,0
561,171,0
561,172,0
561,173,0
561,174,0
561,176,0
561,177,0
561,178,0
561,180,0
561,181,0
561,182,0
561,183,0
561,185,0
561,188,0
561,189,0
561,190,0
561,191,0
561,194,0
561,195,0
561,197,0
561,198,0
561,199,0
561,200,0
561,204,0
561,205,0
561,207,0
561,208,0
561,209,0
561,210,0
561,212,0
561,213,0
561,214,0
561,215,0
561,216,0
561,217,0
561,219,0
561,220,0
561,221,0
561,224,0
561,227,0
561,228,0
561,229,0
561,230,0
561,232,0
561,233,0
561,235,0
561,236,0
561,239,0
561,240,0
561,241,0
561,242,0
561,243,0
561,244,0
561,245,0
561,246,0
561,249,0
561,250,0
561,252,0
561,253,0
561,254,0
561,256,0
561,259,0
561,260,0
561,262,0
561,264,0
561,266,0
561,267,0
561,270,0
561,271,0
561,273,0
561,275,0
561,276,0
561,277,0
561,278,0
561,280,0
561,282,0
561,284,0
561,285,0
561,286,0
561,287,0
561,288,0
561,289,0
561,290,0
561,294,0
561,301,0
561,302,0
561,303,0
561,304,0
561,305,0
561,307,0
561,310,0
561,311,0
561,312,0
561,314,0
561,317,0
561,319,0
561,320,0
561,322,0
561,324,0
561,325,0
561,326,0
561,327,0
561,329,0
561,331,0
561,332,0
561,333,0
561,334,0
561,337,0
561,339,0
561,341,0
561,342,0
561,343,0
561,346,0
561,347,0
561,349,0
561,350,0
561,351,0
561,354,0
561,355,0
561,358,0
561,359,0
561,360,0
561,361,0
561,362,0
561,363,0
561,364,0
561,365,0
561,366,0
561,368,0
561,369,0
561,371,0
561,372,0
561,373,0
561,376,0
561,377,0
561,378,0
561,379,0
561,380,0
561,381,0
561,383,0
561,384,0
561,386,0
561,389,0
561,392,0
561,394,0
561,395,0
561,396,0
561,399,0
561,400,0
561,401,0
561,402,0
561,403,0
561,405,0
561,406,0
561,408,0
561,409,0
561,410,0
561,411,0
561,412,0
561,413,0
561,414,0
561,415,0
561,419,0
561,420,0
561,421,0
561,422,0
561,423,0
561,424,0
561,425,0
561,427,0
561,428,0
561,430,0
561,431,0
561,433,0
561,434,0
561,437,0
561,438,0
561,439,0
561,440,0
561,441,0
561,442,0
561,443,0
561,444,0
561,445,0
561,446,0
561,447,0
561,448,0
561,449,0
561,451,0
561,452,0
561,453,0
561,454,0
561,455,0
561,457,0
561,458,0
561,462,0
561,464,0
561,465,0
561,466,0
561,467,0
561,469,0
561,470,0
561,473,0
561,474,0
561,476,0
561,477,0
561,478,0
561,481,0
561,483,0
561,485,0
561,486,0
561,487,0
561,489,0
561,491,0
561,492,0
561,497,0
561,498,0
561,500,0
561,501,0
561,503,0
561,505,0
561,507,0
561,509,0
561,511,0
561,512,0
561,514,0
561,515,0
561,516,0
561,517,0
561,518,0
561,519,0
561,521,0
561,522,0
561,524,0
561,525,0
561,527,0
561,530,0
561,531,0
561,533,0
561,535,0
561,538,0
561,539,0
561,541,0
561,542,0
561,545,0
561,547,0
561,548,0
561,549,0
561,550,0
561,551,0
561,552,0
561,553,0
561,555,0
561,556,0
561,558,0
561,560,0
561,638,0
561,639,0
561,640,0
561,641,0
561,643,0
561,647,0
561,651,0
561,653,0
561,654,0
561,657,0
561,661,0
561,662,0
561,663,0
561,666,0
561,667,0
561,668,0
561,669,0
561,670,0
561,671,0
561,673,0
561,675,0
561,679,0
561,686,0
561,687,0
561,689,0
561,690,0
561,694,0
561,696,0
561,697,0
561,698,0
561,700,0
561,702,0
561,704,0
561,705,0
561,706,0
561,707,0
561,708,0
561,709,0
561,710,0
561,711,0
561,713,0
561,714,0
561,715,0
561,716,0
561,717,0
561,718,0
561,719,0
562,0,0
562,425,0
562,666,0
562,698,0
562,74,0
562,638,0
562,686,0
563,0,0
563,694,0
563,120,0
563,666,0
563,638,0
563,686,0
564,528,0
564,181,0
564,686,0
565,704,0
565,707,0
565,694,0
565,425,0
565,698,0
565,670,0
565,686,0
565,702,0
565,638,0
566,0,0
566,353,0
566,641,0
566,274,0
566,308,0
566,52,0
566,694,0
566,425,0
566,666,0
566,686,0
566,638,0
567,425,0
567,666,0
567,638,0
567,686,0
568,0,0
568,425,0
568,666,0
568,638,0
568,686,0
568,127,0
569,694,0
569,425,0
569,666,0
569,650,0
569,698,0
569,686,0
569,638,0
570,0,0
570,680,0
570,425,0
570,638,0
570,686,0
571,704,0
571,529,0
571,694,0
571,425,0
571,666,0
571,698,0
571,427,0
571,686,0
571,638,0
571,702,0
572,33,0
572,642,0
572,425,0
573,707,0
573,695,0
574,666,0
574,300,0
574,638,0
575,433,0
575,666,0
575,638,0
576,694,0
577,711,0
577,681,0
578,704,0
578,0,0
578,707,0
578,708,0
578,710,0
578,425,0
578,713,0
578,714,0
578,686,0
578,718,0
578,694,0
578,698,0
578,666,0
578,667,0
578,638,0
578,702,0
579,0,0
579,425,0
580,0,0
580,694,0
580,520,0
580,425,0
580,666,0
580,698,0
580,638,0
580,686,0
580,702,0
581,0,0
581,694,0
581,472,0
581,425,0
581,666,0
581,638,0
581,686,0
582,666,0
582,284,0
582,638,0
583,666,0
583,426,0
583,638,0
583,686,0
583,703,0
584,425,0
585,666,0
586,133,0
586,694,0
586,457,0
586,666,0
586,638,0
586,686,0
587,0,0
587,704,0
587,707,0
587,708,0
587,694,0
587,666,0
587,698,0
587,702,0
588,0,0
588,99,0
588,425,0
588,666,0
588,638,0
589,704,0
589,707,0
589,710,0
589,425,0
589,170,0
589,714,0
589,686,0
589,718,0
589,694,0
589,666,0
589,698,0
589,638,0
589,702,0
590,694,0
590,698,0
590,638,0
590,686,0
590,702,0
591,0,0
591,425,0
591,638,0
592,183,0
593,685,0
593,686,0
593,638,0
593,702,0
594,404,0
594,638,0
594,431,0
595,694,0
595,646,0
595,666,0
595,461,0
595,686,0
596,704,0
596,707,0
596,694,0
596,425,0
596,666,0
596,698,0
596,638,0
596,686,0
596,702,0
597,2,0
597,450,0
597,655,0
598,226,0
598,425,0
598,638,0
599,425,0
599,298,0
599,666,0
599,638,0
599,686,0
600,704,0
600,0,0
600,707,0
600,710,0
600,666,0
600,698,0
600,714,0
600,686,0
600,702,0
601,508,0
601,638,0
602,704,0
602,707,0
602,710,0
602,425,0
602,698,0
602,714,0
602,686,0
603,425,0
603,638,0
604,467,0
604,694,0
604,328,0
604,698,0
604,666,0
604,638,0
604,686,0
604,702,0
605,475,0
605,638,0
605,686,0
606,666,0
606,638,0
607,0,0
607,425,0
607,666,0
607,27,0
607,638,0
607,686,0
608,694,0
608,425,0
608,638,0
608,686,0
609,707,0
609,694,0
609,666,0
609,698,0
609,667,0
609,686,0
609,702,0
610,0,0
610,694,0
610,425,0
610,666,0
610,638,0
611,0,0
611,425,0
611,666,0
611,638,0
612,694,0
612,666,0
612,510,0
612,638,0
612,686,0
613,694,0
613,666,0
614,0,0
614,432,0
614,261,0
614,638,0
615,694,0
615,638,0
615,702,0
616,704,0
616,499,0
616,707,0
616,708,0
616,666,0
616,698,0
616,702,0
616,638,0
616,686,0
617,704,0
617,352,0
617,532,0
617,666,0
617,698,0
617,702,0
617,638,0
618,704,0
618,698,0
618,686,0
619,0,0
619,35,0
619,694,0
619,425,0
619,666,0
619,698,0
619,638,0
619,686,0
619,702,0
620,0,0
620,666,0
620,459,0
620,638,0
620,686,0
621,704,0
621,708,0
621,666,0
621,699,0
621,702,0
622,694,0
622,425,0
622,666,0
622,686,0
623,694,0
623,425,0
623,666,0
623,686,0
623,638,0
624,689,0
624,694,0
624,425,0
624,666,0
624,698,0
624,638,0
624,686,0
625,704,0
625,707,0
625,708,0
625,694,0
625,710,0
625,391,0
625,713,0
625,666,0
625,698,0
625,702,0
625,686,0
626,453,0
626,55,0
626,666,0
626,698,0
626,638,0
626,686,0
627,0,0
627,26,0
627,666,0
627,427,0
627,638,0
627,686,0
628,0,0
628,666,0
628,638,0
629,425,0
629,666,0
629,638,0
629,686,0
630,694,0
630,698,0
630,638,0
630,686,0
630,702,0
631,694,0
631,666,0
631,698,0
631,686,0
631,638,0
632,694,0
632,710,0
632,504,0
632,638,0
633,54,0
633,694,0
633,666,0
633,638,0
633,686,0
634,694,0
634,425,0
634,666,0
634,698,0
634,686,0
634,430,0
634,638,0
635,704,0
635,694,0
635,56,0
635,425,0
635,666,0
635,698,0
635,140,0
635,638,0
635,686,0
635,702,0
636,212,0
636,425,0
636,666,0
636,638,0
636,686,0
637,694,0
637,425,0
637,666,0
637,686,0
637,702,0
637,638,0
638,0,0
638,1,0
638,3,0
638,5,0
638,6,0
638,7,0
638,9,0
638,10,0
638,13,0
638,14,0
638,16,0
638,17,0
638,18,0
638,21,0
638,22,0
638,23,0
638,25,0
638,26,0
638,27,0
638,30,0
638,31,0
638,34,0
638,36,0
638,38,0
638,39,0
638,40,0
638,41,0
638,42,0
638,43,0
638,45,0
638,47,0
638,48,0
638,49,0
638,52,0
638,53,0
638,54,0
638,55,0
638,56,0
638,57,0
638,58,0
638,60,0
638,62,0
638,64,0
638,65,0
638,66,0
638,67,0
638,68,0
638,69,0
638,70,0
638,74,0
638,78,0
638,80,0
638,83,0
638,84,0
638,86,0
638,87,0
638,89,0
638,91,0
638,92,0
638,95,0
638,96,0
638,98,0
638,102,0
638,106,0
638,107,0
638,108,0
638,109,0
638,112,0
638,113,0
638,114,0
638,118,0
638,119,0
638,120,0
638,122,0
638,124,0
638,125,0
638,127,0
638,130,0
638,131,0
638,133,0
638,136,0
638,137,0
638,139,0
638,140,0
638,143,0
638,145,0
638,146,0
638,147,0
638,148,0
638,149,0
638,151,0
638,152,0
638,153,0
638,154,0
638,156,0
638,157,0
638,158,0
638,159,0
638,161,0
638,162,0
638,164,0
638,165,0
638,170,0
638,171,0
638,172,0
638,174,0
638,175,0
638,176,0
638,177,0
638,178,0
638,180,0
638,182,0
638,183,0
638,185,0
638,187,0
638,188,0
638,189,0
638,190,0
638,194,0
638,195,0
638,196,0
638,199,0
638,200,0
638,202,0
638,204,0
638,207,0
638,208,0
638,210,0
638,212,0
638,213,0
638,214,0
638,215,0
638,219,0
638,220,0
638,223,0
638,224,0
638,226,0
638,229,0
638,232,0
638,233,0
638,234,0
638,236,0
638,239,0
638,240,0
638,241,0
638,243,0
638,245,0
638,246,0
638,247,0
638,250,0
638,252,0
638,253,0
638,256,0
638,259,0
638,260,0
638,262,0
638,264,0
638,266,0
638,267,0
638,268,0
638,271,0
638,273,0
638,275,0
638,276,0
638,277,0
638,280,0
638,281,0
638,284,0
638,285,0
638,286,0
638,287,0
638,288,0
638,289,0
638,290,0
638,291,0
638,294,0
638,295,0
638,298,0
638,300,0
638,302,0
638,304,0
638,307,0
638,310,0
638,311,0
638,312,0
638,314,0
638,315,0
638,317,0
638,319,0
638,321,0
638,322,0
638,324,0
638,326,0
638,327,0
638,330,0
638,331,0
638,332,0
638,333,0
638,334,0
638,337,0
638,338,0
638,340,0
638,341,0
638,342,0
638,343,0
638,346,0
638,347,0
638,348,0
638,349,0
638,351,0
638,352,0
638,353,0
638,355,0
638,360,0
638,361,0
638,362,0
638,363,0
638,364,0
638,366,0
638,368,0
638,371,0
638,373,0
638,374,0
638,376,0
638,378,0
638,379,0
638,380,0
638,381,0
638,383,0
638,384,0
638,388,0
638,390,0
638,392,0
638,394,0
638,395,0
638,396,0
638,397,0
638,399,0
638,400,0
638,401,0
638,402,0
638,403,0
638,404,0
638,405,0
638,407,0
638,408,0
638,410,0
638,411,0
638,412,0
638,413,0
638,414,0
638,415,0
638,416,0
638,417,0
638,419,0
638,420,0
638,422,0
638,423,0
638,424,0
638,425,0
638,426,0
638,427,0
638,428,0
638,430,0
638,431,0
638,432,0
638,433,0
638,434,0
638,436,0
638,437,0
638,438,0
638,439,0
638,440,0
638,441,0
638,442,0
638,443,0
638,445,0
638,446,0
638,447,0
638,448,0
638,449,0
638,451,0
638,452,0
638,453,0
638,454,0
638,455,0
638,456,0
638,457,0
638,458,0
638,459,0
638,460,0
638,462,0
638,464,0
638,465,0
638,467,0
638,469,0
638,470,0
638,472,0
638,473,0
638,475,0
638,476,0
638,478,0
638,479,0
638,480,0
638,481,0
638,482,0
638,483,0
638,484,0
638,485,0
638,486,0
638,487,0
638,488,0
638,489,0
638,491,0
638,492,0
638,493,0
638,495,0
638,498,0
638,499,0
638,501,0
638,503,0
638,504,0
638,505,0
638,507,0
638,508,0
638,509,0
638,510,0
638,511,0
638,512,0
638,513,0
638,514,0
638,516,0
638,518,0
638,519,0
638,520,0
638,521,0
638,522,0
638,525,0
638,526,0
638,527,0
638,529,0
638,531,0
638,532,0
638,533,0
638,534,0
638,536,0
638,537,0
638,538,0
638,540,0
638,541,0
638,542,0
638,543,0
638,545,0
638,546,0
638,548,0
638,549,0
638,550,0
638,551,0
638,552,0
638,553,0
638,555,0
638,556,0
638,557,0
638,558,0
638,559,0
638,561,0
638,562,0
638,563,0
638,565,0
638,566,0
638,567,0
638,568,0
638,569,0
638,570,0
638,571,0
638,574,0
638,575,0
638,578,0
638,580,0
638,581,0
638,582,0
638,583,0
638,586,0
638,588,0
638,589,0
638,590,0
638,591,0
638,593,0
638,594,0
638,596,0
638,598,0
638,599,0
638,601,0
638,603,0
638,604,0
638,605,0
638,606,0
638,607,0
638,608,0
638,610,0
638,611,0
638,612,0
638,614,0
638,615,0
638,616,0
638,617,0
638,619,0
638,620,0
638,623,0
638,624,0
638,626,0
638,627,0
638,628,0
638,629,0
638,630,0
638,631,0
638,632,0
638,633,0
638,634,0
638,635,0
638,636,0
638,637,0
638,666,0
638,667,0
638,668,0
638,669,0
638,670,0
638,673,0
638,674,0
638,676,0
638,679,0
638,680,0
638,686,0
638,687,0
638,688,0
638,689,0
638,691,0
638,693,0
638,694,0
638,695,0
638,696,0
638,697,0
638,698,0
638,700,0
638,702,0
638,703,0
638,704,0
638,706,0
638,707,0
638,708,0
638,709,0
638,710,0
638,711,0
638,713,0
638,714,0
638,715,0
638,716,0
638,717,0
638,718,0
638,719,0
639,0,0
639,561,0
639,694,0
639,425,0
639,666,0
639,686,0
640,561,0
640,73,0
640,425,0
640,666,0
641,0,0
641,561,0
641,707,0
641,566,0
641,425,0
641,666,0
642,33,0
642,425,0
642,572,0
643,561,0
643,531,0
643,666,0
643,686,0
644,704,0
644,694,0
644,666,0
644,698,0
644,686,0
644,702,0
645,425,0
645,666,0
645,686,0
645,255,0
646,704,0
646,595,0
646,666,0
646,461,0
646,686,0
646,702,0
647,0,0
647,561,0
647,694,0
647,425,0
647,666,0
647,686,0
647,206,0
648,0,0
648,425,0
648,666,0
648,686,0
649,674,0
649,323,0
649,468,0
649,694,0
649,425,0
649,698,0
649,715,0
650,425,0
650,569,0
650,698,0
650,666,0
650,686,0
651,0,0
651,561,0
651,666,0
652,704,0
652,429,0
653,0,0
653,561,0
653,425,0
653,666,0
653,686,0
654,560,0
654,561,0
654,694,0
654,425,0
654,666,0
654,140,0
654,686,0
655,2,0
655,450,0
655,597,0
656,672,0
656,698,0
656,686,0
657,704,0
657,561,0
657,690,0
657,707,0
657,694,0
657,713,0
657,698,0
657,666,0
657,715,0
657,702,0
658,694,0
658,666,0
658,686,0
659,666,0
660,694,0
660,554,0
660,701,0
660,686,0
661,0,0
661,561,0
661,425,0
662,705,0
662,561,0
662,708,0
662,710,0
662,694,0
662,425,0
662,666,0
662,702,0
663,561,0
663,292,0
663,666,0
663,686,0
664,666,0
665,678,0
666,0,0
666,1,0
666,5,0
666,6,0
666,7,0
666,9,0
666,14,0
666,17,0
666,18,0
666,21,0
666,22,0
666,26,0
666,30,0
666,34,0
666,36,0
666,38,0
666,39,0
666,41,0
666,42,0
666,45,0
666,47,0
666,52,0
666,53,0
666,56,0
666,57,0
666,58,0
666,59,0
666,60,0
666,62,0
666,63,0
666,64,0
666,66,0
666,68,0
666,69,0
666,71,0
666,73,0
666,74,0
666,78,0
666,80,0
666,81,0
666,83,0
666,84,0
666,86,0
666,92,0
666,94,0
666,95,0
666,96,0
666,100,0
666,102,0
666,103,0
666,106,0
666,107,0
666,109,0
666,112,0
666,113,0
666,114,0
666,119,0
666,120,0
666,124,0
666,125,0
666,126,0
666,127,0
666,128,0
666,131,0
666,133,0
666,135,0
666,136,0
666,137,0
666,138,0
666,140,0
666,142,0
666,143,0
666,145,0
666,146,0
666,147,0
666,148,0
666,149,0
666,150,0
666,152,0
666,153,0
666,156,0
666,157,0
666,159,0
666,160,0
666,161,0
666,164,0
666,165,0
666,166,0
666,170,0
666,172,0
666,175,0
666,177,0
666,182,0
666,185,0
666,188,0
666,189,0
666,190,0
666,196,0
666,197,0
666,199,0
666,200,0
666,204,0
666,205,0
666,207,0
666,208,0
666,210,0
666,212,0
666,213,0
666,214,0
666,215,0
666,220,0
666,221,0
666,223,0
666,224,0
666,229,0
666,232,0
666,235,0
666,236,0
666,239,0
666,241,0
666,242,0
666,243,0
666,245,0
666,247,0
666,248,0
666,250,0
666,252,0
666,253,0
666,254,0
666,255,0
666,256,0
666,257,0
666,260,0
666,262,0
666,266,0
666,268,0
666,269,0
666,270,0
666,271,0
666,273,0
666,275,0
666,277,0
666,280,0
666,284,0
666,285,0
666,288,0
666,289,0
666,290,0
666,292,0
666,294,0
666,295,0
666,298,0
666,299,0
666,300,0
666,304,0
666,305,0
666,306,0
666,307,0
666,311,0
666,312,0
666,314,0
666,320,0
666,324,0
666,326,0
666,331,0
666,332,0
666,334,0
666,341,0
666,343,0
666,345,0
666,346,0
666,347,0
666,349,0
666,352,0
666,353,0
666,354,0
666,355,0
666,360,0
666,362,0
666,363,0
666,364,0
666,365,0
666,369,0
666,371,0
666,374,0
666,378,0
666,379,0
666,381,0
666,383,0
666,384,0
666,389,0
666,390,0
666,391,0
666,392,0
666,393,0
666,394,0
666,395,0
666,396,0
666,397,0
666,399,0
666,400,0
666,401,0
666,402,0
666,405,0
666,406,0
666,408,0
666,409,0
666,412,0
666,414,0
666,416,0
666,420,0
666,423,0
666,424,0
666,425,0
666,426,0
666,427,0
666,428,0
666,430,0
666,431,0
666,433,0
666,434,0
666,435,0
666,436,0
666,437,0
666,439,0
666,440,0
666,441,0
666,442,0
666,445,0
666,447,0
666,448,0
666,449,0
666,451,0
666,452,0
666,453,0
666,454,0
666,455,0
666,457,0
666,458,0
666,459,0
666,461,0
666,463,0
666,464,0
666,465,0
666,466,0
666,469,0
666,470,0
666,473,0
666,476,0
666,478,0
666,480,0
666,483,0
666,485,0
666,486,0
666,489,0
666,491,0
666,492,0
666,496,0
666,499,0
666,501,0
666,503,0
666,504,0
666,505,0
666,506,0
666,509,0
666,510,0
666,511,0
666,512,0
666,515,0
666,516,0
666,518,0
666,519,0
666,520,0
666,521,0
666,522,0
666,523,0
666,526,0
666,527,0
666,529,0
666,530,0
666,531,0
666,532,0
666,536,0
666,537,0
666,538,0
666,539,0
666,540,0
666,542,0
666,543,0
666,545,0
666,547,0
666,548,0
666,550,0
666,553,0
666,555,0
666,556,0
666,557,0
666,558,0
666,559,0
666,560,0
666,561,0
666,562,0
666,563,0
666,566,0
666,567,0
666,568,0
666,569,0
666,571,0
666,574,0
666,575,0
666,578,0
666,580,0
666,581,0
666,582,0
666,583,0
666,585,0
666,586,0
666,587,0
666,588,0
666,589,0
666,595,0
666,596,0
666,599,0
666,600,0
666,604,0
666,606,0
666,607,0
666,609,0
666,610,0
666,611,0
666,612,0
666,613,0
666,616,0
666,617,0
666,619,0
666,620,0
666,621,0
666,622,0
666,623,0
666,624,0
666,625,0
666,626,0
666,627,0
666,628,0
666,629,0
666,631,0
666,633,0
666,634,0
666,635,0
666,636,0
666,637,0
666,638,0
666,639,0
666,640,0
666,641,0
666,643,0
666,644,0
666,645,0
666,646,0
666,647,0
666,648,0
666,650,0
666,651,0
666,653,0
666,654,0
666,657,0
666,658,0
666,659,0
666,662,0
666,663,0
666,664,0
666,686,0
666,687,0
666,689,0
666,690,0
666,692,0
666,693,0
666,694,0
666,697,0
666,698,0
666,699,0
666,700,0
666,702,0
666,703,0
666,704,0
666,705,0
666,707,0
666,708,0
666,710,0
666,711,0
666,713,0
666,714,0
666,715,0
666,716,0
666,717,0
666,718,0
666,719,0
667,704,0
667,609,0
667,578,0
667,707,0
667,708,0
667,710,0
667,425,0
667,713,0
667,714,0
667,686,0
667,718,0
667,561,0
667,694,0
667,698,0
667,638,0
667,702,0
668,561,0
668,686,0
668,638,0
669,561,0
669,696,0
669,525,0
669,686,0
669,638,0
670,561,0
670,707,0
670,565,0
670,694,0
670,361,0
670,425,0
670,698,0
670,686,0
670,702,0
670,638,0
671,561,0
671,686,0
672,656,0
672,698,0
672,686,0
673,704,0
673,0,0
673,561,0
673,707,0
673,708,0
673,694,0
673,425,0
673,638,0
673,686,0
673,702,0
674,323,0
674,468,0
674,694,0
674,649,0
674,425,0
674,698,0
674,715,0
674,638,0
674,686,0
675,561,0
676,694,0
676,425,0
676,698,0
676,638,0
676,686,0
677,704,0
677,707,0
677,708,0
677,694,0
677,710,0
677,713,0
677,698,0
677,716,0
677,717,0
677,686,0
677,702,0
677,719,0
678,665,0
678,686,0
679,0,0
679,704,0
679,561,0
679,707,0
679,515,0
679,708,0
679,694,0
679,537,0
679,698,0
679,638,0
679,686,0
679,702,0
680,0,0
680,213,0
680,694,0
680,698,0
680,570,0
680,638,0
680,686,0
681,577,0
681,711,0
682,704,0
683,425,0
683,686,0
684,694,0
685,593,0
685,263,0
685,686,0
686,0,0
686,512,0
686,1,0
686,514,0
686,515,0
686,3,0
686,5,0
686,6,0
686,518,0
686,519,0
686,7,0
686,9,0
686,521,0
686,522,0
686,524,0
686,525,0
686,14,0
686,527,0
686,16,0
686,17,0
686,530,0
686,18,0
686,531,0
686,21,0
686,22,0
686,23,0
686,537,0
686,538,0
686,26,0
686,539,0
686,540,0
686,542,0
686,30,0
686,31,0
686,545,0
686,34,0
686,547,0
686,548,0
686,549,0
686,551,0
686,39,0
686,553,0
686,41,0
686,554,0
686,555,0
686,44,0
686,557,0
686,45,0
686,559,0
686,560,0
686,561,0
686,562,0
686,50,0
686,563,0
686,564,0
686,565,0
686,566,0
686,567,0
686,55,0
686,56,0
686,568,0
686,57,0
686,569,0
686,570,0
686,58,0
686,571,0
686,59,0
686,60,0
686,578,0
686,580,0
686,69,0
686,581,0
686,70,0
686,583,0
686,71,0
686,74,0
686,586,0
686,589,0
686,590,0
686,78,0
686,80,0
686,593,0
686,595,0
686,83,0
686,596,0
686,84,0
686,599,0
686,600,0
686,602,0
686,92,0
686,604,0
686,605,0
686,95,0
686,607,0
686,608,0
686,96,0
686,609,0
686,612,0
686,100,0
686,103,0
686,616,0
686,105,0
686,618,0
686,106,0
686,619,0
686,107,0
686,620,0
686,622,0
686,623,0
686,112,0
686,624,0
686,113,0
686,625,0
686,626,0
686,115,0
686,627,0
686,629,0
686,117,0
686,630,0
686,631,0
686,120,0
686,633,0
686,634,0
686,635,0
686,124,0
686,636,0
686,125,0
686,637,0
686,638,0
686,639,0
686,127,0
686,128,0
686,643,0
686,131,0
686,644,0
686,645,0
686,133,0
686,646,0
686,647,0
686,136,0
686,648,0
686,650,0
686,138,0
686,140,0
686,653,0
686,654,0
686,656,0
686,145,0
686,658,0
686,147,0
686,660,0
686,150,0
686,663,0
686,153,0
686,666,0
686,667,0
686,668,0
686,156,0
686,669,0
686,157,0
686,670,0
686,671,0
686,672,0
686,673,0
686,674,0
686,162,0
686,676,0
686,164,0
686,677,0
686,678,0
686,166,0
686,679,0
686,680,0
686,170,0
686,683,0
686,172,0
686,685,0
686,175,0
686,177,0
686,178,0
686,694,0
686,696,0
686,697,0
686,185,0
686,698,0
686,700,0
686,701,0
686,702,0
686,190,0
686,703,0
686,704,0
686,705,0
686,706,0
686,707,0
686,708,0
686,196,0
686,710,0
686,200,0
686,713,0
686,714,0
686,715,0
686,716,0
686,717,0
686,718,0
686,719,0
686,207,0
686,210,0
686,211,0
686,212,0
686,213,0
686,215,0
686,220,0
686,223,0
686,224,0
686,230,0
686,232,0
686,235,0
686,239,0
686,241,0
686,243,0
686,245,0
686,248,0
686,250,0
686,252,0
686,255,0
686,256,0
686,257,0
686,258,0
686,262,0
686,263,0
686,266,0
686,267,0
686,268,0
686,269,0
686,273,0
686,275,0
686,276,0
686,277,0
686,278,0
686,280,0
686,284,0
686,286,0
686,289,0
686,290,0
686,294,0
686,295,0
686,298,0
686,299,0
686,303,0
686,304,0
686,307,0
686,308,0
686,311,0
686,312,0
686,317,0
686,320,0
686,322,0
686,324,0
686,332,0
686,334,0
686,335,0
686,336,0
686,337,0
686,341,0
686,342,0
686,343,0
686,346,0
686,353,0
686,361,0
686,362,0
686,363,0
686,364,0
686,365,0
686,368,0
686,369,0
686,374,0
686,378,0
686,383,0
686,388,0
686,389,0
686,390,0
686,391,0
686,392,0
686,395,0
686,396,0
686,397,0
686,399,0
686,400,0
686,401,0
686,402,0
686,405,0
686,406,0
686,408,0
686,410,0
686,412,0
686,413,0
686,414,0
686,416,0
686,419,0
686,422,0
686,423,0
686,424,0
686,425,0
686,426,0
686,427,0
686,428,0
686,430,0
686,433,0
686,434,0
686,436,0
686,437,0
686,439,0
686,441,0
686,445,0
686,447,0
686,451,0
686,452,0
686,453,0
686,454,0
686,455,0
686,456,0
686,457,0
686,458,0
686,459,0
686,461,0
686,465,0
686,469,0
686,470,0
686,473,0
686,475,0
686,478,0
686,480,0
686,483,0
686,485,0
686,486,0
686,489,0
686,491,0
686,492,0
686,496,0
686,499,0
686,503,0
686,505,0
686,510,0
686,511,0
687,704,0
687,561,0
687,694,0
687,327,0
687,698,0
687,666,0
687,638,0
687,702,0
688,488,0
688,638,0
689,624,0
689,0,0
689,545,0
689,561,0
689,694,0
689,425,0
689,666,0
689,698,0
689,638,0
690,704,0
690,561,0
690,657,0
690,707,0
690,694,0
690,713,0
690,698,0
690,666,0
690,715,0
690,702,0
691,707,0
691,638,0
692,0,0
692,694,0
692,698,0
692,666,0
692,702,0
692,159,0
693,0,0
693,666,0
693,715,0
693,638,0
694,0,0
694,512,0
694,1,0
694,514,0
694,515,0
694,5,0
694,6,0
694,518,0
694,519,0
694,7,0
694,520,0
694,521,0
694,522,0
694,524,0
694,14,0
694,17,0
694,529,0
694,530,0
694,532,0
694,21,0
694,22,0
694,537,0
694,538,0
694,540,0
694,542,0
694,543,0
694,545,0
694,34,0
694,548,0
694,551,0
694,39,0
694,553,0
694,41,0
694,554,0
694,42,0
694,555,0
694,44,0
694,557,0
694,45,0
694,559,0
694,47,0
694,560,0
694,48,0
694,561,0
694,50,0
694,563,0
694,565,0
694,54,0
694,566,0
694,56,0
694,569,0
694,571,0
694,60,0
694,576,0
694,578,0
694,580,0
694,69,0
694,581,0
694,70,0
694,586,0
694,587,0
694,589,0
694,590,0
694,78,0
694,80,0
694,595,0
694,596,0
694,84,0
694,90,0
694,91,0
694,604,0
694,94,0
694,95,0
694,608,0
694,96,0
694,609,0
694,610,0
694,612,0
694,100,0
694,613,0
694,102,0
694,615,0
694,106,0
694,619,0
694,107,0
694,622,0
694,623,0
694,624,0
694,113,0
694,625,0
694,630,0
694,631,0
694,120,0
694,632,0
694,633,0
694,634,0
694,635,0
694,124,0
694,125,0
694,637,0
694,638,0
694,639,0
694,127,0
694,130,0
694,131,0
694,644,0
694,133,0
694,647,0
694,136,0
694,649,0
694,139,0
694,140,0
694,654,0
694,142,0
694,143,0
694,657,0
694,145,0
694,658,0
694,147,0
694,660,0
694,662,0
694,150,0
694,153,0
694,666,0
694,667,0
694,156,0
694,670,0
694,159,0
694,673,0
694,674,0
694,676,0
694,164,0
694,677,0
694,166,0
694,679,0
694,680,0
694,169,0
694,170,0
694,684,0
694,172,0
694,686,0
694,687,0
694,175,0
694,689,0
694,177,0
694,690,0
694,692,0
694,181,0
694,185,0
694,698,0
694,186,0
694,700,0
694,701,0
694,702,0
694,190,0
694,704,0
694,705,0
694,706,0
694,707,0
694,195,0
694,708,0
694,196,0
694,709,0
694,197,0
694,710,0
694,711,0
694,200,0
694,713,0
694,714,0
694,715,0
694,716,0
694,717,0
694,205,0
694,718,0
694,206,0
694,719,0
694,207,0
694,210,0
694,213,0
694,215,0
694,216,0
694,220,0
694,221,0
694,224,0
694,234,0
694,239,0
694,240,0
694,241,0
694,243,0
694,245,0
694,250,0
694,253,0
694,256,0
694,257,0
694,258,0
694,267,0
694,268,0
694,271,0
694,277,0
694,280,0
694,284,0
694,286,0
694,289,0
694,290,0
694,294,0
694,295,0
694,299,0
694,304,0
694,307,0
694,311,0
694,312,0
694,317,0
694,322,0
694,324,0
694,326,0
694,327,0
694,332,0
694,335,0
694,336,0
694,340,0
694,341,0
694,342,0
694,346,0
694,352,0
694,357,0
694,361,0
694,362,0
694,363,0
694,364,0
694,365,0
694,368,0
694,369,0
694,378,0
694,381,0
694,389,0
694,390,0
694,391,0
694,392,0
694,393,0
694,395,0
694,396,0
694,397,0
694,399,0
694,400,0
694,401,0
694,402,0
694,405,0
694,406,0
694,412,0
694,414,0
694,419,0
694,422,0
694,423,0
694,424,0
694,425,0
694,427,0
694,428,0
694,430,0
694,433,0
694,434,0
694,436,0
694,437,0
694,441,0
694,445,0
694,451,0
694,452,0
694,453,0
694,454,0
694,456,0
694,457,0
694,458,0
694,460,0
694,461,0
694,464,0
694,465,0
694,466,0
694,467,0
694,468,0
694,469,0
694,470,0
694,476,0
694,478,0
694,483,0
694,485,0
694,486,0
694,489,0
694,492,0
694,494,0
694,503,0
694,504,0
694,505,0
694,507,0
694,509,0
695,707,0
695,573,0
695,638,0
696,561,0
696,669,0
696,525,0
696,686,0
696,638,0
697,0,0
697,561,0
697,469,0
697,7,0
697,666,0
697,698,0
697,638,0
697,686,0
698,0,0
698,512,0
698,1,0
698,514,0
698,5,0
698,6,0
698,518,0
698,519,0
698,7,0
698,521,0
698,522,0
698,11,0
698,14,0
698,529,0
698,17,0
698,530,0
698,18,0
698,532,0
698,21,0
698,22,0
698,537,0
698,538,0
698,539,0
698,540,0
698,542,0
698,545,0
698,34,0
698,547,0
698,548,0
698,551,0
698,39,0
698,41,0
698,553,0
698,555,0
698,44,0
698,557,0
698,45,0
698,559,0
698,47,0
698,560,0
698,561,0
698,562,0
698,565,0
698,55,0
698,56,0
698,569,0
698,571,0
698,59,0
698,60,0
698,578,0
698,580,0
698,70,0
698,74,0
698,587,0
698,589,0
698,590,0
698,83,0
698,596,0
698,84,0
698,600,0
698,602,0
698,91,0
698,604,0
698,94,0
698,95,0
698,96,0
698,609,0
698,102,0
698,616,0
698,617,0
698,618,0
698,619,0
698,624,0
698,113,0
698,625,0
698,626,0
698,630,0
698,631,0
698,120,0
698,634,0
698,635,0
698,124,0
698,125,0
698,638,0
698,127,0
698,131,0
698,644,0
698,133,0
698,649,0
698,650,0
698,140,0
698,142,0
698,143,0
698,656,0
698,145,0
698,657,0
698,147,0
698,150,0
698,666,0
698,667,0
698,156,0
698,670,0
698,672,0
698,674,0
698,676,0
698,677,0
698,166,0
698,679,0
698,680,0
698,172,0
698,686,0
698,687,0
698,175,0
698,689,0
698,690,0
698,692,0
698,694,0
698,697,0
698,185,0
698,186,0
698,702,0
698,190,0
698,704,0
698,705,0
698,706,0
698,707,0
698,195,0
698,708,0
698,196,0
698,197,0
698,710,0
698,200,0
698,712,0
698,713,0
698,714,0
698,715,0
698,716,0
698,717,0
698,718,0
698,719,0
698,207,0
698,210,0
698,215,0
698,220,0
698,221,0
698,224,0
698,235,0
698,239,0
698,241,0
698,243,0
698,245,0
698,248,0
698,250,0
698,256,0
698,262,0
698,268,0
698,271,0
698,276,0
698,277,0
698,280,0
698,284,0
698,286,0
698,294,0
698,295,0
698,304,0
698,307,0
698,317,0
698,322,0
698,324,0
698,326,0
698,327,0
698,328,0
698,332,0
698,335,0
698,341,0
698,342,0
698,346,0
698,357,0
698,361,0
698,362,0
698,363,0
698,364,0
698,365,0
698,368,0
698,369,0
698,381,0
698,389,0
698,391,0
698,392,0
698,395,0
698,396,0
698,399,0
698,401,0
698,402,0
698,405,0
698,408,0
698,410,0
698,414,0
698,424,0
698,425,0
698,427,0
698,428,0
698,430,0
698,433,0
698,436,0
698,437,0
698,441,0
698,445,0
698,448,0
698,452,0
698,453,0
698,454,0
698,456,0
698,457,0
698,459,0
698,460,0
698,464,0
698,465,0
698,466,0
698,467,0
698,468,0
698,469,0
698,470,0
698,478,0
698,483,0
698,486,0
698,489,0
698,492,0
698,499,0
698,503,0
698,505,0
698,509,0
699,704,0
699,708,0
699,666,0
699,621,0
699,702,0
700,561,0
700,309,0
700,694,0
700,471,0
700,425,0
700,666,0
700,267,0
700,702,0
700,638,0
700,686,0
701,660,0
701,694,0
701,554,0
701,686,0
702,0,0
702,512,0
702,1,0
702,514,0
702,5,0
702,6,0
702,262,0
702,519,0
702,7,0
702,266,0
702,522,0
702,267,0
702,14,0
702,16,0
702,529,0
702,17,0
702,530,0
702,18,0
702,275,0
702,532,0
702,277,0
702,22,0
702,280,0
702,538,0
702,286,0
702,542,0
702,545,0
702,547,0
702,294,0
702,551,0
702,295,0
702,39,0
702,41,0
702,553,0
702,557,0
702,45,0
702,559,0
702,561,0
702,50,0
702,307,0
702,565,0
702,309,0
702,56,0
702,571,0
702,59,0
702,317,0
702,578,0
702,322,0
702,580,0
702,324,0
702,326,0
702,70,0
702,327,0
702,329,0
702,587,0
702,589,0
702,590,0
702,335,0
702,593,0
702,596,0
702,84,0
702,600,0
702,91,0
702,604,0
702,352,0
702,609,0
702,615,0
702,616,0
702,361,0
702,105,0
702,617,0
702,619,0
702,363,0
702,364,0
702,621,0
702,365,0
702,368,0
702,625,0
702,113,0
702,369,0
702,630,0
702,635,0
702,125,0
702,637,0
702,638,0
702,644,0
702,133,0
702,646,0
702,391,0
702,136,0
702,392,0
702,137,0
702,396,0
702,140,0
702,145,0
702,657,0
702,401,0
702,405,0
702,662,0
702,150,0
702,666,0
702,667,0
702,670,0
702,414,0
702,673,0
702,677,0
702,166,0
702,422,0
702,679,0
702,424,0
702,425,0
702,170,0
702,427,0
702,428,0
702,686,0
702,430,0
702,687,0
702,175,0
702,690,0
702,436,0
702,692,0
702,694,0
702,441,0
702,185,0
702,698,0
702,186,0
702,699,0
702,700,0
702,445,0
702,704,0
702,448,0
702,705,0
702,707,0
702,195,0
702,708,0
702,196,0
702,197,0
702,710,0
702,454,0
702,200,0
702,713,0
702,457,0
702,714,0
702,715,0
702,459,0
702,716,0
702,717,0
702,718,0
702,719,0
702,463,0
702,207,0
702,465,0
702,210,0
702,467,0
702,469,0
702,470,0
702,215,0
702,471,0
702,224,0
702,483,0
702,485,0
702,489,0
702,492,0
702,239,0
702,241,0
702,243,0
702,499,0
702,245,0
702,503,0
702,250,0
702,509,0
703,583,0
703,426,0
703,666,0
703,638,0
703,686,0
703,223,0
704,0,0
704,512,0
704,1,0
704,5,0
704,6,0
704,519,0
704,266,0
704,522,0
704,11,0
704,268,0
704,529,0
704,17,0
704,530,0
704,18,0
704,275,0
704,532,0
704,277,0
704,22,0
704,280,0
704,537,0
704,538,0
704,540,0
704,286,0
704,542,0
704,544,0
704,547,0
704,294,0
704,551,0
704,39,0
704,41,0
704,553,0
704,557,0
704,45,0
704,559,0
704,47,0
704,561,0
704,565,0
704,56,0
704,571,0
704,59,0
704,60,0
704,317,0
704,578,0
704,322,0
704,324,0
704,326,0
704,70,0
704,327,0
704,587,0
704,589,0
704,335,0
704,83,0
704,596,0
704,84,0
704,342,0
704,600,0
704,602,0
704,100,0
704,616,0
704,617,0
704,618,0
704,363,0
704,364,0
704,365,0
704,621,0
704,368,0
704,625,0
704,113,0
704,369,0
704,635,0
704,125,0
704,638,0
704,644,0
704,646,0
704,391,0
704,392,0
704,137,0
704,652,0
704,397,0
704,657,0
704,145,0
704,401,0
704,150,0
704,408,0
704,666,0
704,667,0
704,414,0
704,673,0
704,677,0
704,166,0
704,422,0
704,679,0
704,425,0
704,682,0
704,427,0
704,428,0
704,686,0
704,430,0
704,687,0
704,690,0
704,436,0
704,694,0
704,441,0
704,698,0
704,186,0
704,699,0
704,445,0
704,702,0
704,448,0
704,707,0
704,195,0
704,708,0
704,197,0
704,710,0
704,454,0
704,200,0
704,713,0
704,714,0
704,715,0
704,716,0
704,717,0
704,718,0
704,462,0
704,719,0
704,207,0
704,465,0
704,210,0
704,470,0
704,215,0
704,224,0
704,482,0
704,483,0
704,485,0
704,489,0
704,235,0
704,236,0
704,492,0
704,239,0
704,496,0
704,241,0
704,243,0
704,499,0
704,245,0
704,502,0
704,503,0
704,250,0
704,509,0
705,707,0
705,708,0
705,710,0
705,425,0
705,686,0
705,561,0
705,433,0
705,149,0
705,694,0
705,662,0
705,666,0
705,698,0
705,702,0
706,561,0
706,694,0
706,489,0
706,698,0
706,638,0
706,686,0
707,0,0
707,512,0
707,514,0
707,5,0
707,6,0
707,519,0
707,522,0
707,530,0
707,277,0
707,22,0
707,280,0
707,537,0
707,547,0
707,41,0
707,557,0
707,45,0
707,561,0
707,565,0
707,59,0
707,573,0
707,578,0
707,322,0
707,326,0
707,587,0
707,589,0
707,596,0
707,84,0
707,342,0
707,600,0
707,602,0
707,609,0
707,616,0
707,361,0
707,363,0
707,364,0
707,365,0
707,368,0
707,625,0
707,369,0
707,125,0
707,638,0
707,641,0
707,391,0
707,137,0
707,397,0
707,657,0
707,401,0
707,150,0
707,408,0
707,666,0
707,667,0
707,670,0
707,673,0
707,677,0
707,166,0
707,679,0
707,425,0
707,170,0
707,427,0
707,686,0
707,430,0
707,433,0
707,690,0
707,691,0
707,694,0
707,695,0
707,441,0
707,698,0
707,445,0
707,702,0
707,704,0
707,448,0
707,705,0
707,195,0
707,708,0
707,197,0
707,710,0
707,454,0
707,200,0
707,713,0
707,714,0
707,715,0
707,716,0
707,717,0
707,718,0
707,719,0
707,463,0
707,207,0
707,465,0
707,470,0
707,215,0
707,224,0
707,483,0
707,485,0
707,489,0
707,241,0
707,243,0
707,499,0
707,503,0
708,0,0
708,512,0
708,5,0
708,391,0
708,519,0
708,392,0
708,522,0
708,401,0
708,275,0
708,277,0
708,662,0
708,22,0
708,537,0
708,666,0
708,410,0
708,667,0
708,673,0
708,677,0
708,166,0
708,679,0
708,425,0
708,427,0
708,686,0
708,430,0
708,561,0
708,433,0
708,694,0
708,441,0
708,698,0
708,699,0
708,445,0
708,702,0
708,704,0
708,705,0
708,578,0
708,707,0
708,195,0
708,197,0
708,710,0
708,200,0
708,713,0
708,714,0
708,715,0
708,587,0
708,716,0
708,717,0
708,718,0
708,719,0
708,207,0
708,465,0
708,210,0
708,84,0
708,215,0
708,224,0
708,485,0
708,616,0
708,363,0
708,364,0
708,621,0
708,365,0
708,368,0
708,625,0
708,241,0
708,369,0
708,243,0
708,499,0
708,638,0
709,561,0
709,694,0
709,710,0
709,425,0
709,638,0
710,0,0
710,512,0
710,5,0
710,391,0
710,522,0
710,268,0
710,397,0
710,401,0
710,275,0
710,277,0
710,662,0
710,22,0
710,666,0
710,667,0
710,540,0
710,414,0
710,677,0
710,166,0
710,425,0
710,170,0
710,427,0
710,686,0
710,561,0
710,433,0
710,694,0
710,441,0
710,698,0
710,317,0
710,445,0
710,702,0
710,704,0
710,705,0
710,578,0
710,707,0
710,708,0
710,197,0
710,709,0
710,200,0
710,713,0
710,714,0
710,715,0
710,716,0
710,717,0
710,589,0
710,718,0
710,719,0
710,465,0
710,600,0
710,602,0
710,482,0
710,100,0
710,365,0
710,625,0
710,241,0
710,243,0
710,632,0
710,638,0
711,577,0
711,561,0
711,694,0
711,681,0
711,425,0
711,666,0
711,638,0
712,185,0
712,698,0
713,704,0
713,0,0
713,512,0
713,578,0
713,707,0
713,708,0
713,710,0
713,391,0
713,714,0
713,522,0
713,715,0
713,716,0
713,717,0
713,718,0
713,719,0
713,657,0
713,401,0
713,210,0
713,277,0
713,666,0
713,667,0
713,414,0
713,677,0
713,485,0
713,425,0
713,427,0
713,686,0
713,561,0
713,625,0
713,241,0
713,690,0
713,694,0
713,698,0
713,638,0
713,702,0
714,704,0
714,0,0
714,578,0
714,707,0
714,708,0
714,710,0
714,713,0
714,522,0
714,715,0
714,717,0
714,589,0
714,718,0
714,719,0
714,401,0
714,22,0
714,600,0
714,666,0
714,602,0
714,667,0
714,166,0
714,425,0
714,170,0
714,686,0
714,561,0
714,241,0
714,694,0
714,698,0
714,638,0
714,702,0
715,704,0
715,0,0
715,674,0
715,707,0
715,708,0
715,710,0
715,713,0
715,425,0
715,649,0
715,714,0
715,686,0
715,718,0
715,561,0
715,657,0
715,690,0
715,468,0
715,693,0
715,694,0
715,698,0
715,666,0
715,702,0
715,638,0
716,0,0
716,704,0
716,707,0
716,708,0
716,677,0
716,710,0
716,713,0
716,425,0
716,717,0
716,686,0
716,719,0
716,561,0
716,275,0
716,694,0
716,666,0
716,698,0
716,702,0
716,638,0
717,704,0
717,0,0
717,707,0
717,708,0
717,677,0
717,710,0
717,713,0
717,425,0
717,714,0
717,716,0
717,686,0
717,719,0
717,561,0
717,694,0
717,666,0
717,698,0
717,702,0
717,638,0
718,704,0
718,0,0
718,578,0
718,707,0
718,708,0
718,710,0
718,425,0
718,713,0
718,714,0
718,170,0
718,715,0
718,589,0
718,686,0
718,561,0
718,241,0
718,694,0
718,698,0
718,666,0
718,667,0
718,638,0
718,702,0
719,704,0
719,0,0
719,707,0
719,708,0
719,677,0
719,710,0
719,713,0
719,425,0
719,714,0
719,716,0
719,717,0
719,686,0
719,561,0
719,275,0
719,694,0
719,666,0
719,698,0
719,702,0
719,638,0
