3934,4043,2
3867,4044,1
3840,3843,2
3661,3685,1
3651,3985,1
3614,3826,1
3550,3603,5
3529,3629,3
3529,3808,1
3529,3862,1
3526,3652,2
3494,3524,1
3486,3934,2
3457,4017,1
3446,3705,1
3253,4015,2
3253,3733,2
3163,3749,1
3142,3722,1
3132,3236,1
3125,3196,1
3125,3581,1
3125,3936,3
3088,3293,1
3081,3925,8
3045,3108,2
3001,3108,2
3001,3045,2
2999,3048,2
2980,3324,1
2954,3114,2
2952,3517,6
2899,3936,1
2865,3002,1
2864,3652,2
2864,3526,2
2861,3003,1
2861,4101,1
2839,3925,2
2779,3132,1
2750,3327,1
2653,3661,1
2621,3883,1
2558,3590,1
2536,2664,1
2534,3009,1
2514,3407,2
2513,3499,2
2504,3042,1
2501,2656,1
2477,2939,1
2476,3788,2
2437,3839,2
2428,2437,2
2428,2869,1
2428,2954,2
2428,3114,2
2428,3839,2
2420,4101,1
2363,3240,2
2341,2952,6
2341,3517,6
2338,2525,2
2338,2526,1
2328,3005,2
2328,3010,3
2328,3781,1
2327,3549,1
2321,3925,8
2321,3081,8
2318,2477,1
2296,2525,2
2296,2338,2
2288,2916,1
2277,3517,6
2277,2952,6
2277,2341,6
2269,4081,1
2260,3108,1
2256,2858,1
2238,2422,1
2206,3883,1
2202,3086,1
2196,3935,3
2192,2783,4
2188,2763,1
2188,3674,1
2183,3859,1
2159,3651,1
2148,3942,1
2138,2514,2
2138,2518,1
2138,3407,2
2129,2543,1
2048,3841,1
2048,3327,2
2042,3944,1
2015,3900,1
2004,2211,5
1999,2783,4
1999,2192,4
1994,2004,5
1994,2147,1
1994,2211,5
1994,3733,2
1984,2568,2
1965,2592,2
1941,2451,1
1921,4154,1
1917,2721,1
1916,1971,1
1905,2936,2
1899,4081,1
1887,4102,1
1862,2138,1
1836,1878,3
1824,3293,1
1824,3327,3
1818,2882,1
1818,3139,1
1818,3651,1
1816,2904,1
1798,2462,2
1783,2211,5
1783,2004,5
1783,1994,5
1777,3603,5
1777,3550,5
1736,3772,1
1732,2328,2
1726,3575,1
1708,3010,3
1708,2328,3
1692,1818,1
1692,2342,2
1692,4015,2
1653,3517,6
1653,2952,6
1653,2341,6
1653,2277,6
1641,3603,5
1641,3550,5
1641,1777,5
1606,1732,2
1606,3010,3
1606,2328,3
1603,2709,1
1600,3931,1
1597,2664,1
1590,2048,1
1575,3753,2
1571,2518,1
1553,1783,5
1553,2004,5
1553,2211,5
1553,2947,1
1553,1994,5
1549,1662,1
1535,3925,8
1535,3081,8
1535,2321,8
1528,1581,2
1528,4081,1
1522,2138,1
1512,1736,1
1512,3127,4
1504,3158,1
1474,1873,2
1447,3936,1
1424,3233,1
1421,1465,1
1421,1921,1
1394,3925,8
1394,3081,8
1394,2321,8
1394,1535,8
1392,3517,6
1392,2952,6
1392,2341,6
1392,2277,6
1392,1653,6
1384,3934,2
1384,3486,2
1376,1798,2
1376,2462,2
1365,1905,2
1365,2936,2
1365,3911,2
1357,2341,1
1346,1628,1
1328,2936,1
1315,1816,2
1295,3127,4
1295,1512,4
1284,1438,2
1272,2238,1
1268,1643,1
1268,2332,1
1268,3537,1
1268,3772,1
1261,3713,1
1259,3533,1
1257,2864,1
1250,2953,2
1250,3733,2
1237,3603,5
1237,3550,5
1237,1777,5
1237,1641,5
1235,4043,2
1235,3934,2
1212,1936,1
1208,3517,6
1208,2952,6
1208,2341,6
1208,2277,6
1208,1653,6
1208,1392,6
1194,3573,1
1190,3195,1
1186,4140,1
1176,1315,2
1176,3388,1
1176,1816,2
1169,3925,8
1169,3081,8
1169,2321,8
1169,1535,8
1169,1394,8
1168,2933,1
1167,3195,1
1167,2015,1
1153,1581,2
1153,1528,2
1143,3685,1
1133,1816,1
1132,1794,1
1132,3443,1
1132,1994,1
1129,3058,1
1129,3002,1
1120,2985,1
1106,2568,2
1106,2342,2
1097,2592,2
1097,1965,2
1091,1608,1
1091,1824,1
1076,1617,1
1071,3934,1
1066,1683,1
1055,1549,2
1048,3925,8
1048,3081,8
1048,2321,8
1048,1535,8
1048,1394,8
1048,1169,8
1034,3499,2
1034,2513,2
1029,3526,1
1020,3242,2
1001,3342,1
999,3293,1
985,3843,2
985,3840,2
971,2388,1
971,4015,2
971,1692,2
970,3146,1
970,3526,1
951,2462,2
951,1376,2
932,3265,2
932,3574,1
931,1545,1
931,3840,1
914,3629,3
914,3529,3
913,3629,1
900,3997,1
887,3265,2
887,932,2
878,971,1
863,1222,1
854,1936,1
843,1382,1
831,1984,1
827,1718,1
824,1438,2
824,1284,2
822,1504,1
815,3125,2
814,2568,2
814,1984,2
809,1250,1
793,1299,1
753,1994,2
753,1553,2
749,1898,1
749,1440,1
746,2373,1
738,3603,2
729,2972,1
727,2046,1
727,3407,2
726,815,2
726,3125,3
710,1669,1
710,3338,1
707,711,2
707,2196,3
707,2707,1
707,3935,3
670,4075,1
660,4140,1
660,1916,1
640,2297,1
616,3603,5
616,3550,5
616,1777,5
616,1641,5
616,1237,5
600,2783,4
600,2192,4
600,1999,4
589,791,2
589,2208,1
583,3839,1
570,1873,2
570,1474,2
540,938,1
538,2222,1
538,3526,1
536,791,2
536,589,2
531,2123,1
528,1275,1
528,3149,1
528,538,1
495,649,1
495,2882,1
478,764,1
476,1814,1
475,707,2
465,2709,2
464,2454,1
462,1606,3
462,1708,3
462,3005,2
462,3010,3
462,2328,3
439,3058,1
426,2783,4
426,2192,4
426,1999,4
426,600,4
419,3747,1
405,3925,8
405,3081,8
405,2321,8
405,1535,8
405,1394,8
405,1169,8
405,1048,8
395,914,3
395,3788,2
395,3629,3
395,3529,3
386,1439,1
381,1600,1
378,2079,1
378,2985,1
374,993,1
374,1600,1
374,2015,1
368,941,1
362,1549,2
362,1055,2
359,3911,2
359,1365,2
354,3048,2
354,2999,2
346,3936,3
344,1878,3
344,1836,3
332,2122,1
331,475,2
331,711,2
331,707,2
319,3883,1
315,2371,1
314,2820,1
312,2032,1
302,346,3
302,726,3
302,1470,1
302,3936,3
302,3125,3
296,1430,1
296,2221,1
291,666,1
283,2287,1
267,2363,2
267,2476,2
267,3240,2
267,3304,1
241,1106,2
241,1692,2
241,2342,2
236,2378,1
236,827,1
226,3197,1
224,1727,1
213,519,1
202,2709,2
202,465,2
198,2286,1
198,2578,1
197,3925,2
197,2839,2
189,2953,2
189,2985,1
189,1250,2
187,4067,1
187,540,1
179,186,1
179,1020,2
179,3242,2
178,1816,1
175,1440,1
172,2830,1
169,3603,2
169,738,2
157,3935,3
157,2196,3
157,707,3
144,1168,1
127,3153,1
127,2015,1
123,915,1
119,1575,2
119,1854,1
119,2462,2
119,2633,1
119,3753,2
106,727,2
106,2048,2
106,3327,3
106,1824,3
101,344,3
101,1333,1
101,1836,3
101,1878,3
97,2211,5
97,2004,5
97,1994,5
97,1783,5
97,1553,5
94,302,3
94,346,3
94,726,3
94,912,1
94,1038,1
94,3063,1
94,3125,3
94,3936,3
89,3127,4
89,1512,4
89,1295,4
88,3744,1
88,1257,1
66,3327,3
66,1824,3
66,106,3
62,3391,1
55,219,1
55,3842,1
51,3494,1
40,3127,4
40,1512,4
40,1295,4
40,89,4
15,3925,8
15,3081,8
15,2321,8
15,1535,8
15,1394,8
15,1169,8
15,1048,8
15,405,8
13,1399,1
