query time:7.081834E-4
index creation time:0.0010953829
2675,641,2
866,1613,2
2276,1103,18
2856,3491,8
2498,1594,3
2399,387,8
213,2825,2
3479,1958,3
2537,790,3
532,1194,7
724,3387,4
2376,1974,2
3387,3964,4
2192,598,12
2627,2675,3
317,2466,2
184,605,5
825,3030,3
1033,3343,3
2357,1945,13
350,3653,18
1759,4020,2
656,4049,2
681,2005,2
2806,3331,2
1103,3283,18
2399,2897,8
227,924,2
2419,3290,2
430,1744,3
3653,1759,18
89,1541,5
784,2935,4
2522,1211,2
3387,1759,15
190,2640,3
2192,1230,12
533,1923,4
2516,2693,2
2193,3131,3
3207,3387,4
2399,556,8
2094,2771,3
3237,1663,3
2516,1400,3
2276,1759,18
712,3774,3
1836,1958,3
890,3767,3
1230,3897,12
161,2936,3
2489,1194,7
259,4021,3
3330,1975,2
2263,2627,3
2753,3663,4
2518,3615,3
778,1559,13
2223,1986,3
2875,1954,3
2321,1048,13
2481,612,3
97,2759,18
2453,3578,2
495,2882,3
1307,1913,3
3134,3231,6
1231,1565,2
484,922,3
612,3681,2
2081,598,12
2929,3110,2
1180,3330,2
97,1923,15
1559,1616,13
366,1616,13
796,3897,12
2664,2691,3
89,3127,5
2188,2743,2
2897,1014,8
564,3473,3
2759,1103,18
600,3897,12
3168,1945,13
527,2043,2
2223,2640,3
785,3499,3
2474,1433,3
705,3491,8
166,578,2
569,3603,8
436,3613,16
97,1103,18
605,3922,5
1535,1616,13
3705,1940,4
2753,3387,15
339,716,3
2144,432,2
387,757,8
497,3037,2
4138,3904,2
2502,975,2
196,2786,5
2280,778,13
2321,2776,13
1095,1762,4
1541,3941,5
712,1353,3
2759,3074,18
1307,3807,3
3173,3555,7
201,598,12
1616,3789,13
48,2289,3
2468,2882,2
2081,201,12
660,1621,3
2280,2357,14
2192,600,12
2144,3566,2
2413,3148,2
2593,1263,3
2276,3074,18
1014,1140,2
2791,3199,2
962,3343,3
2829,1958,3
227,3609,2
3479,1836,3
2289,2411,3
825,3071,3
2357,3168,13
1114,3542,2
497,1327,4
56,3839,2
1923,4030,2
4153,1354,2
556,1030,8
201,3557,12
2263,3019,3
2276,3387,15
569,705,8
3387,1923,15
2307,3473,3
2263,3907,2
2776,3168,13
21,2375,2
4121,3782,5
3074,3653,18
436,533,4
528,1275,2
717,1186,2
598,1230,12
2063,661,2
2169,1731,2
2411,3919,3
839,841,3
1400,3669,2
3257,1391,2
184,3782,5
3023,3577,3
3387,3714,15
573,1946,3
585,3987,4
2049,2962,2
2321,2867,13
250,1546,4
2108,3975,2
2172,1180,2
97,436,17
3168,3378,12
2430,1915,2
2189,3555,7
2297,640,3
533,3663,4
564,2628,3
1284,4006,3
2305,1935,6
250,1064,17
507,969,2
350,3283,18
247,3705,3
1146,3981,3
3387,1546,4
1231,1826,2
172,2993,4
2321,1616,13
1433,3799,2
2753,3613,16
2094,834,2
2223,190,3
681,851,2
190,1940,3
227,2773,2
2321,3789,14
409,2771,4
1665,3965,2
3168,1559,13
2759,3613,16
2843,3936,2
201,3897,12
2263,2993,3
366,1945,13
1064,3283,17
2515,3757,3
2305,1873,6
598,796,12
2263,3090,3
2189,2489,7
285,3663,3
133,2680,3
3378,1535,12
1188,1778,2
3663,1944,3
2063,3981,3
2518,656,4
2525,988,3
2276,1707,2
1059,3312,8
366,1048,13
2176,2238,2
342,1627,2
2898,1235,3
436,1513,4
679,1815,2
2841,1262,2
350,3714,17
655,2912,2
18,2407,3
2130,1180,3
339,3981,3
250,1103,17
1746,1923,4
1146,1147,2
2192,3557,12
2493,3381,2
2522,1692,2
2751,3578,3
63,980,2
532,3555,7
1236,1546,5
250,436,17
533,1554,2
97,350,18
52,3868,2
2627,1371,4
2867,1535,13
2206,1062,3
2778,1986,2
2691,1597,3
201,600,12
679,1163,2
250,3074,17
1231,3979,2
31,1600,2
2071,718,2
4024,4034,2
323,1121,3
314,3386,2
1180,4056,3
2230,2627,2
21,2323,2
3653,1783,18
317,1090,2
3203,3534,2
2593,716,3
631,3748,2
2357,1048,13
2479,2791,2
911,3467,2
103,585,4
2183,716,2
3503,1597,3
1048,3789,13
812,3663,2
1007,3386,2
593,1007,2
0,3957,3
3538,1954,3
2753,917,4
784,857,4
562,3714,3
0,3608,3
2169,2896,3
2585,1731,2
533,1746,4
137,1134,3
2856,3312,8
350,1923,15
2645,3722,2
2770,1488,2
1158,3390,2
250,3283,17
2515,1597,2
2109,3482,3
109,1353,2
2126,2165,2
3074,1759,18
3127,3941,5
2263,1371,3
250,350,17
1546,4020,5
772,1100,3
103,1600,3
4121,184,5
2776,2867,13
2411,1493,3
2280,3168,13
2276,436,16
3472,1940,3
3198,1475,2
2555,896,2
1353,3774,3
4155,1044,3
2664,1672,2
2223,3084,3
796,3557,12
2834,1831,2
3874,3987,4
569,3491,8
2502,1755,2
97,2276,18
2626,2681,2
215,3919,2
4151,1621,3
1488,1689,2
1513,1546,2
2383,1188,2
2770,1518,2
3283,3387,15
2230,1134,2
788,3741,2
2936,1905,3
569,1059,8
323,1151,4
2130,172,4
1663,3732,3
1327,1679,4
387,1030,8
2168,201,12
3653,1923,15
4121,605,5
2189,532,7
97,1973,2
3283,3653,18
190,247,3
436,3283,17
1014,1030,8
264,3606,3
436,3074,17
527,3500,2
1064,3155,2
790,1007,3
201,1230,12
432,3530,2
1513,1923,4
3173,1194,7
2950,1600,2
942,1827,2
2209,436,4
226,3386,2
227,1466,2
323,1353,3
189,1746,4
497,1061,3
3312,3550,8
3714,1759,17
839,3767,3
1108,3936,2
2776,3378,12
2168,3557,12
63,2828,2
2128,1660,2
3,3016,5
2753,1923,15
564,3362,2
1644,1983,2
2759,3387,15
2327,1151,4
2289,528,2
532,3173,7
686,857,4
1868,1951,2
2776,778,13
934,1918,2
988,1956,3
2128,1946,2
2128,3439,2
2776,1945,13
4154,1923,2
3,4042,5
250,1759,17
2276,2759,18
1059,3603,8
839,890,3
250,3613,16
857,2935,4
366,3168,13
2169,996,3
3085,3975,2
3257,1782,2
3362,1971,2
254,796,2
3274,1680,2
2516,2518,3
2776,3789,13
796,1230,12
3782,3922,5
705,3603,8
259,3987,2
3519,3536,2
2632,1823,3
3030,3071,3
157,1030,8
1033,1971,2
3378,1616,12
109,2825,3
2321,1535,13
231,3237,3
2897,1030,8
1927,4020,2
2305,3231,6
21,795,2
3387,3813,4
2158,271,2
97,1783,18
3016,4042,5
3586,1551,3
484,3619,3
2856,1059,8
2193,605,3
2399,757,8
2128,3692,2
2169,3541,2
2081,3557,12
2094,1245,3
323,712,3
2753,1783,16
1103,1923,15
235,1134,3
259,922,3
106,1923,3
2675,3604,3
196,2516,5
908,2023,2
2654,3691,3
2829,1493,3
2321,366,13
350,2759,18
1194,3555,7
2858,3538,3
2128,227,2
2753,4002,2
2081,796,12
3541,3705,4
517,3733,2
2493,2564,2
1114,3650,2
2453,1600,3
2573,4030,2
2698,3998,2
2515,1084,3
1759,1923,15
975,3530,2
500,1408,2
436,1759,17
2242,3473,3
2280,1535,13
598,1209,12
778,1616,13
3157,3466,2
1246,3765,4
3283,1923,15
96,2979,2
784,2875,4
264,2910,3
157,757,8
1059,3491,8
2489,3173,7
709,1695,2
17,2364,2
161,1905,3
3387,3653,15
3117,3278,3
3811,1774,2
2280,2776,13
350,436,17
2083,1349,2
2138,1946,2
473,3613,2
285,1944,3
2436,2765,2
2129,1386,2
686,2875,4
1134,1450,2
2138,1572,3
3387,1783,15
2063,1869,2
1697,3919,3
3283,3714,17
2537,1007,3
103,3874,4
583,3839,3
2204,1245,3
1260,1493,3
495,1196,3
2305,3134,6
1064,1923,15
2664,1597,3
3134,1935,6
2776,1048,13
2428,3839,2
1209,1230,12
3387,4072,3
2548,1433,2
2128,660,3
1513,3663,3
350,1103,18
3733,1923,2
34,2944,3
2168,3756,2
2771,2811,4
318,2628,3
2094,3457,3
2138,1908,3
906,3701,2
2241,2680,3
1064,1103,17
103,2453,3
2168,600,12
3253,1467,2
3351,1851,2
843,1940,3
3613,1923,15
2168,796,12
3578,3663,4
2280,366,13
3015,4048,2
3283,1759,18
409,1697,2
598,600,12
366,1559,13
917,3663,4
436,3714,17
3280,1762,2
366,1535,13
250,3714,17
2357,2867,13
962,3038,2
2168,518,12
569,1025,2
89,2605,5
2189,1194,7
3074,1064,17
2280,1616,13
2081,2192,12
2321,1945,13
559,764,2
2627,3019,4
718,3362,2
2276,1513,4
2582,3117,3
3714,3964,3
2276,1923,15
387,1014,8
2108,942,2
3172,3486,3
1048,3378,12
161,3129,2
2507,1140,2
3168,1535,13
705,3550,8
3715,3807,2
2867,3378,12
2263,2427,2
2109,4006,3
2467,2498,3
3074,1546,4
229,1084,2
157,1629,3
1572,1908,3
2488,3311,2
157,400,3
556,1014,8
3820,3964,2
2399,1030,8
2751,1228,2
1044,3314,3
132,1248,2
1680,1743,2
2276,3613,16
2109,1284,3
1159,3584,2
2210,1856,2
2238,3038,2
2280,3378,12
2081,600,12
2108,3961,2
518,796,12
2276,350,18
1643,1660,3
2357,1535,13
227,1190,2
316,1281,2
3613,3714,16
785,3155,3
741,1643,3
1873,1935,6
319,1062,2
528,3577,3
1006,1771,3
3378,1945,12
366,2776,13
2574,3874,2
2289,813,3
3179,1235,3
2060,2936,2
387,556,8
2835,841,3
2144,227,2
436,1064,17
656,1400,4
681,3467,3
350,3613,16
2518,1400,3
301,681,2
2259,497,3
3017,1341,2
318,564,3
3714,1923,15
768,1404,2
436,1923,14
350,1783,18
3714,1783,17
1260,1958,3
2626,3295,2
564,3572,3
2627,2993,3
4152,2191,2
3789,1945,13
3019,1371,4
3787,3936,3
3491,3550,8
2819,785,3
106,3874,2
3312,3603,8
436,3387,15
518,3557,12
2357,1616,13
2627,3090,3
2819,3155,3
705,3312,8
2280,1559,13
3803,3910,3
679,3851,3
2081,518,12
2128,1974,2
760,2841,2
1762,4075,2
2357,2776,13
286,1510,2
2867,3789,13
778,2867,13
2251,1873,6
2204,1709,2
2502,1689,2
569,3550,8
1478,1731,2
2605,3127,5
233,2879,2
2645,837,2
1095,1246,4
2168,3897,12
3613,1944,2
109,1351,3
2989,1513,2
2172,3234,2
2081,1230,12
2209,2276,4
2344,2751,3
3182,1231,2
3815,1869,2
825,3981,3
4151,660,3
962,1033,3
402,3176,2
250,2753,16
1568,3874,2
8,1800,2
3927,4042,5
2128,3586,3
518,1230,12
2594,3843,2
133,1405,3
1472,3979,2
656,3503,3
157,1014,8
2153,3453,2
867,1643,3
1535,3789,13
98,3124,3
2759,1923,15
1062,3847,3
2084,3732,3
1723,1724,2
1006,3503,3
2321,2357,14
1209,3897,12
518,1209,12
1103,1759,18
250,3653,17
2128,3203,2
1292,1974,2
1095,3765,4
2993,3940,3
569,2856,8
2289,2626,3
409,2811,4
2477,2939,2
716,1263,3
598,3897,12
757,1030,8
1064,3613,16
2541,790,3
1146,3341,3
2138,656,3
2520,4050,2
2138,3640,2
3364,1774,2
432,839,3
2081,1209,12
724,3964,4
1823,1833,3
2289,3543,2
2251,3134,6
825,3209,3
1180,1433,3
600,3557,12
3613,2032,3
2467,1594,3
2751,1895,2
231,1663,3
201,796,12
716,3335,2
2827,1493,3
1983,1985,2
3491,3603,8
3975,1987,2
2856,3603,8
1048,1945,13
350,3387,15
2126,3145,2
2505,1622,2
1613,1985,2
3134,1873,6
741,1660,3
2251,3231,6
3500,3604,3
250,1923,15
4127,432,2
387,2897,8
145,3792,2
2263,2869,3
917,3578,4
2867,1559,13
2920,3284,2
1741,3927,5
4117,1327,4
2423,3839,3
487,1433,2
3273,1236,5
2428,2869,3
24,497,2
3613,3653,16
97,1064,17
2453,3714,3
196,3813,5
2081,2168,12
997,1433,2
1765,1985,2
2192,3897,12
1216,2043,2
3685,3754,3
97,3283,18
518,598,12
1211,3851,3
1065,3172,3
31,1554,2
0,2407,3
2753,1759,16
2640,3084,3
2130,2993,4
3283,3613,16
2522,534,2
3016,1741,5
1064,3387,15
97,3074,18
2065,1428,2
2675,3222,3
1399,1481,2
404,1044,2
2898,3179,3
2138,3503,3
2942,1957,2
1572,1597,3
2399,1014,8
2827,1260,3
3286,3538,3
778,1048,13
2850,3394,2
2786,3387,4
350,2753,16
1134,1600,2
491,3578,3
1559,1945,13
2759,3714,17
1488,1982,2
97,3387,15
2944,3603,3
3344,1946,3
2605,1541,5
3378,1559,12
2251,1935,6
605,3131,3
436,3653,17
689,2880,2
2627,3222,3
3209,3981,3
3671,1692,2
1371,3906,3
250,2759,17
3074,3283,18
3155,3499,3
600,796,12
3936,1939,2
2084,1663,3
780,2993,3
1064,1759,17
2129,3467,3
2189,3173,7
2263,3906,3
2626,3787,3
2168,1230,12
3074,1103,18
866,1111,2
350,3074,18
347,1362,2
1572,1655,2
975,1231,2
2479,1064,2
850,1484,2
366,3789,13
2128,1290,2
2753,1064,16
2759,3283,18
436,3663,4
599,791,2
2522,1022,3
436,1783,17
3541,1940,4
2271,1045,2
137,235,3
2396,3803,3
4155,3314,3
201,1209,12
3203,1688,2
1194,1599,7
2893,3156,2
1744,2020,3
2280,1945,13
2759,1064,17
1390,4053,2
2480,3919,3
3311,3330,2
2516,3813,5
2929,1493,2
133,2241,3
2276,3653,18
2280,1048,13
2466,3688,2
1493,3919,3
600,1230,12
2581,3229,2
2209,1923,4
2436,1151,4
2276,1064,17
562,1759,3
2759,1759,18
2439,3839,2
2248,4020,5
1783,1923,15
1195,3815,2
2223,3433,2
528,3887,3
3173,1599,7
190,1986,3
495,649,2
2753,3074,16
2280,3789,14
91,3965,2
1046,3379,2
491,1800,3
2248,1236,5
317,3703,2
623,1231,2
2656,4053,2
2248,1546,5
1397,3565,2
2192,201,12
2049,99,2
2835,839,3
3,3927,5
1059,3550,8
2259,1061,3
250,3207,3
705,2856,8
2354,1404,2
1046,2014,2
3550,3603,8
106,121,2
2819,3305,2
2263,2428,3
2321,1559,13
559,1134,2
366,3378,12
1180,3235,2
1084,3757,3
2489,3555,7
2477,1631,2
2875,857,4
157,2897,8
2280,2321,14
323,2043,3
3653,3714,17
2502,497,2
89,3941,5
3168,1616,13
2481,1931,3
3074,1923,15
2063,4126,2
2867,1048,13
3807,1913,3
366,778,13
801,1951,2
2049,1231,2
2759,1783,18
2896,996,3
598,3557,12
3273,4020,5
436,2753,16
2145,2525,2
2130,1433,3
36,3685,2
505,1595,2
339,2593,3
2049,1315,2
2640,1986,4
3253,3733,2
2117,3471,2
2522,3929,2
593,1060,2
2327,323,4
189,436,4
3225,3584,2
976,3887,3
2183,1546,2
317,606,2
2525,1676,2
1048,1535,13
2210,3362,3
4104,145,2
2647,1823,2
2802,1798,2
2253,1689,2
189,3663,4
1048,1559,13
585,3874,4
251,866,2
1559,3789,13
4154,2802,2
3506,1644,2
3468,1697,2
2242,3572,3
3312,3653,2
2307,716,3
2525,1956,3
2753,3714,16
2327,2436,4
1230,3557,12
436,2032,3
2081,3897,12
2094,2204,3
2251,2305,6
1064,3714,17
3074,3387,15
2428,2954,3
2219,2289,2
2138,3669,2
1789,1902,2
106,2753,4
97,250,17
250,3387,15
2480,4042,2
3341,3981,3
1103,3613,16
2770,3506,2
679,1211,3
430,2020,3
2759,3653,18
716,3473,3
2856,3550,8
3273,1546,5
304,3362,2
573,839,3
2238,215,2
4117,1679,4
2516,3387,4
106,1946,2
2061,946,2
4157,2626,3
778,3789,13
2248,3273,5
2276,1783,18
772,3919,3
757,2897,8
2954,3114,3
518,600,12
3613,1783,16
2192,796,12
1535,1945,13
716,2994,2
3290,1629,2
3555,1599,7
2753,3283,16
2829,1260,4
2936,1849,2
2489,1599,7
2583,1286,2
190,3705,3
651,3320,2
172,1180,3
2930,1932,2
866,1231,2
2210,4027,2
2867,1945,13
2242,564,3
1523,3584,2
301,3645,2
876,1116,2
2537,2541,3
2094,2811,3
3283,1783,18
4100,2113,2
2927,4042,2
663,3613,3
778,3168,13
2423,583,3
2453,3964,3
1327,3973,2
2680,1405,3
757,1014,8
2065,3957,2
1481,1689,2
2582,3278,3
106,2691,2
1064,3653,17
2357,3789,14
158,1948,2
569,1116,2
2516,3207,3
2882,1196,3
1100,3919,3
612,1931,3
796,1209,12
2138,2396,3
2831,1794,2
2063,3341,3
715,1546,2
663,4086,3
350,1064,17
2228,791,2
3168,3789,13
497,1679,4
686,784,4
1692,3870,2
695,3492,2
2786,3813,5
600,1209,12
2867,1616,13
3815,1851,2
2192,518,12
3613,3775,2
323,2436,4
184,3922,5
2094,409,3
157,387,8
2153,2043,2
3074,3613,16
2218,3362,3
3074,3578,4
2753,1103,16
2276,250,17
2867,3168,13
1209,3557,12
810,3124,3
97,3653,18
2204,2466,2
2993,1180,3
532,1599,7
227,950,2
1709,3766,2
2280,2867,13
1616,1945,13
323,3124,2
1103,1783,18
190,3157,2
3722,2037,2
48,2626,3
528,3023,3
556,757,8
3575,1675,2
1121,2043,3
400,1629,3
612,3204,2
2776,1535,13
1535,1559,13
2357,778,13
189,533,4
3503,1572,3
436,2759,17
2178,172,3
1048,1616,13
2605,3941,5
3473,3874,2
436,1103,17
443,1053,2
2297,2993,3
432,573,3
369,3176,2
2411,3023,2
3765,1762,4
2771,3457,3
2210,2218,3
2917,3803,3
2128,2753,2
778,1945,13
2825,1351,3
2776,1559,13
2158,898,2
2061,2917,2
227,2718,2
1065,3486,3
3074,1783,18
432,1062,2
2834,1084,2
2520,3757,2
97,3613,16
914,1231,2
1048,3889,2
4121,3922,5
2321,3168,13
2753,3578,4
805,1940,2
2388,2522,3
2189,1599,7
1759,1783,18
97,3714,17
2515,2518,2
0,18,3
2178,1180,3
641,928,2
3503,1771,3
2776,1616,13
2357,366,13
2530,588,2
680,2836,2
157,556,8
106,3578,3
350,1759,18
2321,778,13
3061,3964,4
2168,1209,12
189,1923,4
518,3897,12
778,1535,13
2138,3207,2
440,839,2
1231,3636,2
3613,1759,16
605,3782,5
1236,4020,5
2206,3847,3
778,3378,12
4117,497,4
3231,1935,6
3613,2027,2
2428,3114,3
2128,1551,3
3117,3965,3
573,3344,3
1246,1762,4
3061,3387,4
2228,202,2
528,976,3
705,1059,8
1762,1987,2
2130,4056,3
2411,813,3
2654,3754,3
2639,3266,2
103,3987,4
1103,3714,17
425,3715,2
3387,3613,15
2119,3178,2
190,1291,2
556,2897,8
2192,1209,12
2473,1515,2
34,3603,3
3578,1800,3
1103,3387,15
2910,3606,3
453,1902,2
2675,3500,3
190,1577,2
2388,1022,3
2582,3965,3
2261,1239,2
4157,3787,4
922,4021,3
339,3209,3
3016,3927,5
250,4072,3
2276,3283,18
250,1783,17
2138,2518,3
2516,2786,5
106,1823,2
478,764,2
190,3541,3
2917,1680,2
2753,3653,16
121,1064,2
3205,3503,2
3391,1752,2
1974,2000,2
97,1759,18
3127,1541,5
196,3387,4
3349,3807,2
569,3312,8
3074,3714,17
98,810,3
2654,3685,3
3608,3957,3
3578,1844,2
2917,3910,3
3482,4006,3
2146,2477,2
640,2993,3
843,3472,3
867,1660,3
2138,3803,3
1741,4042,5
2276,3714,17
1897,1952,2
97,2753,16
2489,532,7
1064,1783,17
2130,2474,3
1048,3168,13
2063,339,3
2875,2935,4
2128,1621,3
2632,1833,3
2858,3286,3
3691,3754,3
2516,656,3
3222,1796,2
366,2867,13
2875,3538,3
850,3319,2
922,3619,3
201,518,12
564,716,3
3231,1873,6
2207,323,2
3557,3897,12
2276,2753,16
724,3061,4
2344,3578,3
2491,2893,2
491,1676,2
3578,3613,4
2168,598,12
2138,3657,2
1819,1983,2
18,432,2
2779,906,2
780,3940,3
2753,2759,16
3,1741,5
2357,1559,13
2129,681,3
202,3792,2
2976,3732,2
3312,3491,8
430,3598,2
4157,3936,3
1400,3615,3
3613,4086,3
157,2399,8
1103,3653,18
566,1245,2
2480,1697,3
2168,2192,12
