query time:9.39925E-4
index creation time:0.003401654
971,4073,4
528,1275,2
1818,2934,4
405,3123,19
1596,2529,2
250,3207,3
784,2875,3
556,1014,11
2066,3668,4
103,1451,6
117,3074,19
1231,2049,3
168,3309,2
250,1002,20
1317,1921,2
85,2972,3
569,1997,13
2753,3653,19
356,1607,4
2489,3173,10
925,1546,10
1901,2677,3
605,2961,8
1064,1783,19
204,3358,3
1343,3930,2
2437,3839,3
1113,3659,13
25,621,4
746,789,5
892,2139,2
513,593,2
2522,3255,4
501,3058,2
1845,2777,2
1134,2613,3
1787,3189,3
1994,2753,19
1413,2475,4
2635,3905,4
2366,2989,3
180,1099,3
866,3699,2
1722,3374,3
1237,3054,13
405,2429,19
1063,2446,12
3253,3733,3
166,2320,5
1051,1113,13
1451,2303,6
898,2158,2
255,2583,4
642,1360,3
1793,3290,2
1771,3503,3
85,3984,3
2654,3691,6
3174,3283,20
383,407,19
1113,1209,13
2951,3737,2
2112,2283,3
1198,1709,3
845,3920,2
2238,2422,2
581,2109,4
395,1092,2
1399,1481,2
569,3054,13
1237,3550,13
289,1320,10
532,2575,10
597,864,2
1559,2429,19
532,2549,10
2789,4003,2
995,1680,3
707,3935,11
3135,3498,5
1559,2233,19
1268,1643,3
1113,3897,13
409,2811,2
1827,2595,2
1476,2722,2
1045,3933,4
518,2291,13
2299,2330,3
182,2684,2
1290,2128,3
2741,3916,11
604,3748,2
776,2248,11
1920,2130,3
3058,3969,3
2620,3220,2
1415,2836,2
399,1363,2
2448,2483,2
604,2308,3
2,2036,3
150,531,5
1796,3447,4
1578,2420,2
169,3603,10
3320,3796,3
572,2446,12
477,2332,2
1082,3127,7
2635,3180,3
2599,2731,4
168,995,2
2319,2670,2
1757,2740,3
612,1210,3
995,2437,2
405,2233,19
2480,4042,2
2320,3081,19
3193,3358,3
2654,3824,6
2020,2268,4
187,3355,3
3556,3729,5
3155,3560,4
162,864,2
2098,3788,2
1923,4079,18
1180,2615,2
1873,1935,12
112,1921,4
2522,3540,3
282,1985,2
3698,3956,2
97,3487,20
2906,3123,19
572,1935,12
939,1491,2
2386,3613,16
874,2411,2
1231,1566,3
4105,3964,2
716,2593,4
1064,3613,16
4121,3782,9
405,1945,19
1708,3066,3
565,3827,3
2626,3787,3
213,519,2
1064,3174,19
2140,3605,2
2501,4053,4
2999,4020,11
925,3273,11
239,556,11
2020,3243,2
1356,2978,2
1033,2036,3
866,1111,3
2042,3827,3
2772,3530,2
1192,3287,14
383,1226,19
472,2753,4
1169,1226,19
387,3935,11
2400,3201,2
2586,2635,2
471,2772,3
733,2144,2
100,3768,3
3653,4079,20
25,660,4
1659,1796,4
3127,3941,7
1677,2319,2
623,2237,5
227,2496,5
178,1816,4
810,3124,3
3802,4040,3
1394,1981,20
451,510,4
1923,3487,18
87,2522,4
1435,3127,7
1479,3570,3
201,3897,13
2161,3179,5
1643,2141,3
2320,3123,19
1282,2268,4
121,1733,6
2466,3723,4
1411,1902,3
2605,3941,7
1453,3058,3
338,2013,12
2753,3174,19
1796,2089,4
201,426,13
1974,2376,3
1408,2909,2
922,1083,3
2320,2429,19
517,3733,3
2597,2949,3
1571,2518,3
6,117,20
2360,3447,3
2022,2977,3
789,3498,5
528,538,2
219,1753,4
2049,3742,5
3049,4005,2
1192,1945,16
466,3548,2
978,3553,3
792,1329,4
1023,1053,4
2496,3970,5
239,757,11
1535,1945,19
1113,2081,13
1226,3789,19
409,1328,2
2444,2831,2
1026,2271,4
922,1224,2
694,1033,3
932,2064,4
565,1294,2
356,4026,3
791,2817,3
491,1676,2
447,1136,2
1192,1226,16
3124,3549,2
1828,3742,2
1561,2668,4
106,2048,3
1949,2039,6
73,1003,3
347,3358,3
556,2741,11
1420,2033,4
4121,734,5
1766,3406,3
596,2013,12
2196,2741,11
2563,3834,2
1180,2130,3
2429,3789,19
1113,2291,13
776,925,11
1697,2480,2
407,2320,19
1153,4080,2
1616,3081,19
1238,1680,3
2064,2932,2
936,1185,3
1256,1757,3
758,3056,3
122,1194,10
645,2158,2
1048,1226,19
112,2802,4
472,1944,4
706,1535,19
513,1792,3
405,3081,19
293,3189,4
1134,1150,3
746,2620,2
1268,2332,2
2977,3253,3
1513,1546,2
1061,2432,4
1935,2995,12
3729,4030,5
155,3325,7
3074,3613,16
26,2697,3
1797,3294,3
2484,3252,3
1107,3012,4
1169,3123,19
101,2606,4
799,936,3
2606,3818,4
885,1777,13
1488,3406,3
1254,2946,2
1006,1771,3
3388,3742,4
780,3940,2
2245,3020,2
1429,3955,3
799,1656,3
1180,1920,3
866,3947,2
172,2178,3
533,3180,4
1594,2467,3
1575,3753,4
1498,1997,13
169,2767,10
975,1231,2
2064,3943,3
785,3560,4
3756,3923,3
1792,3192,5
3322,3958,4
1095,1246,4
3578,3613,4
1002,3613,16
1575,4033,3
1210,1923,3
2081,2291,13
3881,3889,4
925,3989,11
1715,3494,2
3384,3471,2
2366,3074,5
985,3400,3
3273,3989,11
311,2776,19
2979,3125,3
297,2828,2
117,1064,19
2549,3555,10
1185,2686,3
1641,3318,13
403,1045,4
1901,2315,2
202,3792,3
1280,2128,3
707,2741,11
2875,3538,3
1333,2606,4
383,405,19
103,1600,3
141,352,4
1830,1838,5
2233,2867,19
2588,3818,4
1268,2141,3
1531,2405,4
43,2846,10
1231,1458,2
3357,3358,3
85,3117,4
951,2462,5
82,2132,2
1099,2350,8
893,1745,3
3174,3653,20
2020,3841,2
1194,3173,10
1959,4079,2
301,3645,3
2386,3297,20
573,1946,3
569,3603,13
878,1211,4
233,2879,2
1002,1923,18
353,3172,5
34,3603,10
34,2767,10
2711,3660,8
1616,1945,19
3401,3825,3
1471,1566,3
2886,3449,2
1559,1981,19
605,1434,3
2145,2990,2
2022,2466,4
1925,2599,4
716,2036,3
836,2941,4
1002,3653,20
2864,3056,3
387,757,11
1773,2320,2
1946,2128,3
102,1915,3
1588,2033,3
472,3613,4
1669,2128,3
1494,2890,2
250,1923,18
2163,3601,3
564,3473,3
215,2031,2
3079,3756,3
1616,3123,19
4121,2350,9
56,3839,3
383,1169,19
2548,3438,2
463,1674,3
195,1868,3
2233,2906,19
239,3126,11
1064,3074,19
450,1469,2
799,2701,6
1844,3578,2
2746,2828,2
3989,4020,11
1280,3955,3
172,2130,4
1427,3415,4
1451,3987,6
832,2081,13
905,2829,2
706,1616,19
985,3074,4
3174,3613,16
334,1818,2
2914,4008,3
180,2254,2
1455,2906,3
2420,3167,2
1051,1209,13
1169,3287,19
969,2141,2
1317,1477,2
941,3889,4
1064,3653,19
864,3958,3
1331,2474,4
1169,1559,19
1224,2385,2
716,2307,3
741,1643,2
1659,3222,4
3487,4079,20
106,1923,4
85,1620,4
1284,1531,4
2846,3603,10
1082,2634,7
2128,2753,2
1620,1665,4
3253,3930,4
97,3297,20
121,2909,6
1226,1559,19
1373,2800,2
991,3069,2
311,3123,19
1692,2673,4
112,1376,3
1139,1165,3
1392,3517,3
3407,3415,3
572,1873,12
4121,3660,8
596,1160,12
706,1945,19
1709,2204,3
859,1186,3
2516,3207,3
1048,1169,19
985,2594,3
2049,3955,3
1064,1733,6
1014,3935,11
2749,2780,13
2604,3813,6
250,4079,20
1226,2233,19
615,1953,3
3036,3469,2
716,2994,2
302,3125,3
2254,2413,3
1169,2906,19
1416,4046,3
687,2959,6
4121,1018,9
637,877,2
2022,2204,4
103,428,3
6,2386,20
516,2102,3
2867,3287,19
2128,2798,3
2216,2374,3
121,799,6
700,970,3
3484,3514,2
1353,1441,3
1192,3123,16
969,2643,3
3074,4080,4
1209,2291,13
347,3193,4
692,859,3
557,2680,4
1546,2248,10
2780,3897,13
3930,4018,2
2386,3074,19
117,2032,4
302,3787,3
873,2648,2
970,2199,3
1192,2867,16
2344,3578,3
549,1933,2
3747,4064,3
338,2995,12
1945,2429,19
1213,2199,5
1701,4080,4
2533,3788,3
4128,2802,2
428,2909,3
3433,3903,2
767,3555,10
117,1553,19
701,1354,4
889,1361,3
3547,3898,3
1063,2995,12
2392,3669,2
449,3955,2
2415,3791,2
6,3297,20
4121,605,8
603,723,3
1394,2776,19
338,3483,12
247,3705,2
944,1167,2
311,1616,19
3283,4079,20
2128,2264,3
2575,3173,10
569,1368,2
1031,1935,12
1856,2210,2
477,2128,3
1048,1616,19
477,2254,3
364,462,3
1409,2367,3
4124,258,2
428,2248,10
1229,2141,2
1429,2128,3
85,1156,4
405,706,19
1944,3613,4
383,1559,19
2447,3684,4
546,2954,3
1176,3955,3
3578,3663,4
4109,2228,3
3297,3613,16
330,496,4
2128,3439,3
1981,2429,19
407,1559,19
1592,3653,3
1048,1559,19
2909,4003,2
518,3897,13
3092,3124,3
1625,2613,4
1048,3287,19
4147,2465,2
1607,4020,4
405,2320,19
1100,1941,4
1677,2673,4
214,2564,3
76,3200,4
1234,2036,3
1198,3776,3
2428,3888,3
250,2753,19
1697,3360,3
2211,3174,20
3095,3695,3
472,3743,4
166,3103,5
353,1065,5
117,2753,19
4044,4045,3
2428,2437,3
214,2493,3
1064,3487,19
447,1388,2
1241,2866,2
122,2549,10
87,971,4
1674,1816,3
1914,2909,3
2149,2862,2
289,2996,10
1097,3329,2
6,250,20
3205,3503,2
472,3727,4
122,2489,10
1722,2248,11
4128,2102,3
3754,4052,6
528,1687,3
124,2579,3
2267,4023,2
2864,3362,3
776,1722,11
407,1048,19
1452,2064,3
182,2893,2
1787,2002,3
101,3325,7
443,1058,4
1553,2386,19
4003,4020,4
365,2022,3
97,3653,20
734,3131,3
1708,1799,3
2741,3935,11
1064,1923,18
1409,1921,3
311,2906,19
2719,3401,3
2100,2708,2
1018,1099,8
1298,3024,4
1337,2415,2
311,1394,19
462,732,2
3610,3684,2
1015,2792,3
237,1033,2
55,219,4
2350,3660,8
3318,3550,13
1546,3273,10
1113,2780,13
706,1048,19
1901,3394,3
615,939,3
930,3599,2
3691,3754,6
1226,2320,19
1233,3724,2
301,2415,4
160,260,3
1535,3789,19
2048,3856,3
1117,2767,10
1923,4030,2
101,2588,4
1480,3503,2
706,2429,19
1677,3454,2
2042,2593,3
2518,3400,5
1160,2446,12
1280,1669,3
1033,1903,3
1169,3081,19
565,1234,3
407,2776,19
428,3048,10
1180,2178,3
939,3097,3
338,1063,12
2001,2673,2
462,3239,5
4154,112,4
1498,1641,13
447,2643,2
1751,2613,4
3297,3653,20
202,2228,3
3407,3657,2
6,2753,19
1452,3943,3
569,1696,2
1132,2566,2
106,3475,4
1677,3788,2
561,3790,3
55,3763,2
2447,3531,4
885,3054,13
3294,3599,3
1182,1956,3
3208,3559,3
893,2885,3
1924,3540,3
3123,3789,19
680,2836,2
1945,3123,19
687,2496,6
428,925,9
1616,3287,19
623,1231,3
773,2831,2
97,1387,2
687,1077,5
4111,3192,6
2258,2709,3
1172,2977,2
903,2613,2
969,3122,3
1048,1535,19
1616,2233,19
512,2442,2
407,3287,19
1164,4005,4
1783,2211,20
76,3403,4
1036,2949,3
465,2709,3
1868,3432,3
853,1614,3
2537,2542,2
1926,3955,2
2604,2786,6
1192,1535,16
1932,1965,3
1387,2709,2
1616,2867,19
1233,2913,3
1951,4001,3
150,3556,5
1333,3818,4
1037,3768,3
1328,2220,2
1923,1994,18
351,3963,2
1974,2747,3
1828,2036,3
1777,3550,13
617,1594,3
1134,2339,3
1048,3789,19
1268,3772,2
1194,2189,10
1338,1900,3
1507,3708,4
2980,3799,2
250,3174,20
2587,2635,4
1432,2548,2
25,4151,4
569,1116,3
1176,2126,3
9,774,3
1783,2386,20
1994,3074,19
2447,3415,3
2776,2906,19
1488,1689,2
2256,3286,3
1394,1945,19
182,746,2
3357,3369,3
85,2582,4
1132,1543,2
2388,2522,3
829,3015,2
971,1677,4
446,2263,2
239,1014,11
3487,3613,16
54,3239,5
2248,4020,11
2362,2537,2
1903,3873,3
2291,2749,13
2049,3559,4
1989,3461,3
250,2211,20
37,3208,3
400,1883,3
3748,3856,3
2588,2829,3
1409,2834,2
939,1201,3
1535,2320,19
233,2254,2
1553,4079,19
106,2753,4
2386,3487,20
172,1180,3
1773,4033,3
122,532,10
73,324,3
2259,2432,4
1553,2211,19
1661,1915,3
428,1546,10
3685,3754,6
133,2680,4
2128,3208,2
171,2890,2
1174,2679,2
407,2233,19
1994,2211,20
395,3903,3
2411,2462,5
1888,3172,5
1594,2547,3
565,716,4
3074,3578,5
912,934,2
1677,1818,3
2196,3935,11
2320,2867,19
669,1479,3
2204,3140,2
785,3499,4
117,1923,18
1160,2995,12
2126,3145,3
707,3916,11
2876,3178,3
2446,3483,12
1994,3297,20
2534,3009,2
2128,3832,2
1989,2766,3
1556,2599,4
1553,2977,6
399,3494,2
1600,2483,2
652,3613,2
771,1724,2
3613,3668,3
463,2040,2
2128,3827,3
1231,3636,2
428,3490,2
1192,2776,16
3047,4086,3
1600,3514,3
387,1014,11
443,1023,4
101,2829,3
439,2493,2
133,557,4
516,3956,2
426,3659,13
1481,1689,2
97,1002,20
604,671,3
1241,2319,3
1559,1616,19
2291,2780,13
76,3181,4
2098,2163,3
1002,1064,19
383,3123,19
830,1607,2
2245,2297,2
180,2638,3
1059,1498,13
387,2741,11
1722,2516,3
1921,2827,2
1726,3575,3
1185,3601,3
971,3255,4
1288,2345,4
1641,1777,13
1900,3868,3
776,4020,11
569,1498,13
1309,2022,2
102,2411,5
227,3287,3
1923,3733,4
274,2638,3
1226,2429,19
763,2376,3
2437,3888,4
407,3081,19
861,1901,2
1279,2982,2
1783,3174,20
2263,3906,2
4128,4134,3
403,2271,4
2786,3813,6
66,3743,5
776,3273,11
3092,3692,2
2428,2954,3
1482,3977,2
1231,1674,3
612,828,2
426,2749,13
971,2522,4
1566,1596,4
706,3123,19
3400,3415,4
925,1722,11
788,3741,2
707,3832,2
925,4020,11
1546,2198,4
3283,3613,16
1783,3487,20
6,1064,19
133,2241,4
3613,3743,5
799,2909,6
825,3209,2
1109,2880,4
605,1099,8
757,3935,11
83,2129,2
155,3479,7
1167,3930,2
1376,2411,4
182,677,2
1231,4008,2
1981,3287,19
108,3021,2
895,2845,2
2245,2264,3
833,3613,4
3502,3905,4
1994,3653,20
978,2731,3
1187,1641,13
2098,2913,3
187,1766,3
1488,1766,3
1394,2320,19
1099,3660,8
4105,548,6
85,1665,4
35,107,2
1923,2386,18
2429,2906,19
488,1883,2
2462,2802,4
1951,3432,3
2130,3502,4
1122,3307,4
1116,2709,3
428,1722,10
1513,2989,3
173,1611,3
302,1796,3
1180,2830,3
2128,2326,2
1226,3123,19
314,2820,2
456,1773,3
745,3964,3
1284,2109,4
687,924,5
1559,2867,19
175,2790,3
2668,3903,2
861,976,3
3597,3930,4
1553,2947,6
220,557,2
587,782,2
804,1198,2
1394,3081,20
2873,3990,2
387,556,11
885,3603,13
407,3123,19
0,18,3
2140,2579,3
2241,2680,4
2886,3878,2
1237,1498,13
3058,3827,2
1319,2977,2
1256,2740,3
1048,2965,3
2974,3502,4
1677,1755,2
250,3074,19
3600,4029,2
3362,3652,3
3646,3743,5
3124,3357,2
3646,4003,5
832,2291,13
2210,3362,3
690,3938,2
201,518,13
1923,2753,18
3478,3898,3
985,4080,4
328,657,2
1692,1818,4
3613,3760,3
2846,2996,10
1134,3601,3
1169,2233,19
117,833,4
472,2554,4
1169,2429,19
1553,3283,19
2320,2906,19
789,3135,5
971,2673,4
585,2303,6
744,3903,2
1945,3789,19
2493,3381,2
311,2233,19
2320,3789,19
1079,2022,2
1035,3742,6
1153,3672,2
2639,3266,2
12,1317,2
3325,3818,6
2103,3128,3
34,169,10
986,3708,4
2032,3613,4
383,1945,19
1692,3095,2
289,1117,10
338,596,12
939,970,3
54,1838,5
1873,2995,12
1134,1600,3
7,4033,2
1946,2956,3
763,1080,3
293,2466,4
1331,2033,3
1679,2734,4
1441,2885,3
1059,1187,13
1534,2695,2
885,1237,13
2635,3502,4
2081,2749,13
1889,2028,2
571,1792,3
4128,642,3
2956,3836,4
1981,3081,20
4125,2816,2
405,1981,19
4107,2002,2
426,2780,13
2751,2931,2
1061,2259,4
1064,2211,19
3411,4040,3
302,3222,3
472,1356,2
227,2718,2
1242,2646,3
1237,3603,13
1744,3939,4
16,2553,2
1379,2338,2
25,1561,3
873,3356,2
1409,2351,2
155,1878,7
741,1023,2
1816,2904,2
823,2196,11
623,1792,5
660,2798,3
413,1753,4
3079,3923,3
2890,3601,2
1117,3603,10
1315,1816,4
161,1570,3
1994,3613,16
941,3881,4
1888,3179,5
1513,3663,4
4123,3940,2
935,1023,2
1553,3297,19
2864,3652,3
375,3599,3
1498,2198,4
1064,1553,18
1288,1302,2
2204,3777,3
2103,3548,3
1559,3789,19
1031,2446,12
311,1981,19
409,877,2
1733,2493,2
1535,3123,19
302,2089,3
533,1923,4
2140,3832,3
1210,1513,4
1095,3765,4
231,1663,2
405,1192,16
2109,3165,4
1551,2264,3
117,1994,20
3447,3956,3
1048,2867,19
911,3467,3
2144,3241,3
905,3733,2
533,3663,3
2367,3752,4
1416,2641,3
1997,3550,13
603,2210,3
250,3613,16
3425,4044,3
1008,2852,3
1343,2163,3
885,1997,13
117,3487,20
2338,2990,2
2153,3445,2
2299,2793,3
54,462,5
1169,3789,19
1535,2776,19
2153,3453,2
472,3578,4
155,3818,6
2731,3553,3
2902,3892,2
3179,4043,5
1783,3283,20
338,1935,12
257,1883,2
241,1106,3
2582,3117,4
1946,3344,3
1226,1945,19
562,3297,2
1411,1789,3
939,2199,3
1002,3174,20
531,4030,5
239,3935,11
417,2049,3
1868,4001,3
2189,2549,10
18,1750,3
1944,3743,5
1944,3663,4
2256,3538,3
3803,4073,3
569,1237,13
1923,3613,16
583,3476,2
1629,3290,2
423,3289,2
917,2753,4
1048,1945,19
87,2155,2
202,1453,3
1723,1724,2
718,3362,2
2126,3097,2
2673,4073,4
2196,3126,11
2705,2902,2
2386,4079,20
1923,2977,4
1445,3818,3
922,2022,3
1063,2971,2
1873,3483,12
2995,3483,12
2211,3487,20
1498,3550,13
573,839,2
34,289,10
3614,3826,3
1818,2673,4
692,1186,3
2516,2518,3
4146,1167,2
0,3608,3
1048,3081,19
1226,1981,19
2345,2743,5
2635,2977,3
1489,3017,2
82,2657,2
341,1329,3
85,2241,4
407,1535,19
734,1434,3
356,4003,4
129,258,2
1187,3318,13
4121,2711,8
1680,3763,2
573,2956,4
6,1994,20
1909,3742,4
1209,3659,13
2022,2470,3
1722,3048,11
34,1320,10
1187,1777,13
1015,2487,2
1242,2831,3
1225,3252,3
1036,4091,3
87,3118,3
2538,3366,3
117,3283,20
572,2013,12
1674,2049,4
1413,4053,4
100,1037,3
4085,4089,4
1319,3371,2
2220,2559,2
426,2291,13
2886,3197,2
1194,2575,10
4120,1150,3
617,2547,3
2447,3614,3
4108,490,2
2081,2780,13
767,2549,10
1033,1561,3
1505,4005,2
1003,2544,3
353,1384,5
2625,3133,2
227,3241,3
1596,2518,4
1923,3475,4
2429,3123,19
1169,2776,19
1607,3918,2
1429,2018,2
201,2291,13
405,3789,19
2600,2643,3
106,3578,3
1722,2518,4
1559,2320,19
1063,2013,12
480,557,3
2128,3783,3
1816,3742,4
2489,3555,10
85,1881,4
227,1192,3
3224,4026,3
1048,2320,19
1383,1853,2
347,1362,3
2393,2654,6
241,2342,3
831,1984,2
518,2780,13
117,1002,20
311,3287,19
1570,1905,3
564,2824,2
1766,1985,3
117,3297,20
1534,1611,3
3141,3285,2
3819,4008,3
967,2181,2
2625,3696,3
1231,3979,2
887,3265,4
3608,4085,4
427,1213,5
1928,3818,4
250,4072,2
1496,1900,3
1974,2148,3
2245,2474,3
6,3653,20
2977,3180,4
538,2222,2
2070,2829,2
2977,3613,5
2393,3754,6
2996,3603,10
1697,3201,2
1840,2629,2
2067,2345,5
864,3322,3
2413,3148,2
117,3613,16
1561,2374,3
1185,2415,3
1651,1755,2
1435,2634,7
2753,3074,19
698,3898,3
1167,2325,2
138,1677,2
585,882,6
510,623,5
3358,3369,3
1084,2199,5
596,1031,12
2496,2959,6
2089,2220,3
1559,3123,19
1209,3897,13
2961,3660,8
1541,3127,7
119,1854,2
2063,2245,2
1164,3808,4
716,2668,4
1427,2518,4
2243,3679,2
3123,3287,19
165,3539,3
701,1674,4
1596,2448,4
1169,2320,19
2345,2538,3
3135,3180,5
2393,4052,6
722,1225,2
1120,2876,2
746,3180,5
763,1200,2
1238,3593,3
985,2619,4
569,959,2
546,2635,2
2429,2776,19
2002,3854,2
1117,1320,10
2350,2711,8
1002,3074,19
97,250,20
3117,3278,4
3407,4074,2
2552,3049,2
3668,4086,4
832,2780,13
776,799,3
925,2909,3
66,2977,4
352,836,4
665,3656,3
215,2238,3
150,3729,5
1701,3074,4
2031,2272,3
22,774,2
1053,1058,4
569,3318,13
704,1329,3
52,1324,3
439,3058,2
2652,4075,2
85,1720,2
443,1053,4
43,1117,10
373,741,2
1766,2179,2
1945,3287,19
1544,2036,2
311,1192,16
3287,3789,19
34,2846,10
279,1498,4
800,1690,2
1507,3413,4
2776,3287,19
103,194,2
383,1616,19
2036,3124,3
1231,1565,2
1974,2128,3
1908,3684,4
1413,2501,4
417,2585,2
1192,3789,16
1182,2338,3
462,1326,2
889,3578,3
1226,1394,19
1614,1689,2
1035,1176,5
2224,3513,2
605,1018,8
876,1116,3
1032,2811,2
423,3881,2
1002,2211,20
1997,3603,13
1035,2049,5
557,2241,4
2693,3400,3
792,3024,4
1331,2245,3
2643,3122,3
663,3613,3
1818,3139,2
1329,1507,4
3490,3648,2
3207,3407,2
810,2036,3
87,149,2
2959,3970,5
1733,2909,6
572,1063,12
2516,3400,3
3074,3174,19
1338,1496,3
885,1187,13
528,3577,2
426,1209,13
1441,2880,4
405,2867,19
527,3449,2
3125,3936,3
152,3530,3
1765,1985,2
3579,3921,2
148,845,2
1692,2522,3
861,1300,3
2483,2516,3
201,1113,13
1356,2977,2
1051,3897,13
293,2625,3
924,1077,5
593,1107,3
884,1625,4
1226,1616,19
596,1873,12
1779,2948,4
1614,3882,2
1282,3939,4
428,3989,10
4126,2063,2
395,3788,2
3283,3297,20
2237,3192,5
516,2657,2
557,2888,2
446,1180,3
2719,3825,3
1692,3870,2
1107,2271,4
311,405,19
611,3695,3
1286,2583,4
968,2089,3
1038,4001,2
1513,2367,4
3048,4020,11
417,2913,2
1935,2013,12
1083,3619,3
6,3283,20
2767,2846,10
1299,1885,2
2415,3969,4
1002,1994,20
2196,3916,11
103,882,6
970,3097,3
1997,3054,13
832,3659,13
1467,3253,4
3608,3957,4
763,2000,3
1288,2611,2
43,289,10
1082,2605,7
1063,3483,12
975,3193,2
4130,3384,2
3902,3921,2
1077,3970,5
707,2707,3
4153,701,4
2040,2258,3
1513,3727,4
1235,1888,5
405,2906,19
1313,2036,2
117,3743,4
1535,2906,19
2360,3956,3
704,2432,4
43,2996,10
1888,2161,5
3593,3790,3
604,1553,3
2751,3578,3
4151,621,4
1288,2743,4
3074,3487,19
311,1945,19
569,3550,13
3054,3318,13
3040,3208,3
1556,2731,4
882,3987,6
398,2671,3
101,3479,7
1176,1909,4
630,2663,2
227,2128,2
2330,2793,3
1862,3503,2
2634,3127,7
106,1635,2
1923,2602,3
2417,3189,4
2913,3828,3
258,1225,3
2022,2801,2
1185,1356,3
689,1441,4
3531,3684,4
1286,1779,4
1566,2518,4
155,1836,7
3286,3538,3
462,1838,5
1676,2973,2
1670,1816,4
1878,3479,7
1224,3881,2
2189,2575,10
1292,2484,3
274,2636,3
1670,1988,4
320,1568,2
1777,1997,13
250,931,3
356,3224,3
971,1692,4
612,2367,3
3787,3936,3
25,1033,3
255,1779,4
1298,3708,4
1744,2020,4
239,3916,11
698,1019,2
239,823,11
1777,3054,13
3383,3553,3
1666,2709,2
2126,3955,3
1435,1541,7
34,43,10
2753,3578,4
1226,2776,19
536,791,2
356,4020,4
746,3135,5
531,3556,5
122,2189,10
2013,3483,12
1445,2433,2
2098,3017,2
1923,3180,4
767,1194,10
2128,2245,3
4116,1288,3
3081,3287,19
2233,2320,19
478,4041,2
97,1783,20
119,1575,3
403,3933,4
426,1113,13
2598,3956,2
2386,2753,19
1687,2289,3
1288,1378,4
343,2445,2
1199,2114,3
1783,3613,16
2554,3663,4
1923,3174,18
1853,1892,2
6,3174,20
687,3970,5
2516,2693,3
1409,4005,3
970,2175,3
924,3970,5
3040,3559,3
338,1031,12
904,3839,3
1320,2846,10
704,2259,4
803,1840,2
1878,3818,6
668,1766,3
3272,3761,2
1233,2059,2
2475,4053,4
311,2867,19
407,2906,19
1209,2081,13
929,1453,2
1246,3765,4
726,2979,3
767,2189,10
1320,2996,10
2753,4079,19
1134,3908,2
2448,2518,4
1994,3283,20
2312,3502,2
2233,2776,19
729,2972,3
2022,3723,4
1427,3407,3
1066,4063,2
1945,2867,19
399,2876,2
1994,3174,20
227,494,3
860,1064,2
1498,3054,13
1109,1441,4
250,2386,20
1641,1997,13
2211,2386,20
1559,2776,19
1059,1237,13
2220,3170,3
706,2906,19
25,3170,4
1427,1566,4
1042,2711,4
3074,3400,4
127,3153,2
448,1210,2
201,2780,13
1160,2013,12
26,3834,3
557,1156,4
1427,1766,3
1443,3262,2
3268,3823,3
405,2776,19
1106,2342,3
3074,3297,19
2367,4005,3
55,413,4
1376,1513,4
1677,4073,4
1482,2039,2
1057,1353,2
2098,2680,2
311,1535,19
1553,3487,19
3273,4020,11
2211,3283,20
353,1888,5
43,1320,10
3174,4079,20
1546,3400,5
117,2211,20
663,4039,3
2340,3936,2
2798,3783,3
1237,1641,13
250,1064,19
706,1226,19
1327,2734,4
569,1187,13
1180,2036,2
279,2198,4
3691,3824,6
1107,3933,4
52,3868,3
4127,2047,3
122,3173,10
2731,3383,3
250,1546,3
1799,3066,3
1745,2885,3
2268,3939,4
1353,2082,2
757,1014,11
581,1122,5
311,2429,19
6,1553,19
971,1211,4
605,2350,8
2483,3415,4
79,2317,3
4128,1360,3
407,2429,19
3556,4030,5
3522,3765,4
1396,2593,3
311,3081,19
985,1288,4
2579,3033,3
311,2320,19
102,2485,2
462,3403,2
383,2867,19
2673,2934,4
1169,2867,19
1017,1615,2
494,2018,3
141,2941,4
1059,1997,13
1151,2436,2
1327,2992,4
2428,3839,3
1472,3979,3
427,2199,5
3613,4079,16
3275,3763,2
746,2874,2
428,1914,3
3397,3596,3
3165,3307,4
114,2238,2
4155,277,2
428,1923,3
2766,3461,3
2826,3956,2
573,3344,3
951,1376,4
146,3964,2
941,3794,3
147,546,2
2843,3936,3
1766,4067,3
1559,3081,19
2113,3118,3
101,1445,3
932,3265,4
548,3813,6
426,832,13
2806,3947,2
85,330,4
556,823,11
1394,1535,19
554,4023,2
227,3970,5
1035,1816,4
564,2242,3
842,3970,2
1246,3522,4
1734,2300,2
2436,2765,2
3081,3123,19
168,438,2
1042,3290,4
623,1674,3
2787,3734,2
1744,2268,4
814,1984,2
3058,3291,2
227,924,5
2779,3805,2
884,2613,4
1641,3054,13
941,2034,2
2144,3494,2
4153,1674,4
1553,2550,6
1661,2965,3
532,1194,10
1064,2479,2
4136,604,3
1677,3708,3
471,839,2
1949,2947,6
2570,2630,2
1361,1607,2
1122,1284,5
1209,2749,13
548,2516,6
532,3173,10
823,3126,11
1675,1726,3
2689,3699,2
97,117,20
1453,3332,3
472,2194,2
2181,2534,2
1099,2961,8
2350,3782,9
1023,1058,4
707,1014,11
1643,3914,3
585,1451,6
707,757,11
2365,3334,2
106,2977,4
326,1632,3
1233,1713,3
1631,3282,2
2549,3173,10
1026,3012,4
2914,3819,3
1535,1559,19
3321,3599,3
217,1453,2
3497,3559,2
596,3483,12
2429,2867,19
583,3839,3
776,3989,11
2211,3653,20
1180,2387,2
1581,4049,3
2605,2634,7
3448,3788,3
510,1792,5
1498,3603,13
1541,2605,7
311,1226,19
97,1994,20
2980,3324,2
1378,2345,5
1561,2611,2
3478,3547,3
2417,2466,4
1722,2999,11
1888,4043,5
2320,3103,5
660,2128,3
668,3185,3
1059,3603,13
1629,1883,3
1694,2283,3
901,2640,2
1098,2977,2
85,3726,3
1167,2002,2
417,1677,3
621,3914,3
1315,2049,5
1861,2520,2
3810,3913,2
776,3048,11
1666,3596,3
2593,3827,3
734,3660,5
550,941,2
2558,3590,2
866,3355,3
3181,3200,4
986,1507,4
1783,1994,20
3659,3897,13
3297,4079,20
3074,4079,19
716,3955,3
564,3362,2
250,3487,20
3440,3818,2
1213,2128,2
1482,2211,2
103,1677,2
2037,3722,2
122,2575,10
2033,2245,3
1873,2013,12
1561,2216,3
975,3530,3
121,2701,6
1003,3808,2
4111,1792,5
556,3126,11
1026,1045,4
1663,3732,2
342,1215,2
2140,3881,3
2776,3123,19
596,2995,12
428,1882,3
311,383,19
2175,3322,3
1546,3989,10
922,3619,3
1233,3024,3
3444,4005,2
573,3836,4
1282,1744,4
1076,2493,2
612,3681,2
1783,1923,18
97,1553,19
3253,3597,4
1461,2220,3
119,2462,3
400,1629,3
1908,2447,4
4121,2961,9
931,1545,2
518,1051,13
1014,2707,3
565,2593,5
54,1830,5
97,3283,20
3564,3876,2
1553,2753,19
166,3794,5
2466,3189,4
1453,1560,3
708,1792,2
3613,3646,5
3701,3805,2
315,1342,2
1122,2109,4
1900,1959,2
1777,3318,13
1394,3287,19
3103,3896,5
832,1209,13
4105,2786,6
1045,2271,4
201,1051,13
1755,2911,2
3916,3935,11
117,4079,20
2320,3794,5
1921,2802,4
823,3916,11
1553,1783,19
3901,3948,2
1520,1561,4
2575,3555,10
2161,4043,5
2189,3555,10
108,1047,2
169,289,10
2780,3659,13
2001,2220,3
4148,1387,2
1717,3597,2
459,939,3
572,2995,12
669,3570,3
2977,3733,3
839,2965,2
1566,3415,4
596,2446,12
58,593,2
1167,1180,2
1520,2668,4
1553,2405,4
866,3332,3
799,3841,3
1394,3123,19
1901,3872,3
2064,3265,4
169,2846,10
2204,2977,3
13,1399,2
970,1442,3
792,1507,4
1461,3170,3
2850,3310,2
3180,3498,5
2350,2961,9
2654,3754,6
2516,2604,6
1160,3483,12
1908,3531,4
1002,3283,20
2489,2549,10
866,1453,3
2596,2731,2
87,187,3
258,3357,2
2609,2731,2
1187,3550,13
2365,3074,2
1002,2753,19
97,4079,20
117,1783,20
2303,3987,6
85,496,4
462,1708,2
1064,2909,6
3613,3653,16
3957,4085,4
1192,2320,16
4111,451,4
2210,4027,2
1546,3048,10
623,3930,2
2220,2412,3
1048,1192,16
4134,2580,3
169,2996,10
3193,3514,3
363,2614,2
1035,1315,6
132,1248,2
66,472,4
1996,3943,2
2867,2906,19
1674,2708,3
299,3086,2
2520,4050,2
1679,2992,4
1394,1559,19
1567,2445,2
706,2776,19
397,2929,3
3047,3613,3
3456,4091,3
2316,2529,2
1574,2002,3
1180,3502,3
1213,2834,5
1376,2802,4
134,3920,3
1033,3873,3
579,1977,2
1290,2148,3
2405,2745,2
1553,3653,19
1153,2447,3
2516,3583,2
57,1036,2
341,1946,2
536,1180,2
718,2071,2
2128,3735,2
2366,3743,5
1376,3184,2
1014,2741,11
885,1641,13
411,911,3
1059,3054,13
2367,3808,3
2013,2446,12
3760,4086,4
2583,2948,4
513,2167,2
882,2303,6
1185,3969,3
1709,3777,4
622,2899,3
293,3357,2
1387,4095,2
832,1051,13
1187,1997,13
395,1368,3
651,3320,3
238,2144,2
1928,2588,4
347,3514,3
1042,1099,4
2594,3843,3
428,3273,10
2211,4079,20
1082,3941,7
2263,2437,3
1194,2489,10
2149,3881,2
1087,3750,2
97,3174,20
4127,2025,3
1199,2792,3
1647,3582,2
1616,2320,19
2646,2831,3
43,169,10
605,3131,3
3024,3708,4
2516,3813,6
2677,3872,3
3128,3548,3
27,1343,3
1694,2112,3
1292,3252,3
2516,2786,6
496,1881,4
1616,2906,19
1059,1641,13
259,746,2
1198,3777,3
583,904,3
1901,2092,2
383,2906,19
4128,2580,3
1790,3083,2
1288,2619,4
734,2711,5
2999,3048,11
128,3455,2
2921,3361,2
1462,2824,2
1362,3358,3
1048,2429,19
2039,2550,6
784,857,3
106,1656,3
122,3555,10
971,2388,3
3559,3803,3
1101,2493,3
311,1559,19
1882,2753,4
4151,2798,3
1327,1679,4
411,3467,3
1531,3155,4
175,1440,3
2999,3273,11
1873,2446,12
106,3547,3
2128,3955,3
3048,3273,11
792,3413,4
1169,1945,19
3174,3297,20
1198,1233,2
2753,4002,2
1226,3287,19
102,1661,3
2587,3502,4
1981,2867,19
55,1753,4
1442,2175,3
832,3897,13
1100,2451,4
101,1836,7
227,2018,3
2204,3788,2
3578,3743,5
917,3663,5
258,2787,2
907,1837,3
1160,1935,12
2237,3178,3
2319,3832,3
1286,2948,4
1237,1997,13
683,1766,2
3200,3403,4
351,665,3
927,1646,2
2715,2992,2
1878,3325,7
1065,1384,5
553,1659,2
706,1559,19
405,1169,19
1194,2549,10
4154,1923,2
491,3578,4
2386,3653,20
461,2367,2
765,1453,2
672,1556,3
3103,3794,5
1134,2230,2
3088,3833,2
239,2741,11
3193,3998,2
985,3578,4
2776,3789,19
2211,2753,19
201,2081,13
2065,3957,2
195,1951,3
2516,3415,3
572,1160,12
2264,3783,3
2114,2345,2
3241,3566,3
0,3077,2
2709,3879,2
1637,2766,2
4111,510,5
2766,4078,2
97,1923,18
87,281,2
792,3708,4
1160,1873,12
792,1677,3
1616,2776,19
732,1152,2
201,2749,13
2815,3599,2
1997,3318,13
1187,3603,13
491,1288,4
106,1882,4
1361,3578,3
213,782,2
4098,261,2
152,975,3
122,767,10
1923,2367,3
66,1923,4
255,1286,4
621,660,4
426,3897,13
1797,3599,3
2368,2623,2
2867,3123,19
1376,2150,2
3407,4003,5
1503,3955,2
2523,3914,2
1614,2272,3
909,2772,3
1187,3054,13
518,1209,13
1427,1985,3
970,1201,3
1134,3514,3
3768,3862,2
1099,3782,8
1317,3247,2
3763,3803,2
1945,2776,19
174,732,2
2039,2947,6
1923,3283,18
1002,1553,19
2270,3268,3
2493,2564,3
1064,2701,6
326,3357,3
396,1529,2
746,3498,5
1789,1902,3
472,917,4
706,1169,19
239,707,11
2549,2575,10
625,1523,2
473,2366,3
103,585,6
4154,2802,4
1018,2350,9
407,2867,19
4150,3002,2
1713,3024,3
426,518,13
106,799,3
2913,3601,3
1513,3752,4
1198,1231,3
677,960,2
311,1169,19
1409,2204,3
1008,3881,3
330,1665,4
2237,2876,3
1923,3297,18
572,3483,12
37,3559,3
1048,2906,19
227,2959,5
548,2604,6
528,3721,2
3283,3487,20
671,2550,6
204,2798,2
2749,3897,13
403,1107,4
477,939,2
1946,2890,2
227,687,5
1213,2304,2
147,2263,2
704,1061,4
3174,3487,20
2886,3245,2
3081,3789,20
409,1697,2
1231,3776,3
1733,2701,6
1535,1981,19
1924,2522,3
553,2742,2
1553,3155,4
2600,2635,3
1616,1981,19
1553,3613,16
1620,1881,4
2467,2498,3
3296,4003,2
2533,3448,3
1048,3889,3
1476,3954,3
749,1440,2
1235,2161,5
1540,3025,2
2248,2999,11
1675,3575,3
1974,2000,3
2063,3341,2
1559,2906,19
932,3574,2
166,3896,5
1420,2245,3
3608,4089,4
1064,3155,4
1472,1855,2
1535,2867,19
1235,4043,5
1031,1160,12
2952,3517,3
2634,3941,7
920,3808,2
758,2864,3
250,1994,20
925,2999,11
304,1500,2
3583,3955,3
1064,1531,4
1176,2049,5
857,2875,3
150,3964,3
2475,2501,4
995,3593,3
1935,3483,12
1899,4049,2
2753,3613,16
12,2709,2
2753,3663,4
569,1495,2
4066,4087,2
1036,3456,3
1064,4079,19
2311,2864,2
1059,3550,13
2307,3473,3
1006,3503,3
1534,3776,3
1077,2496,5
405,3287,19
2067,2831,2
671,1949,6
1974,2787,3
612,3204,2
2654,4052,6
426,1051,13
4105,2516,6
389,975,3
596,1935,12
2033,2980,3
1783,4079,20
3639,3665,2
3155,3499,4
1611,3776,3
915,1778,2
3803,4047,2
3487,3653,20
1231,1596,3
2139,3424,2
1921,2204,3
1556,1925,4
4120,1134,3
1535,1616,19
250,3400,3
2067,2743,5
383,2776,19
150,745,3
227,2773,2
407,1192,16
1553,1923,18
341,704,3
451,1792,4
1531,3499,4
651,3796,3
1588,2245,3
1502,3180,2
1616,3789,19
887,932,4
99,2049,2
1156,2241,4
383,2429,19
19,2063,2
887,2064,4
1640,2129,2
1226,3081,19
2248,3273,11
2048,3748,3
3660,3782,8
2368,3955,2
121,1064,6
3613,4086,3
2199,2834,5
2048,3841,3
1641,3603,13
141,836,4
250,3680,2
564,716,3
1923,3074,18
785,1531,4
1665,1881,4
1065,3172,5
364,1013,3
604,1532,2
2081,3659,13
1064,3297,19
371,4022,2
556,2196,11
1031,1873,12
2843,3125,3
767,3173,10
1546,2999,10
6,1002,20
3297,3487,20
1513,1923,3
877,3359,3
1153,3662,2
1185,1233,3
1561,2753,2
1064,2753,19
2412,3170,4
2218,3362,3
3325,3479,7
387,2196,11
2040,2709,3
596,1063,12
2492,4053,2
2852,3881,3
1441,1745,3
428,1600,3
875,3476,2
689,1109,4
117,250,20
966,3125,2
3358,3360,2
2428,3723,2
1075,3747,3
688,3455,2
2245,2561,3
79,730,2
263,2493,2
2104,3893,2
1722,4020,11
1049,3699,2
1051,3659,13
1615,3030,3
102,1376,4
782,1472,2
1218,3086,2
3685,3824,6
1659,3447,4
428,3469,2
579,2354,2
2345,3366,3
1331,2130,3
1075,4064,3
1453,3969,3
1165,1533,3
1111,3355,3
970,2128,3
1082,1541,7
85,729,3
2605,3127,7
716,1561,4
1169,1394,19
799,2048,3
1467,3597,4
909,2112,3
1051,2081,13
1050,1472,3
524,1343,2
103,3987,6
2289,2411,2
357,3903,2
202,2709,3
97,2753,19
1566,2639,3
556,757,11
405,1226,19
665,2493,2
2130,2474,3
2320,3881,4
6,1783,20
1882,3987,2
2320,3287,19
546,853,3
1882,1923,4
2429,3287,19
302,726,3
1026,1107,4
1783,3653,20
799,1064,6
2799,3677,2
1231,3568,3
4105,2604,6
1117,2996,10
548,2786,6
1935,2446,12
1192,2018,3
2189,2489,10
1668,2322,3
2128,2148,3
2671,2866,3
2643,4078,2
27,2163,3
561,3593,3
1397,2561,3
1901,3599,2
387,707,11
1211,2522,4
1511,1837,3
2867,3081,19
1616,2429,19
569,1641,13
3753,4033,3
621,1643,3
707,2196,11
508,2002,2
585,3987,6
1192,1616,16
101,155,7
4128,516,3
2697,3834,3
2263,3019,2
1588,2796,2
119,2633,2
427,2834,5
671,1553,6
119,3095,2
774,3706,2
830,3464,2
2361,3954,3
1949,2550,6
767,2489,10
2802,3469,2
2639,3415,3
1586,4005,2
352,2941,4
880,2002,2
1176,3632,2
2366,3613,4
1546,4020,10
941,2320,4
885,1059,13
777,3033,3
1397,2245,3
1324,3868,3
3015,4048,2
3720,3938,2
447,1635,2
1836,1878,7
605,3660,8
825,1615,3
146,2275,2
557,970,2
1868,1951,3
2036,2263,2
1268,2195,2
1747,2380,2
1944,2554,4
1176,1816,4
2867,3789,19
2479,2791,2
201,1209,13
1358,3407,2
4111,623,5
2999,3989,11
117,3653,20
1994,3487,20
1376,2462,4
66,1944,5
1991,4080,2
1709,2708,3
293,3696,3
1697,3468,3
102,2802,4
2271,3898,2
774,2368,3
1941,2451,4
1674,3601,2
622,3936,3
2322,3954,3
593,2417,2
1209,2780,13
1792,2445,2
1194,3555,10
4136,2308,3
97,3074,19
3046,3538,3
1014,3126,11
1797,1900,2
1766,3185,3
1113,2749,13
528,1414,2
1541,2634,7
383,1048,19
3360,3468,3
1455,1816,3
3283,3653,20
2393,3685,6
2126,4035,2
1212,2891,2
1014,3916,11
34,2996,10
9,2368,3
259,922,3
1487,3903,2
833,3743,4
1185,3645,3
941,1903,2
260,2864,3
494,1048,2
744,3217,2
73,2544,3
1084,1213,5
1969,2306,2
791,2228,3
1092,4088,2
882,1451,6
2130,2974,4
716,1520,4
1467,3930,4
689,2880,4
2909,3731,2
2025,2047,3
565,2036,3
766,2126,3
2753,3487,19
471,941,2
1553,1994,19
2248,3989,11
556,707,11
1553,3174,19
663,4086,4
284,1941,4
1892,3862,2
746,3068,2
776,2999,11
130,3216,2
1233,2098,3
1435,2605,7
1315,3742,6
2602,2977,3
572,1031,12
301,3969,4
2066,4086,4
1153,1581,3
1176,3742,4
569,1059,13
2776,3081,19
1233,3601,3
3726,3984,3
36,1685,3
472,2918,3
119,2285,3
4155,2254,2
1269,1288,4
1923,2550,4
1592,1994,3
204,3357,3
1176,3388,4
2498,2918,2
1080,1974,3
2320,3889,4
311,407,19
1783,3074,19
1132,1994,2
669,2769,2
1338,3868,3
766,3145,3
407,1169,19
2767,3603,10
757,2196,11
472,3663,4
477,3827,3
546,1614,3
119,3753,3
985,3843,3
569,1052,2
0,3957,3
1476,2361,3
2291,3897,13
1569,2929,2
1231,2258,2
556,3935,11
1097,1965,3
2393,3824,6
1097,1932,3
150,4030,5
2767,2996,10
1225,3014,2
471,2112,3
792,1298,4
528,976,3
1169,1981,19
1830,3239,5
866,1231,3
2753,3431,2
202,465,3
1600,3299,2
3723,4013,2
2582,3278,4
383,2320,19
1226,2867,19
851,1165,3
1520,3955,3
1176,1315,5
472,1513,4
823,2741,11
259,3987,2
407,1945,19
1134,2098,3
387,3916,11
1722,3989,11
118,3539,3
2339,2613,3
1134,1450,2
1559,1945,19
1226,2906,19
178,1988,4
426,2081,13
2103,2220,3
1656,3578,3
289,3603,10
1680,2121,2
227,2144,3
1836,3325,7
878,971,4
1536,4068,2
528,1300,3
69,3718,2
1482,3956,2
1551,2128,3
605,2711,8
407,1226,19
569,885,13
1299,2788,2
1356,2686,3
925,1600,3
301,1185,3
2001,2103,3
2431,4067,2
4,3229,2
1923,2211,18
477,1215,3
46,2537,2
101,3818,4
279,1546,4
1002,1783,20
56,2437,3
1607,4003,4
1680,1704,2
1164,2367,3
1117,2846,10
311,3789,19
604,2382,2
1441,2820,2
3808,4005,4
254,797,2
293,2417,4
304,3362,2
1571,2516,3
3613,4039,3
1553,1949,6
289,2846,10
173,3776,3
2629,3101,2
2211,3297,20
446,2130,3
866,3568,3
2129,3918,2
1923,3653,18
2386,3174,20
866,2932,2
1015,1199,3
1237,1777,13
3824,4052,6
2619,3578,4
407,706,19
817,1317,2
1169,1535,19
1921,2829,2
284,2451,4
1945,2320,19
2405,3155,5
1059,1777,13
36,3685,3
1384,3172,5
459,2199,3
447,3241,2
106,1946,2
1222,3938,2
2098,3601,3
1956,2338,3
3074,3653,19
2885,2892,2
533,1882,3
2018,3287,3
3425,4045,3
1292,2787,3
1816,2906,3
1187,1237,13
1099,3290,4
1048,2233,19
471,909,3
102,951,5
1946,2463,2
1064,3283,19
1553,2039,6
877,3909,2
1543,3431,2
383,2233,19
1315,3559,4
1394,2867,19
405,407,19
726,3125,3
1783,3297,20
1048,1981,19
1064,2386,19
1816,1988,4
1626,3448,2
2635,3741,2
103,2303,6
2320,2776,19
569,2709,3
2,1828,3
1193,4025,2
462,1013,3
2032,3487,4
671,2947,6
1064,1994,19
3754,3824,6
1573,3415,2
885,3318,13
876,2258,3
985,1701,4
2929,3110,3
1153,3400,2
1722,3400,4
825,3030,3
194,877,2
763,1974,3
4151,660,4
1722,3273,11
43,3603,10
823,1014,11
1045,1107,4
101,1878,7
1378,2743,5
2089,3222,3
1708,3467,2
3054,3603,13
3048,3989,11
1084,2713,2
2020,3939,4
823,3935,11
2906,3559,3
1237,3318,13
1099,1610,2
3407,3646,5
1134,1233,3
3074,3743,5
407,1616,19
2129,3467,2
66,106,4
707,823,11
3550,3603,13
6,3074,19
1546,1722,10
1106,3112,2
623,3192,5
2189,3173,10
0,1750,3
2550,2977,5
1210,2367,3
1816,2049,4
715,1546,2
2046,3956,2
1536,2047,2
2130,2830,4
338,2446,12
540,938,2
227,1903,2
134,3933,3
25,2220,3
2654,3685,6
338,1160,12
60,2022,2
995,1238,3
6,1923,18
1235,3179,5
546,2428,3
1838,3239,5
1994,2977,5
925,3048,11
300,427,2
1994,2147,3
428,799,3
1594,2498,3
405,1559,19
1566,2448,4
215,1272,3
389,1317,3
3054,3550,13
124,2140,3
239,2196,11
1994,3733,3
1159,1505,2
2285,2462,3
178,1670,4
1574,1787,3
2522,3929,3
2144,3566,3
2211,3613,16
532,2189,10
518,3659,13
4133,2657,2
2951,3094,2
1946,3955,3
1292,1974,3
2703,4005,2
1520,3335,3
3794,3896,5
407,1394,19
1122,1531,4
4144,1980,2
491,1269,4
1048,3123,19
1186,2187,2
477,2413,3
1051,2749,13
1677,3397,2
375,3321,3
2753,3283,19
1929,3788,2
2617,3060,2
789,3180,5
2291,3659,13
239,387,11
1981,3789,20
2393,3691,6
1272,2238,3
3126,3916,11
1666,3397,3
528,2289,3
2344,2751,3
1099,2711,7
542,3355,2
897,2086,2
4105,3813,6
2489,2575,10
219,413,4
1777,3603,13
1535,3081,19
3669,4047,2
2175,3958,3
1018,3782,9
86,1383,2
2036,3092,3
35,1290,2
1994,4079,20
1201,2128,3
3920,3933,3
663,3760,4
3126,3935,11
4107,770,2
4145,112,2
1018,2961,9
2899,3936,3
284,1100,4
2036,2149,2
405,1535,19
480,2241,3
2366,3494,2
387,3126,11
2850,3394,3
3479,3818,6
1836,3479,7
1231,3574,2
792,986,4
102,2462,5
993,3559,2
698,4007,3
3559,4073,3
3222,3447,4
1150,2527,2
2098,3828,3
513,571,3
26,3579,2
328,877,2
945,2678,2
522,3646,2
2868,3881,2
302,3936,3
556,3916,11
342,2245,2
2210,2218,3
102,2088,2
2036,2417,2
1981,2320,19
1269,3578,4
6,4079,20
2220,2886,3
1116,2258,3
1031,3483,12
777,2579,3
1233,2622,2
266,1453,2
799,1733,6
517,1994,3
1050,3979,3
1376,2367,4
757,3126,11
3957,4089,4
1241,3881,3
1909,3388,4
706,2233,19
1394,3789,20
925,2248,11
387,823,11
1454,2434,2
1945,2233,19
2128,3692,2
34,1117,10
201,3659,13
1327,3973,2
1048,1394,19
1031,1063,12
1165,3310,2
1816,3559,4
1018,2711,8
2317,2708,3
707,3126,11
970,3827,3
407,3789,19
2641,4046,3
407,1981,19
1498,1546,4
1779,3518,2
3476,3936,2
1047,1441,3
2289,2626,2
1095,3522,4
757,823,11
2386,3283,20
1392,2952,3
3839,3888,3
1231,3415,3
3832,3881,3
569,1777,13
533,2977,4
1002,4079,20
627,3263,2
117,2977,6
2366,3578,5
172,2830,4
2067,2703,2
6,97,20
518,2749,13
2711,2961,8
1048,2776,19
581,1284,5
1546,3074,4
1002,2386,20
4153,1354,4
1064,2405,4
2961,3782,9
160,2864,3
970,3914,3
311,1048,19
799,1185,3
405,1048,19
2776,2867,19
351,3656,3
528,861,3
1048,1661,3
2204,3723,4
2811,3568,2
2749,3659,13
2128,2558,2
106,121,3
101,1928,4
986,1329,4
716,3473,3
87,3255,4
4154,1921,4
1394,2429,19
757,2741,11
1901,2850,3
324,2544,3
1625,1751,4
3014,3358,2
1344,1880,2
975,1317,3
2516,3374,3
1331,1420,3
1084,2834,5
338,572,12
169,1117,10
510,2237,5
2248,3048,11
1114,1790,2
3743,4003,5
112,3036,2
1981,3123,19
2002,3189,3
161,1905,3
4109,3792,3
397,3110,3
2700,3936,2
706,2867,19
593,3832,2
593,1026,3
1378,2067,5
1945,3081,19
1531,3560,4
518,832,13
1945,2906,19
1383,1472,2
1535,2233,19
85,557,4
1241,3388,2
2635,2643,3
1427,2483,3
2066,3613,3
1553,3074,19
117,2386,20
581,1531,4
2446,2995,12
97,3613,16
1018,3660,8
2701,2909,6
250,3297,20
1816,2483,2
187,4067,3
1099,2638,3
611,3095,3
1199,3972,3
832,2749,13
2254,3709,2
1513,2366,3
763,2747,3
2049,4073,4
866,2019,2
572,596,12
1031,2995,12
2927,4042,2
2550,2947,6
1376,3752,4
250,3653,20
26,3852,2
970,2497,2
1051,2291,13
289,2767,10
1063,1160,12
97,2386,20
315,819,2
201,832,13
398,2866,3
2233,2429,19
250,1553,19
706,2320,19
202,1560,3
518,2081,13
2753,3297,19
1994,2550,5
1632,3357,3
383,1535,19
1200,1708,2
1328,2093,2
1556,1557,3
2031,2411,2
6,3487,20
1792,2237,5
1014,2196,11
832,1113,13
1674,1709,3
1392,2303,2
1320,2767,10
2753,3475,4
66,3613,5
885,3550,13
671,2039,6
939,1953,3
672,1557,3
1063,1935,12
2081,3897,13
682,1314,2
1320,3603,10
1925,2731,4
1122,3165,4
2036,3955,3
2429,3081,19
428,2999,10
1051,2780,13
227,1077,5
3712,3753,2
1975,2220,2
1901,2229,2
1002,3487,20
2711,3290,4
3415,4049,3
2036,2593,3
473,3613,3
2753,3547,3
605,3782,8
2447,4049,3
2918,3663,3
803,1640,2
187,540,2
1946,2046,2
3411,3802,3
383,706,19
2233,3123,19
259,2022,3
456,4033,3
3207,3400,4
1994,2386,20
118,165,3
1241,3704,2
2626,3295,2
214,1101,3
2242,3473,3
2113,3585,2
87,2113,3
1796,3167,2
3691,4052,6
885,1498,13
1384,1888,5
1531,2109,4
1582,4073,2
776,1546,10
3407,3743,5
931,3400,3
1836,3818,6
1394,1616,19
101,1333,4
1031,2013,12
2636,2638,3
169,1320,10
1331,2980,3
1972,3359,3
2013,2995,12
4111,2237,5
409,2076,2
302,2626,3
1440,2790,3
884,1751,4
1692,2342,3
255,2948,4
1471,1596,3
2529,4046,2
532,767,10
1783,2753,19
723,1232,2
971,3929,3
532,3555,10
2875,3046,3
2587,3905,4
1288,3578,4
311,706,19
1535,3287,19
1354,1674,4
7,1216,2
3173,3555,10
716,3335,3
518,1113,13
1036,2597,3
405,1394,19
1045,3012,4
2122,2609,2
3318,3603,13
2114,3972,3
1946,3836,3
428,776,10
2774,3920,2
700,3914,3
1180,2974,3
428,4020,10
25,2412,4
3898,4007,3
258,3252,3
917,3578,4
1226,1535,19
509,2263,2
708,1978,2
986,3413,4
878,2522,4
1541,3941,7
2734,2992,4
574,1556,2
3407,3613,5
1435,3941,7
2115,2258,2
995,3130,2
270,2031,2
573,2336,2
338,1873,12
531,3729,5
694,2036,3
3685,4052,6
1796,3222,4
2741,3126,11
4109,202,3
2518,3415,4
365,2470,3
1059,3318,13
85,3278,4
2228,2817,3
97,2211,20
250,3283,20
1153,4049,3
2204,2466,4
4116,1378,3
2711,3782,8
2109,3307,4
1498,3318,13
1614,2031,3
528,1270,2
117,3174,20
2948,3601,2
532,2489,10
2089,2886,3
951,2411,5
968,3222,3
510,3192,5
241,1692,3
1187,1498,13
250,1783,20
472,533,3
2447,3826,3
427,1084,5
2320,3896,5
496,1665,4
3074,3283,19
1535,2429,19
1185,1248,2
79,2708,3
1677,2049,3
1719,3503,2
463,2708,3
1063,1873,12
1945,1981,19
1064,1972,2
716,3827,3
1139,1533,3
2270,3823,3
645,1167,2
2126,3583,3
2263,2428,3
1981,2776,19
1531,1553,4
462,1830,5
970,3439,3
1668,3954,3
1685,3685,3
1169,1192,16
287,315,2
877,1972,3
1082,1435,7
1368,3903,3
1288,2067,4
6,2211,20
1559,3287,19
785,3155,4
2379,2518,2
1215,2128,3
851,1533,3
907,1511,3
87,3355,3
428,1268,2
1592,2147,3
2211,3074,19
723,2210,3
68,3761,2
1692,2934,4
605,734,3
767,2575,10
4121,1099,8
1498,1777,13
405,1616,19
3181,3403,4
1002,3297,20
1065,1888,5
1169,1616,19
920,3676,2
3613,4003,5
1641,3550,13
2415,2552,2
1047,1353,3
2536,3267,2
4109,1453,3
97,1064,19
43,2767,10
1314,1773,2
1396,3827,3
1077,2959,5
2319,3881,3
3663,3727,4
