query time:9.398875E-4
index creation time:0.0037688331
4139,3338,1
760,2841,2
1591,3116,2
239,2741,12
1137,1468,7
533,3180,6
787,3584,2
1766,3185,4
1680,2781,2
2738,2901,1
594,2166,4
1250,2977,8
2129,3250,3
3079,3923,2
345,999,2
534,971,4
1146,3679,4
2281,3671,4
1776,3438,2
249,2336,3
2399,2741,12
362,2752,3
656,2518,3
1759,2276,21
2746,2828,2
616,2856,10
1535,2867,18
6,117,21
1659,3447,3
8,3718,3
3284,3925,18
3065,3270,1
428,776,11
65,775,11
2263,2627,4
2201,3634,6
1429,3955,3
2984,4011,21
2429,2560,18
569,1202,10
1254,1865,1
3164,3621,2
590,2995,12
739,3714,21
1945,3081,18
1159,1505,2
635,975,3
937,2568,4
311,1024,18
590,2301,12
598,1348,13
381,925,11
364,2328,4
671,2039,5
1024,2867,18
3639,3664,2
2995,3231,12
1074,2690,1
97,1002,21
2419,2711,6
15,2560,18
499,1737,1
2015,3956,3
527,3500,3
533,4011,21
4126,2818,1
533,1266,21
1024,3925,18
1746,2602,7
311,3081,18
707,2398,12
1498,2856,10
428,2723,11
2637,3926,3
816,1607,3
1041,2783,13
2571,2977,8
1266,3613,21
569,616,10
67,738,9
472,2554,5
40,1137,7
166,2861,2
1056,2069,3
2899,3936,2
600,796,13
500,2701,6
569,1997,10
621,1643,3
942,1677,3
105,2415,2
335,2909,6
101,155,4
1018,2711,6
2220,3500,3
1404,1977,2
2752,2777,3
1188,3903,3
925,1236,11
442,3574,2
1763,1988,2
2719,3212,2
2372,2701,6
117,3613,21
2290,2744,12
2876,3154,3
348,3872,3
153,1555,3
207,3419,2
1546,2198,11
645,1167,3
2839,3925,18
2187,3250,3
340,2069,3
2033,2245,3
473,2366,5
311,3378,18
62,3391,1
2446,3231,12
180,3925,18
6,3297,21
1092,4088,3
204,2798,3
15,366,18
1172,2953,7
1536,4060,3
1133,1816,3
1002,2984,21
1777,3087,10
2685,3903,3
1746,2977,8
339,2593,2
3427,3626,2
1647,3980,4
2447,3415,4
311,3591,18
5,3613,21
753,1923,21
121,2701,6
510,1792,2
1146,2637,4
1007,2539,3
737,1759,21
458,3930,3
1555,2677,3
1945,2233,18
3639,3831,2
1099,3875,6
472,3743,5
1092,2855,3
2502,2992,3
522,3959,4
705,1237,10
683,1766,4
44,3727,5
3054,3087,10
1528,1601,3
925,3989,11
1676,3546,3
889,1091,5
1266,1783,21
2537,2542,3
1188,3260,3
2246,3062,3
680,3301,2
2211,3206,21
331,1014,12
1535,3789,18
658,2245,3
823,2398,12
1923,3206,21
671,2947,5
2675,3604,3
776,1722,11
3660,3875,6
1192,2560,18
1091,2366,5
1774,2328,4
1783,3487,21
807,3464,3
2254,3925,18
289,3637,9
500,3504,3
515,3420,1
285,2554,4
556,2398,12
1428,2065,1
239,3935,12
192,833,4
2950,3931,1
616,705,10
420,3462,2
3211,3616,3
366,3378,18
905,1250,7
590,2305,12
4155,3029,2
1571,2518,3
2245,3183,3
240,2499,3
655,2912,2
1958,3325,4
2393,3824,4
2826,3956,3
3154,3723,3
364,3010,4
1546,3859,11
1498,3054,10
1187,1498,10
3117,3278,2
2537,2541,3
1680,2454,3
1987,2948,2
1266,2276,21
1084,2834,3
705,1187,10
462,3403,4
796,2192,13
3210,3678,1
707,1014,12
97,1387,21
3203,3228,2
92,3865,2
366,3925,18
101,3325,4
470,1923,21
1185,1356,5
2252,3639,2
1923,3487,21
1677,1818,3
1433,3799,3
1748,3418,21
1485,1616,18
1535,2429,18
1014,1137,12
1287,3554,1
978,2731,2
925,1722,11
556,2399,12
1244,1387,2
975,2502,3
1710,3321,2
178,1816,3
2233,2867,18
1987,3975,2
1550,2489,6
864,3183,2
827,1231,3
656,2516,3
268,3170,3
2641,4046,2
172,2830,1
3206,3951,21
374,2015,3
1902,3525,2
155,3325,4
439,2164,2
2770,3506,4
219,1753,4
180,2254,4
101,1445,4
328,657,1
184,3875,6
1086,3605,2
1002,1759,21
2037,3722,2
1295,3127,7
65,523,11
2084,3780,3
3,3016,3
1945,2321,18
775,1722,11
1254,2946,1
533,1882,6
3120,3155,5
705,2856,10
119,1575,3
227,4028,5
334,1818,2
796,1348,13
63,2727,2
707,3935,12
1450,1950,3
117,2211,21
656,4073,3
1115,1814,1
1575,4033,2
15,1024,18
3591,3789,18
1250,1746,7
1928,2588,3
1513,3727,5
117,739,21
109,356,3
724,3061,1
600,1051,13
1078,2701,6
2156,3376,2
786,3112,4
3339,3652,3
1521,2370,1
454,1709,3
2191,3418,21
161,1905,3
180,197,4
971,1677,4
462,3010,4
1516,3313,4
3616,4073,3
241,2284,3
366,3789,18
173,489,3
1627,2371,2
2081,2091,13
1167,1728,3
239,556,12
1921,2124,3
1435,3127,7
4141,2471,2
559,2613,3
1542,2370,1
1042,2419,3
2233,3168,18
586,1161,1
2245,2297,3
5,2953,21
472,1356,5
1274,2405,4
440,3075,2
1209,2081,13
2453,3573,6
240,1429,3
189,2977,8
2723,3989,11
3582,3980,4
618,1914,4
625,775,11
117,3418,21
2793,3382,3
428,537,11
776,1546,11
2281,3929,4
832,1209,13
796,1209,13
1488,3406,4
1841,2245,3
444,570,12
44,384,5
1663,3780,3
31,3299,2
142,2939,1
737,1266,21
1528,2447,4
256,3500,3
418,635,2
346,3936,2
873,2648,1
1024,3168,18
1376,2367,5
1714,2122,2
266,3317,1
626,2996,9
956,3295,3
866,3716,3
680,2637,3
1777,1997,10
1330,1466,1
2740,2757,1
3646,3743,5
971,4073,4
1794,2831,2
1337,2415,2
34,1117,9
3211,3657,3
4121,1018,6
6,1783,21
366,1981,18
2913,3828,3
1187,1997,10
570,3134,12
2749,3659,13
1024,3378,18
1439,2262,4
417,619,3
514,1318,5
1120,2876,2
2501,4053,3
2627,3635,4
2887,2935,3
1387,4095,2
1800,3953,3
2254,3091,4
1331,2474,3
171,837,3
1032,2811,1
1709,2204,3
65,3989,11
593,1007,3
1644,3406,4
2161,3179,2
5,3283,21
1776,3183,2
227,1077,5
428,1268,11
2393,2654,4
2162,3412,2
141,594,4
3422,3925,18
2798,3783,3
1677,2319,3
1427,1766,4
2398,3707,12
2843,3936,2
1231,3574,3
1486,1635,1
1260,1921,3
4143,4011,21
366,2429,18
475,2074,6
2218,3362,3
2573,3729,3
2091,2749,13
2741,3707,12
428,3048,11
1878,3325,4
2799,3677,1
472,3951,21
1192,1616,18
1078,2750,6
1043,1674,3
1616,2867,18
3362,3884,3
1485,2233,15
1305,3285,1
1647,2736,4
1759,1923,21
15,1535,18
1849,2936,3
1923,2571,21
677,960,1
1376,2276,21
1051,1348,13
2991,3298,2
1125,1288,3
1078,2201,6
596,2305,12
304,1500,1
251,3830,2
1461,3250,3
2429,3925,18
2220,3330,3
1231,1674,3
97,3206,21
364,1606,4
2560,3168,18
1160,2301,12
341,1946,3
523,1231,3
1409,2834,3
3756,3923,2
596,2995,12
335,3634,6
556,2741,12
1923,2209,21
2627,2675,4
1260,1493,3
705,1997,10
737,3283,21
1616,3925,18
1237,2856,10
564,2824,3
2518,3804,3
1160,3352,12
2338,2762,3
2276,2947,21
495,1086,2
510,3192,2
2284,2828,3
776,3989,11
1759,3613,21
497,2432,3
153,3862,3
866,2019,3
1708,2328,4
2204,2977,8
2392,3764,2
2153,3445,1
1268,2332,3
2220,2412,3
3123,3925,18
1266,2977,21
65,3048,11
1236,3048,11
588,2530,1
1241,3704,2
1905,2964,3
739,3487,21
5,3418,21
88,180,4
1608,2366,5
366,3168,18
598,832,13
2626,3328,3
661,1917,1
361,2453,6
1660,3914,3
289,2213,9
2819,3155,5
1236,1722,11
1311,2328,4
293,3136,3
2012,2784,1
905,1162,2
362,1055,3
2281,2388,4
509,3635,3
386,594,4
121,2201,6
470,3206,21
2164,3144,2
941,2034,1
1809,1908,4
208,2701,6
786,2568,4
2977,3171,8
1510,2810,2
1766,1985,4
2209,2276,21
101,2606,4
2654,3641,4
34,3637,9
3418,3951,21
117,2276,21
1356,3951,21
34,289,9
621,1660,3
2245,2993,3
88,1099,6
1187,1777,10
1923,3171,21
1348,2091,13
189,472,7
641,2675,3
645,3389,3
1106,3112,4
28,2365,1
126,3956,3
2875,3046,3
2545,2731,2
2856,3087,10
1949,3418,21
2276,2367,21
2744,3935,12
866,1231,3
37,3203,2
951,1376,5
800,1690,2
524,1786,2
5,1783,21
701,1674,3
117,1759,21
1132,3154,3
2183,3859,2
1122,2109,4
3349,3807,2
1167,3389,3
1433,3926,3
980,2284,3
1192,2867,18
803,1761,2
1283,3654,1
34,67,9
2109,4014,4
5,470,21
4133,4141,2
590,596,12
497,2259,3
3956,4037,3
458,3064,3
449,2165,2
472,1091,5
2560,3925,18
569,1187,10
4121,2711,6
1788,3865,2
2209,3418,21
570,2995,12
569,1498,10
656,3616,3
47,3544,2
2708,3766,3
1209,2783,13
1293,2340,2
3029,3316,2
737,3418,21
924,3970,5
318,2628,3
1983,4060,4
235,2098,3
1192,1535,18
705,1498,10
153,3683,3
2156,3494,2
417,2049,3
2861,4060,3
3487,3951,21
1644,3185,4
2861,3518,2
1493,2411,3
366,2867,18
31,3727,3
807,1292,3
3125,3936,2
1385,2384,1
2502,3776,3
2573,3556,3
2617,3060,1
749,1440,2
2245,3250,3
65,1724,11
1185,3645,2
739,3283,21
757,823,12
971,2388,4
1334,3683,3
1405,2680,2
1923,2953,21
1266,1923,21
754,873,1
1974,2376,3
514,1407,5
2767,3637,9
1907,3641,4
1485,1535,18
738,3637,9
4138,2556,2
1078,3120,6
523,1946,3
202,3792,1
899,1381,2
317,3303,3
6,737,20
1513,1546,11
2165,3955,3
1493,1735,3
757,2398,12
1167,2015,3
2220,2232,3
103,428,11
2393,3641,4
1250,2572,7
796,2749,13
1160,2305,12
2089,2220,3
1002,2276,21
3154,3835,3
3081,3591,18
618,1923,21
896,916,1
2913,3725,3
1231,3776,3
117,737,21
2405,2943,4
217,1555,3
1799,3010,4
1528,1655,3
479,3605,2
40,1541,7
2360,3250,3
3764,4046,2
470,3487,21
335,2201,6
3500,3604,3
2776,3591,18
1123,2089,2
289,626,9
1606,2172,4
1371,2263,4
239,2398,12
2220,2358,3
391,3932,1
1759,2211,21
2371,2923,3
4135,3384,2
750,3396,3
2783,3659,13
161,2936,3
15,3123,18
255,2948,2
2213,3637,9
1640,1761,2
1892,3120,5
497,3485,3
2770,3406,4
593,2672,2
491,1676,3
1266,3206,21
1024,2429,18
1185,2415,2
913,1709,3
2321,3789,18
540,1976,1
3010,3066,4
618,1268,4
1588,2245,3
3764,3803,2
1535,3123,18
645,3195,3
2050,2348,2
2301,2305,12
1788,1852,2
2031,3520,3
3,3927,3
311,2429,18
659,2104,2
2367,3986,5
1588,2033,3
2760,2890,3
590,3352,12
2098,3725,3
635,2054,2
1407,3582,5
88,2061,2
709,2551,1
1288,1378,3
1266,4011,21
750,1231,3
3743,3959,5
83,3043,2
430,2020,2
489,3776,3
3798,4033,2
1131,2191,3
786,937,4
1041,1348,13
1498,1546,11
1616,3081,18
603,723,1
737,3487,21
1237,1498,10
65,2999,11
262,503,2
2516,3674,3
2447,3531,4
248,2318,2
739,2211,21
1192,2018,14
2220,3170,3
848,3213,2
1472,3751,2
117,2032,21
311,2560,18
723,2239,1
1459,1483,3
3283,4011,21
1708,3010,4
97,470,21
2192,2749,13
2216,2923,3
739,3297,21
374,635,2
15,1192,18
1765,1985,3
423,3289,2
1146,2519,4
1546,2183,11
121,335,6
565,2593,2
289,738,9
3120,3768,5
289,2996,9
285,1944,4
618,1882,5
2856,3054,10
4121,184,6
402,3505,1
1722,2518,11
1949,2039,5
607,639,1
3418,4011,21
723,2861,2
2001,2762,3
1007,2578,3
2675,3500,3
2376,2991,2
668,1983,4
832,1041,13
2719,3401,2
103,775,11
163,2095,5
197,3925,18
596,2446,12
1997,2856,10
227,1466,5
1348,2081,13
2429,2776,18
6,3714,21
737,3714,21
1869,3558,3
1528,4049,3
3437,4062,2
26,3073,1
866,3830,3
209,3250,3
2204,3723,3
15,3081,18
2049,2348,3
1147,2659,4
277,3029,2
1047,1441,1
833,3959,4
1816,1988,3
738,2213,9
1882,2095,5
1187,1237,10
103,3769,5
189,2953,7
827,1203,3
249,573,3
3780,3926,3
1433,2245,3
67,2996,9
2714,2957,3
1268,1643,3
1288,1302,3
2372,3260,3
1754,1846,1
1237,1777,10
2510,2710,2
219,3284,4
356,3715,3
1615,3071,1
2112,2930,2
2035,2220,3
669,1479,2
1376,2411,5
1498,1777,10
3769,3778,4
838,919,2
2923,3223,3
2211,2984,21
2519,3679,4
1378,2067,3
556,757,12
2987,3430,2
2245,3020,3
1188,2685,3
2214,2909,6
1078,3588,6
356,1841,3
2429,3591,18
1923,3951,21
44,2263,5
2188,3674,3
589,791,2
61,3366,1
656,3415,3
428,1078,11
1945,3925,18
5,3206,21
2035,3326,3
26,3579,2
227,1190,5
1445,1483,3
1946,2463,3
2330,3203,3
565,1263,2
618,2909,6
105,1591,2
2413,3520,3
2645,3722,3
1753,3284,4
2977,3315,8
1202,1495,2
1640,2129,2
97,2276,21
2399,3935,12
1160,1935,12
5,3487,21
594,2262,4
1616,2429,18
2752,3776,3
1472,1855,2
1485,2776,18
816,1662,3
209,1007,3
347,3358,2
2321,3123,18
1299,2788,1
3416,3820,2
428,2720,11
119,3671,3
1468,2634,7
3760,4086,3
1432,1433,3
180,1099,6
123,394,2
413,3284,4
1958,2588,4
1818,3139,2
2209,4011,21
645,4037,3
1921,2827,3
1192,3789,18
1236,2723,11
1488,2770,4
1766,1767,4
1376,3752,5
1268,2195,3
683,685,2
3135,3180,4
687,924,5
1923,3297,21
2626,2681,3
2317,2708,3
1468,1541,7
796,2783,13
1601,2447,4
3168,3925,18
1767,3406,4
2172,2203,3
573,1946,3
2556,4037,3
1345,2015,3
2276,3714,21
2654,3824,4
1127,2603,2
1002,1783,21
2602,2977,8
1299,1885,1
1674,3766,3
495,2319,2
2328,3010,4
2691,3437,2
2675,3956,3
14,864,2
707,3707,12
2925,3846,1
364,462,4
1147,3679,4
47,782,2
2032,3487,21
1167,3930,3
3283,3487,21
2755,3139,2
6,1923,21
3206,3297,21
1946,2956,3
1308,2281,4
92,1788,2
30,593,2
2263,3996,4
2560,3591,18
1694,2283,2
1098,2977,8
77,245,2
750,3558,3
560,1203,2
671,2276,21
1954,3046,3
1236,2999,11
516,1644,4
113,3745,1
474,1409,3
2301,2446,12
2301,3231,12
1407,1647,5
803,1640,2
509,2627,4
1237,3087,10
707,2707,12
2067,3154,3
3597,3930,3
2741,3935,12
348,2677,3
2182,2189,6
1022,2281,4
1024,2321,18
2095,2953,7
178,1988,2
4121,2074,6
2689,3699,1
3206,3487,21
1105,2257,2
3646,3959,4
240,2031,3
1809,3531,4
2204,3140,3
3180,3498,4
1245,3597,3
1099,2711,6
1190,3195,3
2303,3778,4
268,2412,3
2164,3458,2
1455,1816,3
2047,4060,3
2655,4047,2
379,564,3
423,1589,2
1505,2154,2
2330,3736,3
1722,2723,11
1620,1881,1
3146,3520,3
5,2984,21
516,1322,3
807,2609,3
2276,3206,21
569,2856,10
2429,2867,18
1946,3260,3
2006,2909,6
2867,3925,18
1890,3826,2
590,2446,12
2776,3081,18
1714,2666,2
2529,4046,2
1974,2787,3
1616,3789,18
1211,2754,4
117,2984,21
1759,2984,21
2390,3238,3
1132,3683,3
1677,2134,3
4138,3809,2
189,1746,7
2129,3044,2
444,2446,12
1126,3143,1
101,1928,4
6,97,21
1002,3613,21
40,1295,7
117,3206,21
2074,2707,6
1051,2749,13
3143,3771,1
188,433,1
1054,2089,2
536,791,2
1042,1099,6
497,1127,3
520,3192,2
99,2049,3
2367,3418,21
1420,2245,3
1777,2856,10
2276,4011,21
63,2828,2
463,2040,2
600,1348,13
2736,3980,4
832,1051,13
63,241,3
564,3884,3
77,2003,2
2811,3568,3
1371,3906,4
3526,3652,3
3020,3284,4
925,1546,11
2776,3123,18
2098,3017,3
30,2672,2
1078,3634,6
239,2410,12
374,2912,2
497,2603,3
739,2984,21
428,775,11
807,2787,3
2015,3900,3
2245,2474,3
245,1268,3
1439,2166,4
440,2220,3
527,3449,2
744,3903,3
1120,3154,3
2609,2731,2
2701,3345,6
34,2996,9
604,695,2
1381,3164,2
256,527,3
2015,2334,3
367,1288,3
103,537,5
2399,2410,12
2475,4053,3
570,3231,12
227,2018,5
2263,2901,4
1213,2834,3
1479,3570,2
262,3192,2
1485,2867,18
479,1241,2
2171,2172,3
569,1777,10
707,823,12
117,3951,21
1528,3408,3
1625,2613,3
208,3260,3
452,1183,1
1318,3151,5
596,2301,12
189,533,7
1759,4011,21
40,1435,7
1792,3192,2
317,576,3
1348,2783,13
1051,3659,13
1591,3113,2
2366,3743,5
1137,1541,7
1633,2585,2
2706,3943,2
6,2211,21
293,2417,3
2254,2407,4
807,1697,3
556,2290,12
9,2368,2
598,1051,13
2035,2334,3
1746,2953,7
739,3418,21
1192,2776,18
864,3254,2
1376,3203,5
600,832,13
427,2834,3
2039,2154,5
2256,2858,2
2343,3883,2
2983,3164,2
1513,2367,5
1412,1894,1
3591,3925,18
2211,3613,21
73,324,1
1923,2367,21
1697,3360,2
2858,3286,2
1834,3757,2
2410,2741,12
227,2035,5
1266,3315,21
1192,3123,18
569,1696,10
2049,3260,3
796,832,13
2923,3398,3
40,3127,7
775,3120,11
3091,3742,3
598,3659,13
775,925,11
757,3935,12
428,1236,11
1409,2204,3
4133,2471,2
2571,2602,7
2976,3780,3
1024,3123,18
2321,3591,18
1078,2909,6
1616,3378,18
1535,3168,18
1295,1435,7
220,3154,3
533,2095,6
1674,1816,3
2412,3170,3
3406,3506,4
1841,2246,3
775,3048,11
4157,2626,3
668,3185,4
2864,3362,3
1266,2984,21
386,2166,4
598,2091,13
317,3250,3
1572,2447,4
2701,3634,6
2776,3378,18
47,519,2
3,4042,3
1792,3474,2
1946,2890,3
1044,2371,2
596,3231,12
1024,1535,18
556,2744,12
463,2708,3
1940,3901,3
430,3939,2
737,3951,21
659,3893,2
2039,2947,5
3556,3729,3
2358,3313,4
910,1841,3
1435,1541,7
3134,3231,12
335,1078,6
1572,3684,4
737,3297,21
3415,3764,3
837,2890,3
533,1746,7
1331,2637,3
3546,3558,3
1535,2776,18
311,1945,18
1002,3487,21
3206,3714,21
2567,2841,2
3657,3764,2
893,1745,1
2567,3133,2
1395,1484,1
852,1930,2
509,2263,4
1122,4014,4
1250,2602,7
1550,3573,6
479,2134,2
1281,2454,3
15,1945,18
40,1468,7
1616,2776,18
97,739,21
150,2573,3
3588,3820,2
1274,3155,5
1407,3594,5
2957,3250,3
1540,3025,1
340,3579,3
1014,3935,12
707,2744,12
753,2977,8
750,3546,3
1923,3283,21
1315,3742,3
2637,3326,3
1997,3087,10
2634,3127,7
491,1288,3
1263,2593,2
2399,3707,12
933,1274,4
2182,2278,6
425,3715,2
1722,2516,11
117,3297,21
1457,1869,1
816,2576,3
1575,3798,2
1137,2634,7
470,3613,21
658,2246,3
2171,3234,2
619,952,3
1923,3180,21
1635,2053,1
1755,2911,2
2213,2996,9
833,3743,5
1310,3195,3
184,1018,6
1722,3374,11
1783,2211,21
924,1077,5
395,1183,3
952,1709,3
2475,2501,3
749,1898,2
556,823,12
160,2864,3
2560,3789,18
604,3968,2
1572,1655,4
2328,3781,4
44,285,5
2305,3352,12
2182,3488,6
2534,2545,2
2723,2909,11
117,2977,21
1187,2856,10
0,3077,2
2510,3064,3
669,3570,2
2209,4007,8
1717,3597,3
65,2750,11
1020,2262,4
1433,2637,3
2049,2050,3
2953,2977,8
453,1902,2
774,2368,2
737,1002,21
3558,3589,3
2263,3635,4
3081,3789,18
1245,2204,3
1708,1799,4
937,1106,4
1236,1546,11
3764,4047,2
2410,3707,12
137,235,3
470,3297,21
1816,2049,3
1051,2783,13
533,1923,21
3010,3313,4
97,3951,21
1014,2741,12
590,1160,12
187,1766,4
3169,3250,3
462,2328,4
1535,2233,18
1505,3584,2
163,533,6
909,2772,1
1260,1958,4
1890,3684,4
108,1047,1
386,1439,4
775,1236,11
656,4049,3
15,311,18
2539,2542,3
356,4026,3
44,1513,5
2855,2909,6
1722,3048,11
1535,1616,18
1591,3064,3
953,1769,1
1078,3820,6
470,1266,21
598,2081,13
1983,1985,4
2172,2328,4
44,1091,5
2637,3161,3
707,2741,12
2374,2923,3
428,3989,11
163,2240,2
363,2614,1
1635,2058,1
2867,3591,18
2400,3201,1
3032,3616,3
472,1944,5
2193,3131,1
208,2372,3
3077,3899,2
2798,3121,3
1688,3203,2
239,707,12
1318,2513,5
1572,1908,4
971,1211,4
757,2410,12
776,3048,11
97,2984,21
2455,3597,3
15,2321,18
782,1472,2
1513,2366,5
153,1016,3
495,2001,2
1160,2995,12
1380,3211,3
753,3418,21
776,2999,11
2537,2539,3
1940,3154,3
2284,2334,3
1137,2074,7
1946,2958,3
2017,3760,3
1022,2388,3
1192,3925,18
3168,3789,18
1297,2923,3
1908,3684,4
1433,3719,3
3532,3759,1
2582,3278,2
780,2993,3
2189,2278,6
97,737,21
567,3883,2
428,2999,11
798,1525,2
242,3903,3
153,2204,3
316,2454,3
208,500,3
2373,3135,3
214,2564,1
559,2339,2
561,3790,1
1416,4046,2
616,3087,10
2209,2257,8
15,3378,18
1513,1748,5
31,153,3
3803,4073,3
161,3427,3
227,2284,5
2723,2999,11
1061,2432,3
1766,1983,4
318,564,3
2560,2776,18
1983,3185,4
97,117,21
3081,3168,18
67,2767,9
524,1343,2
311,1192,18
600,1209,13
2392,3669,2
1091,2374,5
570,1160,12
749,2284,3
6,470,21
2664,2691,2
1555,1619,3
63,980,2
1266,3714,21
2211,3714,21
428,2627,11
1783,3714,21
2001,2103,2
245,3078,2
1322,2902,1
2276,3487,21
626,1117,9
117,1266,21
2984,3418,21
434,2046,2
996,2896,1
1018,3660,6
1984,2650,2
3206,3418,21
2560,3123,18
3315,3418,21
2599,2731,2
3151,3155,5
3186,3462,2
2305,2446,12
775,1546,11
2861,3649,2
227,924,5
3664,3831,2
150,3556,3
602,3026,1
782,2266,2
1810,2532,1
2977,3180,8
2035,3955,3
15,3168,18
2999,3989,11
2321,3925,18
4146,1167,3
738,1117,9
1292,3252,3
2864,3526,3
2659,3679,4
2519,2659,4
1974,2148,3
23,2172,3
2582,3117,2
581,1122,4
1709,3766,3
2984,3206,21
1788,1896,2
1792,2847,2
1231,3568,3
366,1485,18
475,707,12
311,2867,18
317,2236,3
1266,3297,21
2901,3018,1
293,3250,3
2085,3780,3
1571,2516,3
1485,2560,18
962,1033,2
998,2627,4
1635,2720,3
4157,956,3
2284,2727,3
243,1729,1
1513,3752,5
1188,2383,3
536,589,2
99,3091,3
2025,2047,2
2233,2560,18
1288,2067,3
341,1329,2
3283,3418,21
894,1244,2
1132,1543,3
1485,3168,18
189,1250,7
619,1231,3
472,3613,21
1805,1851,1
569,705,10
622,2899,2
1498,3087,10
775,2999,11
44,473,5
1099,2419,6
3283,3613,21
2098,2913,3
2233,2776,18
1433,2474,3
3404,3966,1
807,3358,3
204,807,3
2278,2489,6
1748,1923,21
497,2502,3
3297,3714,21
451,510,2
2276,3297,21
1523,3584,2
126,2323,2
737,3206,21
297,2828,2
1197,3154,3
454,1510,2
796,1041,13
15,2867,18
3206,3283,21
1555,2987,3
3120,3769,5
2410,2744,12
1643,1660,3
1485,3123,18
2398,2741,12
166,3896,2
556,1014,12
1851,3815,1
137,2098,3
694,1033,2
3250,3447,3
2074,2711,6
97,1759,21
828,1931,1
44,2627,5
2044,3500,3
952,2984,21
1468,3127,7
1427,3415,3
3295,3785,2
593,2417,2
1783,3297,21
645,3809,3
2395,4014,4
1543,3064,3
97,1266,21
1555,3430,3
2999,3048,11
831,1984,2
249,1231,3
2180,2408,2
293,317,3
2012,2912,2
3164,3809,2
594,1439,4
1343,1786,2
707,2410,12
1485,3378,15
1869,3815,1
444,2995,12
1555,2156,3
2089,3500,3
1295,2634,7
480,2241,2
707,2290,12
1709,2708,3
155,1878,4
598,600,13
1663,2084,2
514,2513,5
1759,3951,21
698,4007,2
2254,2839,4
2572,2953,7
1935,3231,12
2936,2964,3
616,3054,10
239,2290,12
1413,2475,3
2858,3091,3
1608,3613,21
1766,3506,4
2284,3326,3
2568,3112,4
2698,3597,3
2798,3635,3
1697,3201,2
596,3134,12
757,1014,12
1783,3613,21
901,1418,1
126,795,2
18,2407,2
1144,4049,3
9,774,2
1416,2641,2
757,2399,12
2321,2429,18
420,749,2
3707,3935,12
739,1783,21
316,1281,3
1407,2736,5
1945,3168,18
956,3328,3
2081,2783,13
823,2741,12
1660,2332,3
1550,2278,6
650,2417,2
444,1160,12
816,3928,3
101,1878,4
1231,2752,3
1924,3540,1
210,1409,3
1677,3558,3
1242,2831,2
311,2321,18
117,4011,21
163,3481,2
775,2723,11
143,1183,1
559,3405,2
1788,3551,2
866,3332,3
5,1266,21
2405,2481,4
1783,3206,21
2516,3374,3
796,2081,13
2211,3951,21
1024,1485,18
2031,2411,3
832,2749,13
3847,3883,2
1773,4033,2
911,3846,1
15,2429,18
5,2276,21
1373,3489,1
97,3714,21
3518,3649,2
823,2744,12
1356,2977,8
1940,3948,3
1266,1759,21
3576,3991,1
1091,3613,21
333,3978,1
397,2929,1
869,1110,2
1331,3780,3
1282,3939,2
1461,2957,3
3123,3168,18
1371,3996,4
1269,1800,3
1981,2321,18
3032,3546,3
2645,2890,3
470,1002,21
1187,3054,10
1981,3925,18
2049,3417,3
816,947,3
1065,1384,2
119,1043,3
444,3231,12
55,2358,4
470,4011,21
6,2984,21
1710,3723,3
569,3087,10
1252,1840,1
1348,2192,13
999,1841,3
366,1192,18
3718,3953,3
2276,3752,21
495,816,3
1051,2091,13
1546,3048,11
1209,3659,13
2114,3972,1
705,3087,10
2749,2783,13
417,2913,3
1024,1616,18
285,472,5
3120,3778,5
891,1677,3
832,3659,13
1209,1348,13
1555,3872,3
3081,3123,18
470,2276,21
2037,2349,2
992,1274,4
2502,3150,3
1672,2664,2
2744,3707,12
428,2502,11
1041,2192,13
2119,3178,2
2015,3829,3
1677,3150,3
379,2242,2
1167,3195,3
2095,3238,5
97,3418,21
776,925,11
2067,2831,3
1589,3289,2
1688,3419,2
2875,2935,3
687,950,5
2049,4073,3
2831,3154,3
1791,3380,1
1616,3123,18
905,2106,2
340,1940,3
2078,3029,2
117,3743,21
2146,2318,2
2446,3134,12
823,3935,12
1692,1818,3
3421,4041,1
856,2502,3
6,3206,21
950,4028,5
738,2996,9
804,1412,1
3358,3373,2
2259,2432,3
3901,3948,2
340,983,3
369,2450,1
1513,3986,5
1724,3006,2
1949,2276,21
3202,3723,3
514,3155,5
2887,3046,3
427,1213,3
2278,3573,6
682,3416,2
1549,1662,3
2407,3077,2
3594,4014,4
395,3119,3
2481,2943,2
1746,1923,21
346,2626,3
688,3455,1
988,2762,3
1771,4061,1
522,3646,3
951,2462,3
1461,3170,3
1187,3087,10
4155,277,2
3487,3714,21
428,1722,11
2556,4072,2
2816,3546,3
1002,3283,21
1117,2213,9
689,1441,1
569,1495,10
1485,2429,18
117,1002,21
239,1014,12
2776,2867,18
1935,2305,12
3260,3955,3
2211,2276,21
1546,3989,11
2398,2744,12
3488,3573,6
44,2918,5
2710,3064,3
497,3037,3
1945,2776,18
138,3623,3
1608,3743,5
1146,3161,4
1460,3584,2
2379,2664,2
289,2767,9
368,941,1
2867,3168,18
3951,4011,21
775,3989,11
1461,2220,3
2731,3554,2
2263,3906,4
197,2254,4
1908,2447,4
3313,3750,4
1783,3418,21
73,1240,1
707,2399,12
150,3729,3
6,3283,21
1024,1981,18
2276,3283,21
705,1777,10
1747,3784,2
3053,3154,3
230,2241,2
626,3637,9
1535,3081,18
2122,2609,2
3203,3419,2
1748,2367,5
1692,2134,3
737,2211,21
1680,1743,2
55,219,4
1331,1420,3
2953,3120,7
1923,4011,21
4114,381,2
65,925,11
1236,3989,11
2731,3609,2
161,2964,3
117,3714,21
3715,4026,2
827,3015,3
1299,1375,1
1616,2560,18
8,3953,3
604,2308,2
1231,2049,3
235,3725,3
1663,3237,2
1759,3206,21
1407,2819,5
1128,1472,2
1260,2827,3
1572,3531,4
2373,3498,3
444,2301,12
1981,2867,18
1616,1945,18
2711,3660,6
1343,3930,3
1981,3123,18
1160,3231,12
1132,1794,3
581,3962,4
2025,2045,2
1674,3417,3
1002,3297,21
2405,3155,5
1944,3613,21
1721,3966,1
3260,4053,3
153,3723,3
1958,2606,4
1265,3043,2
241,1106,4
2081,2749,13
2049,3091,3
5,3297,21
1231,3415,3
1266,2211,21
458,2455,3
4113,3862,2
1950,2095,5
3635,3795,3
1024,2776,18
2098,2680,3
97,3297,21
311,3123,18
97,3613,21
964,1086,2
180,2839,4
2843,3125,2
5,2977,21
1905,2936,3
1513,1923,21
192,3959,4
1611,3776,3
1331,2245,3
570,1935,12
832,2081,13
1611,2752,3
2139,3437,2
453,3695,2
795,1525,2
1983,4068,4
151,3674,3
761,2266,2
1981,2429,18
2662,3401,2
222,2957,3
2284,2746,3
564,2628,3
2189,3573,6
1292,2787,3
870,3991,1
1356,2953,7
1714,2760,2
2626,3295,3
523,619,3
1664,2329,1
311,2233,18
551,2241,2
878,971,4
793,1299,1
1061,2259,3
239,2399,12
1812,2890,3
739,3613,21
942,3903,3
1274,3594,4
3136,3703,3
2489,3573,6
1315,2049,3
1002,3418,21
422,523,3
395,1092,3
335,2701,6
3048,3989,11
209,2187,2
1926,3955,3
3283,3297,21
581,3594,4
364,2408,4
1644,3506,4
1945,3123,18
2067,2703,3
2162,3764,2
3168,3378,18
126,1525,2
832,1348,13
1655,2269,3
34,738,9
685,1766,4
2953,3613,21
807,1660,3
3415,4049,3
827,1555,3
986,1329,2
470,2984,21
103,1677,5
2103,2220,3
656,3804,3
394,1778,2
2278,3488,6
621,943,3
44,2366,5
971,2754,4
1493,2929,3
2241,2680,2
227,3970,5
590,1935,12
1041,2081,13
2276,3951,21
1010,2177,2
2518,3211,3
796,3659,13
1907,2654,4
2056,3494,2
1724,2720,3
739,4011,21
108,3021,1
1044,2254,4
1800,3718,3
1677,2049,3
1054,1081,2
366,2321,18
462,1311,4
604,2382,2
189,2095,7
1627,2245,3
573,2336,3
17,483,1
1159,3584,2
2429,3081,18
1002,3206,21
117,189,21
1188,2844,3
1420,2033,3
1302,3674,3
2861,3784,2
166,523,3
67,3637,9
2104,3893,2
2867,3378,18
1077,4028,5
3803,4047,2
417,2585,3
652,3613,21
723,1232,1
707,3227,12
1084,1213,3
5,3951,21
1044,2868,2
1498,2198,10
1132,3064,3
2545,3070,2
737,4011,21
1192,3168,18
2136,3885,2
1014,2707,12
1783,2984,21
758,2864,3
2504,3330,3
428,1882,11
2162,3657,2
1122,2395,4
2321,2867,18
2429,3789,18
1631,3282,1
3613,3760,21
2864,3652,3
3134,3352,12
316,3292,3
428,1546,11
34,2767,9
1746,2571,7
3635,3783,3
1767,2770,4
600,2091,13
837,2645,3
1546,1722,11
1073,2263,4
15,1485,18
1295,1541,7
331,475,4
570,2305,12
1354,1674,3
1132,1266,21
1160,2446,12
3020,3238,3
1923,3613,21
2454,2781,3
1759,3297,21
1616,3168,18
3789,3925,18
3123,3591,18
1122,3962,4
2220,2844,3
569,1237,10
1777,3054,10
1117,2996,9
1608,2943,4
223,2367,5
616,1187,10
658,3062,3
1625,1751,3
462,1606,4
2254,3520,4
3001,3108,1
1002,3951,21
891,942,3
48,2626,3
1231,4008,3
598,1209,13
739,2276,21
348,1555,3
1461,2232,3
1318,3155,5
956,2626,3
1037,3768,2
112,1376,5
1674,1709,3
668,1644,4
520,1792,2
67,626,9
540,938,1
1128,2453,6
2189,2489,6
67,289,9
366,3123,18
2117,3384,2
381,2453,6
3546,3616,3
3231,3352,12
68,3500,3
700,3914,3
2112,2283,2
1407,2513,5
750,869,3
2677,3872,3
2454,3292,3
470,739,21
1010,3029,2
941,3075,2
2015,3076,3
173,3776,3
3297,3487,21
2513,2819,5
2276,2977,21
1838,2328,4
8,3520,3
598,2749,13
1997,3054,10
1440,2284,3
1348,2749,13
6,1266,21
4143,1266,21
1404,2354,2
2321,3081,18
739,1266,21
2254,2413,4
38,1409,3
192,3613,21
1766,2179,4
951,2411,3
1708,3313,4
803,1840,2
1697,3468,2
454,1427,3
570,2446,12
1041,1209,13
1002,1923,21
598,2783,13
1409,2367,5
2109,3962,4
2254,3709,4
4135,2117,2
1078,3714,21
2069,2203,3
3211,4073,3
2119,2876,2
2977,3613,21
1606,2328,4
731,3154,3
3284,3422,4
454,2810,2
63,921,2
796,2091,13
2139,3424,2
470,3418,21
753,3315,8
219,413,4
1673,3943,2
311,1616,18
1945,1981,18
697,3807,2
2032,3951,21
2185,3154,3
3418,3487,21
2290,3935,12
1078,2204,6
2995,3352,12
2379,2518,3
786,1106,4
269,1676,2
2685,3433,3
2233,2429,18
97,4011,21
2711,3875,6
2234,3435,1
278,3125,2
441,1505,2
479,1086,2
420,1898,2
2072,2948,2
1677,4073,3
581,2109,4
823,3707,12
138,1677,3
1318,1407,5
988,1956,3
1433,1920,3
1607,1608,4
768,1977,2
1783,2276,21
1931,2481,2
2245,3284,4
2189,3488,6
1132,3443,3
866,3947,3
1616,3591,18
317,3136,3
1133,2049,3
3664,4055,2
394,1756,2
159,2864,3
2848,2876,2
44,1944,5
816,866,3
1892,3862,2
366,2560,18
2069,2281,4
151,1601,2
901,2640,1
1729,2112,2
1292,1974,3
311,366,18
161,3626,3
2192,2783,13
284,1941,1
1921,2802,3
707,2074,12
1051,1209,13
2232,2957,3
4155,1044,2
2408,3010,4
604,3748,2
1208,2452,1
1452,2064,2
121,2909,6
1677,2035,3
1302,2188,3
1616,1981,18
193,2504,2
559,1316,2
971,1692,4
1266,3487,21
475,1014,12
5,97,21
3075,3330,3
1677,3623,3
3613,4011,21
3613,3743,21
1773,3091,3
2996,3637,9
470,1759,21
2091,2192,13
2361,2532,1
1472,2266,2
775,1078,11
1117,3637,9
1331,1433,3
2984,3714,21
189,2024,7
1694,2112,2
470,3951,21
2301,3352,12
3260,3415,3
366,2776,18
4135,2026,2
3433,3903,3
2182,2489,6
949,1923,21
1288,1800,3
3358,3360,2
2805,3903,3
375,1710,2
466,2760,2
2429,3378,18
950,3970,5
2211,4011,21
1841,3284,4
1384,3172,2
2719,3825,2
4137,1606,4
320,1568,1
1288,2188,3
6,1002,21
248,2146,2
458,1543,3
913,1231,3
3079,3756,2
3725,3828,3
1407,3155,5
1535,3925,18
470,737,21
1550,3488,6
2860,3720,1
2330,3382,3
1930,2467,2
1932,2930,1
317,1090,3
1433,3183,3
264,933,2
5,4011,21
462,1838,4
173,1611,3
444,3134,12
3740,3742,3
1587,2698,1
752,1881,1
832,2783,13
311,3925,18
268,2220,3
921,2284,3
1818,3052,2
2776,3168,18
1092,3119,3
2984,3283,21
3330,3995,3
2513,3155,5
2731,3383,2
1407,3151,5
516,3956,3
97,2211,21
2281,2754,4
1935,3134,12
556,3935,12
6,3487,21
44,3951,21
1488,1766,4
227,687,5
227,3160,5
153,3308,3
2867,3123,18
905,1260,3
3166,3597,3
331,2074,6
1907,3824,4
1024,2560,18
894,1387,2
2297,2993,3
1719,3210,1
986,3413,2
2538,3366,1
2260,3108,1
838,2720,3
171,2645,3
1483,1952,3
1921,2204,3
2209,3315,8
15,2776,18
2211,3487,21
4145,112,3
381,3065,2
2154,3930,3
750,3682,3
1185,2217,2
3714,4011,21
807,2122,3
1185,2347,2
473,3613,21
1014,2398,12
15,3925,18
1722,3989,11
1041,3659,13
491,1269,3
2091,3659,13
2349,3722,2
1503,3955,3
884,1625,3
1616,2233,18
156,3035,1
2303,3120,5
4121,3660,6
1923,3418,21
428,618,11
3714,3951,21
1799,3313,4
489,1611,3
598,1041,13
1513,2276,21
1536,4068,3
240,3803,3
1244,3602,2
2046,3956,3
1841,3062,3
2216,2374,3
44,3613,21
4137,1344,4
2213,2767,9
153,2874,3
1145,1480,1
5,1002,21
1014,2074,12
2172,3234,3
1950,3238,3
1591,2164,2
1677,1755,3
750,1952,3
600,2783,13
444,2305,12
925,2723,11
1647,3582,4
2305,2995,12
3382,3736,3
607,2511,1
1754,2921,1
117,2953,21
249,3395,3
431,1203,2
140,816,3
264,1274,4
293,3703,3
712,3774,1
1014,3707,12
2700,3936,2
3613,3951,21
430,1282,2
1137,1435,7
3278,3279,2
189,2571,7
1260,2588,3
3927,4042,3
2035,3330,3
1203,2092,2
103,3778,5
105,3791,2
117,1783,21
1498,1997,10
590,3231,12
1956,2762,3
1137,1295,7
668,1766,4
2290,2398,12
1427,2518,3
705,3054,10
318,2824,3
230,480,2
346,956,3
1935,3352,12
1809,2447,4
44,2554,5
2095,2977,8
444,3352,12
3250,3956,3
2373,3180,4
1841,3020,3
1987,2072,2
428,2453,11
1913,3807,2
1945,2560,18
2211,3297,21
1044,2923,3
474,1387,2
859,3250,3
1594,1930,2
187,540,2
97,3487,21
3160,3340,2
2290,3707,12
1318,2819,5
117,3487,21
2382,3968,2
1091,3743,5
119,2633,3
988,2338,3
1041,1051,13
1513,3418,21
1946,2046,3
737,2276,21
826,845,1
2585,2760,2
65,2720,11
2276,2984,21
97,3283,21
2290,2399,12
184,2711,6
1983,4057,4
2284,3195,3
1763,4078,2
2017,4086,3
753,1266,21
1949,2947,5
4113,153,3
3037,3485,2
311,1535,18
2164,3647,2
2587,3905,1
497,2992,3
582,3073,1
2245,3565,3
311,2776,18
470,2211,21
1834,3414,2
2201,2909,6
44,3996,5
731,816,3
379,2739,2
1483,1897,3
891,3623,3
2516,3260,3
46,1628,2
1981,3168,18
2500,3579,2
1839,4008,2
1413,4053,3
1945,2867,18
2701,3260,6
2049,3742,3
1413,2501,3
117,3283,21
428,1923,21
34,2213,9
1043,1231,3
738,2767,9
1274,3683,4
374,2054,2
2074,3367,6
2984,3487,21
103,3120,5
1546,2999,11
2203,3340,3
1376,1748,5
1659,2675,3
428,2909,11
1816,3742,3
458,3597,3
172,2993,3
1773,3416,2
204,3358,2
67,2213,9
2984,3297,21
795,1273,2
4152,2191,3
884,2613,3
800,1987,2
2518,3415,3
366,2233,18
707,757,12
197,2839,4
1051,2192,13
2723,3048,11
1940,2069,3
573,2958,3
1156,2241,2
46,2541,2
366,1024,18
101,2588,4
2159,3354,1
2067,2188,3
2556,3809,2
2098,3828,3
1851,3351,1
6,3418,21
2429,3168,18
3213,3412,2
707,1137,12
153,827,3
4157,3936,3
1356,2217,5
2845,3306,1
35,107,1
671,3418,21
2233,3123,18
386,2262,4
726,3125,2
892,2139,2
1331,2033,3
34,626,9
6,2276,21
750,1110,3
2462,2802,3
97,1923,21
138,942,3
356,816,3
516,3506,4
75,619,3
2432,2551,3
739,3206,21
2220,2957,3
2257,4007,2
65,428,11
2701,2909,6
2977,4011,21
925,2909,11
2305,3134,12
820,3304,1
794,866,3
616,1997,10
2209,2977,8
1981,2560,18
1188,1778,3
2602,2953,7
121,1078,6
441,2154,2
687,4028,5
2909,3634,6
1662,2576,2
776,1236,11
1923,2984,21
2560,2867,18
3513,3515,1
202,465,1
2303,2452,4
1535,1981,18
206,1268,3
1944,3743,5
241,1692,3
55,3284,4
1984,2568,4
3362,3652,3
2017,3613,21
15,1981,18
1535,3591,18
65,1078,11
8,1800,3
237,962,2
1381,3621,2
2909,3260,6
1376,1513,5
1250,1923,21
1759,3283,21
731,929,2
1690,1987,2
1923,2602,21
1002,2211,21
3748,3856,1
171,2890,3
807,1643,3
311,1981,18
472,2918,5
1493,2827,3
570,590,12
971,3929,4
472,2095,5
1493,1921,3
2129,3043,2
65,1236,11
588,2799,1
2664,3405,2
65,3120,11
913,1734,2
848,3412,2
1033,1916,2
5,1923,21
971,2281,4
621,3914,3
2266,3544,2
864,2637,3
3315,4011,21
117,1923,21
1692,2281,4
3297,3418,21
2182,3573,6
2256,3286,2
3206,3613,21
1550,2182,6
1643,3914,3
1944,2554,4
2752,3574,3
2410,3935,12
270,2031,3
1974,2747,3
739,3951,21
366,1535,18
1091,1608,5
491,1800,3
701,1354,2
67,1117,9
2321,3168,18
1160,3134,12
567,2343,2
2263,2993,4
1018,3875,6
1041,2091,13
1435,2634,7
1084,3757,3
753,2276,21
65,1722,11
458,1132,3
366,1945,18
823,2410,12
1935,2301,12
3283,3714,21
1546,2723,11
4155,2254,4
925,3048,11
2995,3134,12
119,2462,3
768,1404,2
439,3064,3
2233,3378,15
2560,3081,18
3135,3498,3
3081,3925,18
453,3700,2
1092,4036,3
5,737,21
269,491,3
1211,2281,4
379,3951,21
3226,3584,2
317,3703,3
1002,3714,21
1747,2861,2
3223,3398,2
514,2819,5
2927,4042,3
1897,1952,3
153,922,3
1981,3591,18
573,2956,3
4121,3875,6
2529,3764,2
256,3956,3
427,1084,3
2572,2977,8
166,578,2
3418,3714,21
1452,3943,2
832,2091,13
1433,3161,3
1091,2216,5
2202,3086,1
53,1577,1
855,2358,3
1644,1766,4
1923,3475,21
1594,2467,2
3168,3591,18
1435,1468,7
2875,2887,3
823,2290,12
3297,3613,21
1024,2233,18
2391,3238,3
966,3125,2
1376,2802,5
684,3091,3
2203,3160,3
950,1077,5
77,1268,3
112,1921,3
2534,3009,1
737,2984,21
1791,3313,4
899,3164,2
249,523,3
444,590,12
470,1783,21
434,3956,3
608,1869,1
1763,1985,3
103,1078,6
3120,3594,5
1334,3154,3
210,2351,2
3641,3824,4
6,4011,21
1128,3991,2
0,18,2
1331,3719,3
1381,3809,2
1945,3789,18
1580,3238,3
1090,2417,2
366,1616,18
6,1759,21
739,1923,21
687,3970,5
4137,1708,4
2020,3939,2
1163,2752,3
2637,3301,3
600,2749,13
1535,3378,18
2447,4049,4
2844,2912,3
2001,2220,3
1433,3780,3
569,2685,10
2020,3243,2
420,1984,2
1117,2767,9
451,1792,2
1137,3127,7
2039,2276,21
1243,3455,1
2411,2462,3
2201,2701,6
2867,3789,18
1748,3752,5
340,2203,3
3487,4011,21
1890,2447,4
1666,3596,1
2340,3936,2
2366,3494,5
1549,2752,3
15,3591,18
1932,1965,1
2767,2996,9
3613,4086,21
1018,1099,6
1708,3066,4
392,775,11
1746,2095,7
2177,3029,2
1783,3283,21
176,1247,1
2861,3896,2
2447,3684,4
147,2263,4
2446,3352,12
1274,3120,5
2035,2165,3
596,3352,12
1807,1933,1
40,2634,7
1536,4057,3
962,3038,2
1014,2399,12
1269,1288,3
1536,1983,4
163,1515,2
556,2410,12
600,2081,13
84,3177,1
894,3602,2
1281,3292,3
239,757,12
1274,2015,4
240,3955,3
864,3807,2
2321,2776,18
65,2723,11
340,2172,3
537,1472,2
619,3568,3
4134,2116,1
2276,3613,21
39,2119,2
2405,3120,5
1288,3674,3
2398,2399,12
2993,3635,3
3613,3646,21
1137,2707,7
600,3659,13
2518,3615,3
192,3326,4
1908,3531,4
2977,3418,21
2793,3736,3
3016,3927,3
4137,364,4
311,1485,18
2035,2284,3
46,2537,3
495,1196,2
1945,3378,18
604,671,5
351,3656,1
902,1714,2
2438,2901,1
44,1356,5
564,3362,3
553,1659,2
184,1099,6
775,776,11
619,975,3
1237,1997,10
239,3707,12
2489,3488,6
1902,3700,2
1369,2752,3
1241,2866,2
1106,1735,4
1551,3586,1
2069,3864,3
227,1192,14
2074,3227,6
1485,1945,18
739,1759,21
1714,2849,2
1078,2453,6
420,3186,2
687,1077,5
1146,2659,4
523,3395,3
1783,1923,21
2031,3146,3
239,2744,12
2220,3075,3
1427,1985,3
1728,4092,1
919,3807,2
1130,3628,1
1007,2537,3
3066,3313,4
884,1751,3
1981,3081,18
5,2211,21
2567,4008,2
2627,3996,4
1081,2089,2
625,1523,2
1133,1950,3
307,1445,3
1914,2909,6
44,472,5
1002,4011,21
1206,3091,3
2301,2995,12
1765,1772,1
1644,1983,4
227,3211,5
3200,3403,1
3424,3437,2
1882,2953,7
14,3183,2
601,2365,1
2081,3659,13
289,1117,9
1266,3951,21
1343,2725,2
1445,1952,3
3016,4042,3
892,3437,2
1203,1555,3
611,3695,2
3162,4033,2
1295,1468,7
472,533,6
1336,2033,3
843,1940,3
2398,3935,12
2339,2613,3
1429,2018,3
570,596,12
1615,2397,1
63,2284,3
3018,3191,1
251,866,3
1535,1945,18
3669,4047,2
2776,3789,18
497,1061,3
626,2767,9
20,919,2
187,3506,4
356,1607,3
1890,4055,2
866,3699,3
750,3972,3
3123,3378,18
2669,3792,1
2695,2752,3
984,3339,1
618,1483,4
2876,3178,2
658,1841,3
1065,3172,2
1878,1958,4
1250,2953,7
2901,2971,1
479,964,2
1735,3994,2
1014,2290,12
2305,3231,12
1001,3339,1
1106,2568,4
2049,3955,3
496,1881,1
2859,2864,3
1606,3010,4
1209,2091,13
2368,3955,3
444,596,12
172,2178,1
2338,2526,3
124,3091,3
622,3936,2
1674,2708,3
1950,3885,3
632,1961,1
5,1759,21
2321,2560,18
1766,3406,4
0,2407,2
420,831,2
1266,3283,21
15,1616,18
1091,2923,5
47,2266,2
103,2453,6
1755,2502,3
262,1674,3
739,1002,21
2360,3447,3
1266,3418,21
2091,2783,13
971,1022,4
1263,2401,2
1763,1983,4
1541,2634,7
1677,2502,3
596,1935,12
1950,2577,3
117,3146,21
3768,3862,2
2276,3418,21
2621,3883,2
1322,2352,1
1024,3081,18
626,2213,9
1853,1892,2
1555,2627,4
3362,3526,3
2301,3134,12
534,2281,4
1192,1945,18
737,1783,21
1378,2188,3
366,3081,18
1923,3714,21
616,1498,10
3669,3764,2
155,1958,4
1590,2333,1
2398,2410,12
449,3955,3
1923,2276,21
2429,3123,18
1237,3054,10
1024,1192,18
2064,3943,2
462,1708,4
112,2802,3
833,3613,21
2447,3826,4
1946,3955,3
237,1033,2
619,986,3
2055,3970,5
2798,3330,3
1792,2358,3
2379,2691,2
428,515,11
2513,3151,5
1957,2942,1
366,3591,18
2627,2993,4
1882,1923,21
189,1923,21
192,3743,5
65,3395,11
1056,3864,2
573,2844,3
1594,3635,3
227,950,5
690,862,1
998,2263,4
2776,3925,18
325,827,3
2379,3405,2
866,3568,3
2366,3613,21
1535,2560,18
189,2602,7
5,739,21
626,738,9
807,1974,3
1409,1921,3
3401,3825,2
240,2411,3
937,3112,4
2415,3791,2
65,584,11
470,3283,21
1751,2613,3
617,1594,2
1266,2209,21
3613,3959,21
584,2720,3
3297,3951,21
2867,3081,18
5,189,21
1923,3315,21
866,3254,3
1954,2875,3
55,413,4
3757,4082,2
4137,3010,4
590,3134,12
2741,2744,12
570,3352,12
2446,2995,12
1758,2161,2
1131,3418,21
1946,3109,3
1974,2000,3
2395,3594,4
2370,2663,1
2847,3474,2
1795,3505,1
1024,3591,18
2333,2723,11
3418,3613,21
1759,1783,21
1128,3310,2
1841,3983,3
1692,3671,3
2516,3415,3
3283,3951,21
3594,3962,4
2039,3418,21
317,2417,3
1488,1767,4
454,1253,2
671,1949,5
1722,2999,11
1759,3487,21
1535,2321,18
1758,3179,2
3858,3903,3
444,1935,12
983,1940,3
2798,2957,3
2637,3780,3
1288,2619,3
1818,2755,2
2571,2953,7
3297,4011,21
533,2977,8
1820,4073,3
1014,2410,12
2568,2650,4
143,1363,1
598,796,13
909,2112,2
2211,3283,21
492,641,1
2541,3667,2
1002,1266,21
556,707,12
4121,1099,6
1128,4024,2
428,1914,11
1024,3789,18
1661,1915,1
598,2192,13
1441,1745,1
1250,2510,7
3447,3956,3
2018,2699,3
3206,4011,21
1550,2189,6
2841,2890,3
616,1777,10
619,2545,3
1381,2983,2
15,3789,18
4060,4068,3
2290,2410,12
878,2754,4
1981,3789,18
1122,3594,4
878,2281,4
3310,4024,2
3715,3807,2
3154,3683,3
1950,2080,3
331,707,12
596,1160,12
1674,2050,3
1387,3730,2
832,2192,13
15,2233,18
645,2556,3
1852,3865,2
1935,2446,12
753,4011,21
1376,2462,5
2360,3956,3
2032,3613,21
453,611,2
2576,3229,2
1293,3936,2
65,1546,11
297,2284,3
229,1084,3
1332,3161,3
472,3727,5
1051,2081,13
1945,3591,18
2245,3062,3
101,1260,4
925,2453,11
4143,533,6
138,891,3
126,2375,2
795,3115,2
2119,2614,2
1748,2276,21
617,1930,2
117,470,21
516,2102,3
2844,3089,3
1907,2393,4
737,1923,21
31,193,2
1799,3066,4
417,1677,3
1536,2047,3
942,2595,3
1573,3415,3
4152,1131,3
121,3634,6
3155,3594,5
619,3415,3
311,3168,18
1078,1546,11
227,3195,5
2367,3752,5
2192,3659,13
1935,2995,12
340,2500,3
413,1753,4
2074,3660,6
1209,2749,13
278,726,2
472,1513,5
1930,2918,2
1231,3028,3
239,823,12
1014,2744,12
5,3714,21
1945,2429,18
500,2909,6
65,479,11
2109,2395,4
1407,3980,5
1783,3951,21
144,1098,1
2628,2824,3
878,1211,4
3154,3494,3
4157,3328,3
796,1051,13
3123,3789,18
1172,2977,8
463,1674,3
757,2741,12
1348,3659,13
103,2303,5
2947,3418,21
2290,2741,12
1759,3714,21
823,2399,12
1376,1686,5
1371,2627,4
1250,2571,7
44,1371,5
77,2195,2
1055,2752,3
2330,2793,3
395,3903,3
137,3725,3
3487,3613,21
624,625,2
2399,2744,12
570,2301,12
523,584,3
88,2636,2
470,3714,21
983,2069,3
1923,2977,21
922,1016,2
2211,3418,21
65,776,11
1311,1606,4
1981,2776,18
1409,2351,3
1662,3450,2
589,3677,2
1241,2319,2
117,833,21
816,3903,3
2045,4037,3
454,2894,2
1004,3119,3
101,1958,4
2984,3613,21
3414,3757,2
1890,3664,2
586,966,1
1954,2887,3
1655,2447,4
2873,3338,1
83,2129,2
4137,2328,4
922,1083,2
1783,4011,21
68,2675,3
1331,1336,3
2276,3315,21
1868,3432,1
564,2242,3
943,1660,3
2453,2723,11
1674,2049,3
1209,2192,13
1974,2991,3
363,1859,1
1041,2749,13
1042,2711,6
753,2209,8
819,1044,2
1950,2136,3
2245,3719,3
556,3707,12
616,1237,10
1055,1549,3
2984,3951,21
1616,2321,18
3360,3468,2
1147,2519,4
6,3951,21
2675,3021,3
2560,3378,18
779,1472,2
925,2999,11
428,925,11
3191,3741,1
1099,3660,6
2736,3582,4
1315,1816,3
5,117,21
1125,2188,3
2405,3594,4
1007,2286,3
1433,1776,3
2455,3930,3
109,2844,3
3970,4028,5
362,1549,3
975,1231,3
97,1783,21
1759,3418,21
3613,3714,21
600,1041,13
55,1753,4
1146,1147,4
1819,1983,4
1746,3180,7
184,3660,6
227,3609,5
110,2953,7
222,3250,3
999,2265,2
1956,2338,3
345,2265,2
1007,2542,3
776,2723,11
569,3054,10
2109,3594,4
1045,3012,1
1088,3419,2
514,3151,5
2303,3769,4
2855,3119,3
3531,3684,4
2166,2262,4
1319,2977,8
1923,2211,21
1024,1945,18
823,1014,12
256,4037,3
304,3362,3
2844,3330,3
283,2516,3
750,2018,3
827,2385,3
1077,3970,5
1841,4045,3
4152,3418,21
1763,2651,2
44,3743,5
123,1778,2
2081,2192,13
375,3321,2
2537,3667,3
4137,414,4
1541,3127,7
2516,2518,3
311,3789,18
3120,3862,5
1928,1958,4
2453,3714,21
600,2192,13
