4085,4089,1
4000,4025,2
3956,4037,2
3951,4079,17
3936,4157,3
3922,4121,6
3915,4129,17
3901,3948,2
3898,4007,1
3897,4129,17
3897,3915,17
3894,4129,17
3894,3915,17
3894,3897,17
3874,3987,6
3866,3937,1
3863,4124,2
3858,3903,1
3840,3843,2
3840,4080,3
3834,3945,2
3832,3874,3
3816,3844,2
3810,3913,2
3806,4053,1
3803,3910,2
3803,4047,3
3803,4073,3
3798,4033,2
3797,3832,2
3792,4109,3
3788,3848,2
3787,4157,3
3787,3936,3
3778,3987,6
3778,3874,6
3770,3787,3
3770,3936,3
3769,3987,6
3769,3874,6
3769,3778,6
3764,3803,3
3764,4047,3
3763,3803,2
3760,4086,3
3756,3923,1
3747,4064,2
3745,3945,2
3726,3984,2
3723,4013,2
3720,3938,2
3707,3935,8
3699,3976,1
3698,3956,2
3686,3698,2
3686,4101,2
3673,3903,4
3673,4053,3
3669,4047,3
3669,3764,3
3668,4086,3
3664,4055,2
3660,3922,6
3660,4121,6
3657,3764,2
3653,4079,17
3653,3951,17
3651,4106,2
3641,3691,2
3639,3664,1
3629,3853,2
3620,4086,3
3616,4073,3
3613,3620,3
3613,3668,3
3613,3743,3
3613,3760,3
3613,4039,2
3613,4086,3
3613,3653,17
3613,3951,17
3613,4079,17
3603,3637,11
3601,3786,3
3593,3790,3
3591,3789,17
3589,3788,1
3588,3820,3
3587,3770,2
3583,3673,3
3563,3846,2
3557,4129,17
3557,3915,17
3557,3897,17
3557,3894,17
3550,3603,9
3546,3616,3
3529,3629,4
3529,4005,2
3521,4015,2
3521,3651,2
3519,3536,1
3503,3845,3
3502,3905,2
3498,3937,6
3491,3603,9
3491,3550,9
3487,4079,17
3487,3951,17
3487,3653,17
3487,3613,17
3483,3971,15
3479,3818,2
3477,3612,1
3473,3874,4
3467,3846,2
3448,3788,2
3447,3956,2
3446,3705,2
3441,3943,2
3437,4062,2
3415,3764,3
3411,4040,1
3409,3691,2
3409,3641,2
3407,3657,2
3407,3743,3
3407,3613,4
3407,3415,4
3402,4015,2
3399,3415,2
3388,3740,2
3384,3471,2
3377,3484,1
3362,3884,2
3362,3652,2
3358,3360,2
3339,3652,1
3338,3990,2
3338,4139,2
3330,3710,2
3327,3473,4
3327,3874,5
3326,3770,3
3322,3958,2
3321,3599,2
3320,3796,2
3318,3603,9
3318,3550,9
3318,3491,9
3313,3356,1
3313,3750,1
3312,3318,9
3312,3491,9
3312,3550,9
3312,3653,9
3312,3603,9
3311,3330,1
3305,3648,5
3287,3591,17
3287,3789,17
3286,3538,3
3278,3279,2
3272,3761,1
3271,3305,5
3271,3560,8
3271,3648,5
3264,4020,10
3260,3583,3
3260,4053,3
3260,3673,4
3260,3415,4
3253,3733,2
3253,3597,3
3253,4015,3
3249,3889,2
3244,3441,2
3244,3943,2
3213,3412,1
3210,3673,2
3210,3503,2
3209,3981,3
3205,3503,2
3205,3210,2
3203,3208,2
3203,3419,2
3203,3264,2
3202,4013,2
3202,3723,2
3200,3403,2
3198,3260,1
3196,3812,1
3196,3770,3
3193,3998,2
3193,3358,2
3181,3403,2
3181,3200,2
3180,3498,6
3180,3937,6
3180,3952,1
3177,3800,1
3172,3486,4
3162,4033,1
3159,3428,1
3159,3740,2
3156,4038,1
3154,3723,3
3153,3587,2
3146,3520,2
3134,3971,15
3134,3483,15
3125,3196,3
3125,3936,3
3125,3770,3
3124,3686,2
3106,3637,11
3106,3603,11
3103,3896,4
3095,3695,2
3095,4015,2
3089,3844,2
3087,3603,9
3087,3550,9
3087,3491,9
3087,3318,9
3087,3312,9
3084,3529,3
3081,3789,17
3081,3591,17
3081,3287,17
3075,3214,3
3075,3844,3
3075,3330,3
3074,3743,3
3074,3840,3
3074,4080,3
3074,3487,17
3074,3653,17
3074,3951,17
3074,4079,17
3074,3613,17
3073,3834,2
3066,3313,3
3061,4105,1
3058,3291,1
3058,3745,2
3053,3154,1
3047,4086,2
3047,3613,2
3044,3698,1
3037,3622,1
3036,3469,3
3034,3058,1
3029,3316,1
3023,3577,2
3018,3191,1
3014,3358,1
3011,3652,1
3010,3066,3
3010,4137,4
3010,3313,3
3002,4150,1
3002,3945,2
3001,3045,1
2999,4020,10
2999,3264,10
2997,3945,1
2996,3637,11
2996,3603,11
2996,3106,11
2995,3971,15
2995,3483,15
2995,3134,15
2992,4117,4
2988,3313,1
2987,3430,1
2974,3502,2
2968,3911,3
2968,4098,3
2956,3836,2
2953,3987,4
2953,3613,4
2948,3786,3
2948,3601,3
2929,3630,1
2928,3834,2
2928,3073,2
2927,4042,1
2917,3910,2
2917,3803,3
2913,3633,2
2913,3601,3
2901,3018,1
2899,3936,2
2897,3935,8
2897,3707,8
2892,3258,2
2885,2892,2
2885,3258,2
2883,3905,2
2883,3502,2
2876,3178,3
2876,3154,3
2864,3056,2
2864,3362,2
2864,3652,2
2861,3003,2
2861,3103,4
2861,3518,2
2861,3686,4
2861,3896,4
2861,4101,2
2858,3286,3
2858,3538,3
2855,3119,2
2848,2876,1
2846,3637,11
2846,3603,11
2846,3106,11
2846,2996,11
2844,3089,2
2844,3330,3
2844,3844,3
2842,2968,3
2842,3489,3
2842,3911,3
2842,4098,3
2837,3637,11
2837,3603,11
2837,3106,11
2837,2996,11
2837,2846,11
2832,3943,2
2832,3441,2
2829,3107,1
2825,3863,2
2825,4124,2
2822,3529,1
2821,4129,17
2821,3915,17
2821,3897,17
2821,3894,17
2821,3557,17
2820,3386,1
2818,4126,1
2816,4125,1
2816,3546,1
2813,3133,1
2813,3803,1
2811,3568,3
2804,3536,2
2802,3469,3
2802,4154,2
2800,3489,3
2800,2968,3
2800,2842,3
2798,3330,3
2795,3680,1
2794,2868,2
2794,2876,2
2786,4105,4
2783,4129,17
2783,3915,17
2783,3897,17
2783,3894,17
2783,3557,17
2783,2821,17
2780,4129,17
2780,3915,17
2780,3897,17
2780,3894,17
2780,3557,17
2780,2821,17
2780,2783,17
2775,3257,2
2774,3920,1
2757,2842,2
2756,4032,1
2756,3289,3
2754,2758,3
2753,3431,2
2753,3487,17
2753,3653,17
2753,3951,17
2753,4079,17
2753,3613,17
2753,3074,17
2752,3574,2
2750,3473,4
2750,3327,4
2746,2828,2
2744,3935,8
2744,3707,8
2744,2897,8
2736,3582,2
2734,4117,4
2734,2992,4
2733,2861,3
2730,3937,6
2730,3498,6
2730,3180,6
2728,3154,1
2723,2999,10
2723,3264,10
2723,3327,5
2723,3841,4
2723,3874,6
2723,4020,10
2721,3981,3
2721,3244,3
2720,4015,3
2716,3846,1
2715,2992,1
2709,2733,3
2709,3694,1
2706,3943,2
2706,3441,2
2703,4005,2
2701,3345,1
2701,3634,7
2701,3260,4
2700,3936,1
2698,3998,2
2698,3597,2
2698,3193,2
2695,2752,2
2694,3412,1
2689,3699,1
2677,3872,1
2674,3497,1
2672,3796,2
2672,3320,2
2671,2866,3
2669,4109,3
2669,3792,3
2668,3903,4
2664,3405,2
2663,3666,1
2660,3401,2
2659,3679,4
2658,3793,2
2657,3404,1
2656,4053,2
2653,3210,2
2653,2723,2
2640,3084,3
2640,3529,4
2638,2917,2
2634,3111,7
2628,2824,2
2626,4157,3
2626,3787,3
2615,3235,1
2606,3818,2
2602,2953,4
2600,2712,1
2598,3956,1
2594,3843,2
2586,3018,1
2585,2760,2
2583,2948,1
2572,2953,1
2571,2953,4
2571,2602,4
2569,4058,1
2568,2650,2
2567,2841,1
2567,3133,1
2553,3244,3
2553,2721,3
2552,2872,1
2550,2947,7
2539,2542,3
2537,2539,3
2537,2542,3
2537,3667,2
2536,3269,1
2536,2664,1
2532,3411,2
2525,2762,3
2525,2990,2
2525,3546,3
2520,3437,1
2518,3804,2
2518,3673,4
2518,3415,4
2516,2518,4
2516,2786,4
2516,3260,4
2516,3415,4
2516,3583,3
2516,3674,4
2516,4105,4
2516,3673,4
2513,3151,6
2513,3560,8
2513,3271,8
2510,2710,1
2504,3330,2
2502,2992,4
2497,3146,2
2486,2657,1
2483,3365,2
2483,3405,2
2483,3845,3
2483,3415,4
2483,2516,4
2481,2943,1
2475,4053,2
2475,2656,2
2462,2802,2
2457,3402,2
2457,3448,2
2457,4015,2
2457,2502,2
2455,3597,2
2453,3300,2
2453,2723,5
2450,3176,2
2448,3845,3
2448,2518,3
2448,2483,3
2447,3399,2
2447,3415,2
2446,3971,15
2446,3483,15
2446,3134,15
2446,2995,15
2445,3567,1
2437,2883,2
2437,2917,3
2431,4067,2
2428,3723,3
2428,3154,3
2428,2437,3
2427,2437,2
2419,3290,2
2417,3189,2
2412,3170,3
2410,3935,8
2410,3707,8
2410,2897,8
2410,2744,8
2408,3010,2
2402,3788,1
2395,3482,2
2394,3679,4
2394,2659,4
2386,4079,17
2386,3951,17
2386,3653,17
2386,3613,17
2386,3487,17
2386,3074,17
2386,2753,17
2380,2861,1
2379,2664,2
2379,3405,2
2379,2518,2
2373,3937,6
2373,3498,6
2373,3180,6
2373,2730,6
2367,3752,4
2367,4005,2
2367,3529,4
2365,3334,1
2365,3074,2
2361,2532,1
2359,2825,1
2357,3789,17
2357,3591,17
2357,3287,17
2357,3081,17
2356,3234,2
2356,3326,2
2356,3502,2
2350,4121,6
2350,3922,6
2350,3660,6
2345,2743,5
2345,3366,1
2345,3844,3
2338,2762,3
2338,2990,2
2338,2525,3
2337,3355,2
2336,3844,2
2328,3005,4
2328,3010,4
2328,3781,1
2328,4137,4
2320,2357,17
2320,3081,17
2320,3103,4
2320,3378,12
2320,3591,17
2320,3789,17
2320,3889,3
2320,3896,4
2320,3287,17
2319,3832,2
2318,2477,2
2316,3764,1
2307,3473,2
2305,3971,15
2305,3483,15
2305,3134,15
2305,2995,15
2305,2446,15
2303,3769,6
2303,3778,6
2303,3987,6
2303,3874,6
2302,3587,2
2299,2793,1
2295,3339,1
2294,3644,2
2290,3935,8
2290,3707,8
2290,2897,8
2290,2744,8
2290,2410,8
2284,2746,2
2284,2828,2
2284,3195,1
2284,3326,3
2284,3392,1
2281,2754,3
2281,2758,3
2281,3095,2
2281,3255,2
2281,3651,3
2281,3929,1
2281,4015,3
2278,2489,4
2277,3517,2
2277,2303,2
2276,2367,4
2276,2386,17
2276,2550,7
2276,2947,7
2276,3752,4
2276,3487,17
2276,3653,17
2276,3951,17
2276,4079,17
2276,2753,17
2276,3074,17
2276,3613,17
2275,4037,1
2273,3031,3
2270,3823,2
2267,3978,1
2263,2427,2
2263,2428,3
2263,2437,3
2263,2901,2
2263,3996,2
2261,3242,2
2258,2273,3
2258,3031,3
2258,2709,3
2257,4007,1
2256,3538,3
2256,3286,3
2256,2858,3
2255,3884,1
2252,3639,1
2247,2357,17
2247,3081,17
2247,3378,12
2247,3591,17
2247,3789,17
2247,3287,17
2247,2320,17
2237,3178,3
2237,2876,3
2228,2817,2
2228,4109,3
2223,2640,4
2223,3084,3
2223,2844,3
2223,3903,4
2223,3529,4
2220,2232,2
2220,2412,3
2220,2844,3
2220,3075,3
2220,3170,3
2220,3214,3
2220,3330,3
2220,3844,3
2216,2374,3
2211,2386,17
2211,3487,17
2211,4079,17
2211,3951,17
2211,3653,17
2211,3613,17
2211,3074,17
2211,2753,17
2211,2276,17
2210,3362,2
2210,3884,2
2210,4027,1
2210,4101,2
2206,3883,1
2205,2284,1
2202,3086,4
2196,3935,8
2196,3707,8
2196,2897,8
2196,2744,8
2196,2410,8
2196,2290,8
2193,3131,2
2192,4129,17
2192,3915,17
2192,3897,17
2192,3894,17
2192,3557,17
2192,2821,17
2192,2783,17
2192,2780,17
2189,2489,4
2189,2278,4
2188,2743,5
2188,3674,4
2188,2345,5
2181,3370,1
2181,2408,2
2180,2408,2
2178,3710,2
2176,3545,1
2175,3322,2
2175,3958,2
2173,2451,2
2173,2658,2
2173,2752,3
2173,2937,1
2173,3140,3
2173,3209,3
2173,3257,2
2173,3793,2
2172,3234,2
2172,2356,2
2172,2328,2
2164,2210,2
2164,2686,3
2164,3290,3
2164,3647,2
2160,4005,2
2149,2862,1
2148,3942,1
2140,2579,2
2140,2858,3
2140,3605,3
2140,3832,3
2139,3437,1
2131,3655,1
2130,2474,1
2130,2830,2
2130,2974,2
2130,3502,2
2130,2356,2
2128,2148,2
2128,2798,3
2128,3203,2
2128,3208,2
2128,3260,4
2128,3735,1
2128,3797,2
2128,3832,3
2128,4031,1
2128,2753,4
2126,3097,2
2126,3583,3
2123,3556,2
2119,3178,3
2119,2794,2
2119,2876,3
2119,2237,3
2117,3471,2
2117,3384,2
2116,4134,1
2115,2258,1
2112,2283,2
2108,3961,2
2105,2678,1
2094,2160,2
2094,2267,2
2094,2811,3
2094,3140,3
2094,3457,1
2094,3529,3
2094,3154,3
2085,3732,1
2084,3732,2
2074,2707,4
2074,3227,2
2074,3660,5
2074,4121,5
2071,3512,1
2069,3651,3
2069,3705,3
2069,4106,2
2069,2281,3
2068,3903,2
2067,2703,2
2067,2743,5
2067,2188,5
2067,3154,3
2067,2345,5
2060,3264,1
2057,2753,1
2052,3323,1
2050,3633,2
2048,3841,4
2048,2453,5
2048,3327,5
2048,3874,5
2048,2723,5
2045,4037,1
2043,2152,2
2043,3788,2
2043,2408,2
2040,2709,3
2040,2258,3
2039,2154,1
2039,2550,7
2039,2947,7
2039,2276,7
2037,2349,2
2036,2149,1
2036,2263,3
2036,2417,2
2036,3124,2
2036,3686,4
2036,3710,2
2035,2126,3
2035,2284,3
2035,3326,3
2035,3330,3
2035,3583,3
2035,3770,3
2035,2036,3
2035,2220,3
2029,2471,1
2023,3816,2
2022,2470,1
2022,3723,3
2022,4021,4
2018,3287,2
2017,3620,3
2017,3668,3
2017,3760,3
2017,4039,2
2017,4086,3
2017,3613,3
2016,3634,7
2016,2701,7
2015,2464,1
2015,3900,1
2015,3956,2
2013,3971,15
2013,3483,15
2013,3134,15
2013,2995,15
2013,2446,15
2013,2305,15
2011,2128,3
1999,4129,17
1999,3915,17
1999,3897,17
1999,3894,17
1999,3557,17
1999,2821,17
1999,2783,17
1999,2780,17
1999,2192,17
1995,3844,2
1995,2345,2
1994,2386,17
1994,2550,7
1994,3154,3
1994,3733,2
1994,3487,17
1994,2211,17
1994,3653,17
1994,3951,17
1994,4079,17
1994,3613,17
1994,3074,17
1994,2753,17
1994,2276,17
1987,2948,3
1986,2640,4
1986,2223,4
1984,2650,2
1984,2568,2
1982,1990,1
1981,3789,17
1981,3591,17
1981,3287,17
1981,3081,17
1981,2357,17
1981,2320,17
1981,2247,17
1979,2981,3
1976,2173,1
1975,3330,3
1975,2220,3
1975,2035,3
1974,2000,1
1974,2148,2
1974,2991,1
1974,2128,2
1970,2035,1
1968,2191,1
1967,3454,2
1961,3244,2
1960,2720,1
1959,4079,1
1957,2942,2
1956,2762,3
1956,2525,3
1956,2338,3
1954,3538,1
1952,3152,2
1950,2080,1
1950,2136,1
1946,2956,2
1946,3109,1
1946,3836,2
1946,3844,3
1946,3260,3
1946,2128,3
1945,1981,17
1945,2357,17
1945,3081,17
1945,3378,12
1945,3591,17
1945,3789,17
1945,3287,17
1945,2320,17
1945,2247,17
1944,3743,2
1944,3613,2
1941,2451,2
1940,3651,3
1940,3705,3
1940,3901,2
1940,3948,2
1940,2069,3
1940,3154,3
1939,2899,2
1939,3936,2
1937,2756,3
1937,3289,3
1937,3313,3
1937,3593,3
1937,3790,3
1937,3770,3
1935,3971,15
1935,3483,15
1935,3134,15
1935,2995,15
1935,2446,15
1935,2305,15
1935,2013,15
1934,3074,1
1933,3157,2
1929,3848,2
1929,3788,2
1928,3818,1
1927,4020,1
1922,2502,1
1920,2130,1
1919,1995,1
1909,1987,3
1909,3346,1
1909,3388,3
1909,3740,2
1902,4019,2
1897,3152,2
1897,1952,2
1893,3673,3
1891,3496,1
1891,2220,1
1889,2127,1
1888,3172,4
1888,3486,4
1888,3848,3
1887,2724,1
1883,3739,1
1883,3327,2
1882,3987,3
1882,2953,3
1882,2753,3
1879,2202,4
1879,3086,4
1879,4021,4
1879,2022,4
1876,2220,1
1871,2356,1
1867,2985,2
1867,2876,3
1867,3154,3
1864,1940,1
1863,2764,3
1863,3113,2
1863,3154,3
1862,3503,1
1861,2520,1
1854,2110,2
1853,1892,1
1841,2246,2
1841,2726,1
1841,3020,1
1841,3983,1
1841,4044,1
1832,1883,2
1830,3005,4
1830,2328,4
1828,3552,1
1828,3849,1
1828,2036,3
1828,2035,3
1825,3036,2
1822,3437,2
1821,1822,2
1821,2379,2
1821,3437,2
1821,3675,2
1821,4062,2
1820,4073,1
1815,2758,3
1815,2754,3
1815,2752,3
1813,3365,2
1813,2483,2
1806,2734,4
1806,4117,4
1806,2992,4
1806,2173,4
1804,2723,2
1798,2802,2
1798,2462,2
1796,3447,2
1792,2237,2
1792,2445,1
1792,2847,1
1791,3313,2
1790,3083,1
1789,4019,2
1789,1902,2
1788,1896,2
1788,3551,1
1787,3189,1
1784,2022,2
1783,4079,17
1783,3951,17
1783,3653,17
1783,3613,17
1783,3487,17
1783,3074,17
1783,2753,17
1783,2386,17
1783,2276,17
1783,2211,17
1783,1994,17
1781,3257,2
1781,2775,2
1780,2513,8
1780,3305,5
1780,3560,8
1780,3648,5
1780,3271,8
1779,3518,2
1779,2948,2
1779,2861,2
1777,3603,9
1777,3550,9
1777,3491,9
1777,3318,9
1777,3312,9
1777,3087,9
1776,3183,1
1775,1854,2
1775,2110,2
1775,3712,1
1773,4033,2
1773,2320,2
1771,3503,3
1768,2310,1
1768,2431,2
1767,3406,2
1767,1768,2
1766,1767,2
1766,1768,2
1766,1982,1
1766,1985,2
1766,2179,1
1766,3185,2
1766,3406,2
1766,4067,2
1765,1985,2
1765,1768,2
1764,1985,1
1762,1987,3
1762,3280,1
1762,3522,2
1762,4075,1
1762,1768,2
1760,2230,2
1760,2473,1
1760,2094,3
1759,1783,17
1759,2386,17
1759,2854,1
1759,4020,10
1759,3487,17
1759,2211,17
1759,3653,17
1759,3951,17
1759,4079,17
1759,3613,17
1759,3074,17
1759,2753,17
1759,2276,17
1759,1994,17
1758,1888,2
1757,2757,2
1757,3673,2
1757,2842,2
1752,2180,2
1752,2408,2
1752,2181,2
1750,2407,2
1748,3752,4
1748,2367,4
1748,2276,4
1746,2571,4
1746,2602,4
1746,3180,4
1746,2953,4
1745,2885,1
1742,2181,1
1739,2040,3
1739,2709,3
1739,2258,3
1734,2300,1
1733,3634,7
1733,2701,7
1733,2016,7
1732,2270,2
1732,2660,2
1732,3212,1
1732,3401,2
1732,3664,2
1732,3823,2
1732,4055,2
1732,2328,2
1729,4147,1
1729,1775,2
1729,2112,2
1722,2518,4
1722,2999,10
1722,3264,10
1722,4020,10
1722,2516,4
1722,2723,10
1721,3801,1
1720,3965,4
1719,3503,2
1719,3210,2
1708,3066,3
1708,3467,2
1708,4137,4
1708,3313,3
1708,2328,4
1708,3010,4
1707,2947,7
1707,2550,7
1707,2276,7
1707,2039,7
1706,2309,2
1705,2450,2
1705,3176,2
1702,3647,2
1702,2164,2
1697,3360,2
1694,2283,2
1694,2112,2
1690,1987,3
1690,1762,3
1685,3673,1
1684,3412,1
1682,2108,2
1682,3616,3
1682,3961,2
1682,3546,3
1680,2121,1
1680,2454,1
1680,2917,3
1680,3763,2
1680,1760,3
1678,2181,1
1672,2664,2
1671,3503,3
1671,1771,3
1670,1988,1
1669,2128,2
1665,3890,2
1665,3965,3
1664,2329,2
1663,2084,2
1663,3237,2
1663,3732,2
1659,1796,2
1659,3447,2
1657,3820,3
1657,3588,3
1655,2447,1
1651,2502,1
1644,3185,2
1644,3406,2
1644,1766,2
1639,3017,1
1638,2041,1
1636,1720,4
1636,3965,4
1633,3436,1
1633,2585,1
1630,3481,2
1627,3138,2
1625,1751,1
1622,3617,1
1622,3643,1
1620,1665,2
1616,1682,3
1616,1981,17
1616,2357,17
1616,3081,17
1616,3378,12
1616,3591,17
1616,3789,17
1616,1945,17
1616,2247,17
1616,3287,17
1616,2320,17
1614,3882,1
1614,2502,2
1612,2408,1
1611,2752,2
1609,3945,1
1594,2547,2
1593,2686,3
1593,3058,2
1593,4079,4
1593,2039,4
1591,2764,3
1591,3113,2
1591,3116,1
1591,1863,3
1591,2164,3
1590,2048,1
1589,3593,3
1589,3289,3
1589,1937,3
1586,4005,1
1585,3674,4
1585,3673,4
1585,2516,4
1584,1864,1
1575,3798,2
1575,4033,2
1571,1893,3
1571,3673,4
1571,2518,4
1571,2516,4
1569,2929,1
1568,3874,2
1566,2448,3
1566,3764,3
1566,3415,4
1566,2518,4
1563,3965,4
1563,1720,4
1563,1636,4
1561,1916,3
1561,2216,3
1561,2374,3
1561,2611,2
1561,2668,4
1561,2753,4
1556,1557,1
1556,1925,1
1554,1979,3
1554,2981,3
1554,4143,2
1553,1707,7
1553,1783,17
1553,2039,7
1553,2133,3
1553,2386,17
1553,2550,7
1553,2947,7
1553,3271,8
1553,3487,17
1553,2211,17
1553,3653,17
1553,3951,17
1553,1759,17
1553,4079,17
1553,1994,17
1553,2753,17
1553,3613,17
1553,3074,17
1553,2276,17
1549,2752,3
1543,3431,2
1541,3111,7
1541,2634,7
1539,2720,2
1538,3990,2
1538,3546,2
1537,1637,1
1537,1652,1
1537,1825,2
1537,2802,3
1537,3023,2
1537,3036,3
1537,3469,3
1537,3577,2
1534,2695,2
1534,1611,2
1534,2752,2
1527,2642,1
1527,3675,2
1527,3405,2
1527,1821,2
1524,1540,1
1524,1614,2
1524,2502,4
1524,2913,3
1524,3140,3
1524,3601,3
1524,3658,1
1524,3800,1
1524,3977,2
1524,4059,1
1523,2173,2
1523,1524,2
1522,3215,1
1520,2668,4
1520,1561,4
1519,3576,1
1518,1768,2
1518,1767,2
1516,3313,1
1515,2473,1
1513,3752,4
1513,1748,4
1513,3945,2
1513,2367,4
1513,2276,4
1511,1837,1
1510,2267,2
1507,3413,3
1507,3708,3
1490,1927,1
1489,3017,1
1487,3903,1
1482,3977,2
1482,3956,2
1482,2211,4
1482,2039,4
1482,1593,4
1474,3971,15
1474,3483,15
1474,3134,15
1474,2995,15
1474,2446,15
1474,2305,15
1474,2013,15
1474,1935,15
1472,1855,1
1472,3751,1
1472,3945,2
1467,3597,3
1467,3253,3
1465,3816,1
1462,2824,2
1462,2628,2
1461,1622,1
1461,2232,2
1461,3170,2
1461,2220,2
1455,1801,1
1450,1950,2
1448,1739,1
1446,3909,1
1445,2433,1
1445,3818,2
1445,1952,2
1443,2644,1
1443,1936,1
1440,2790,2
1440,2284,2
1436,3111,7
1436,2634,7
1436,1541,7
1427,1566,4
1427,1985,2
1427,3407,4
1427,1766,2
1427,2483,4
1427,3415,4
1427,2518,4
1424,3411,2
1424,2532,2
1422,2036,1
1416,2641,1
1412,1894,2
1412,3601,2
1409,4005,2
1409,2367,2
1407,1780,8
1407,2513,8
1407,2736,2
1407,3151,6
1407,3271,8
1407,3305,5
1407,3560,8
1407,3582,2
1407,3648,5
1405,3484,1
1401,1630,2
1401,3481,2
1401,3844,2
1400,1571,4
1400,1893,3
1400,3669,3
1400,3764,3
1400,3673,4
1400,2518,4
1400,2516,4
1400,1722,4
1392,3517,2
1392,2303,2
1392,2277,2
1390,1813,2
1390,4053,3
1390,3673,3
1390,3260,3
1387,2709,2
1386,3698,1
1385,1829,1
1384,3486,4
1384,3172,4
1384,1888,4
1378,2743,5
1378,2345,5
1378,2188,5
1378,2067,5
1373,3489,3
1373,2842,3
1373,2800,3
1371,3996,2
1371,2263,2
1369,2752,1
1368,3903,2
1365,3911,3
1365,2968,3
1365,2842,3
1362,3358,2
1358,3407,1
1356,2217,2
1356,2686,3
1356,3949,1
1356,1593,4
1356,2953,4
1356,3951,4
1355,1636,1
1348,4129,17
1348,3915,17
1348,3897,17
1348,3894,17
1348,3557,17
1348,2821,17
1348,2783,17
1348,2780,17
1348,2192,17
1348,1999,17
1343,3800,1
1340,3883,2
1339,3770,2
1333,3818,2
1333,2606,2
1329,1507,3
1325,3388,3
1325,1909,3
1323,1409,1
1322,2902,2
1320,3637,11
1320,3603,11
1320,3106,11
1320,2996,11
1320,2846,11
1320,2837,11
1318,1780,8
1318,2513,8
1318,3151,6
1318,3305,5
1318,3560,8
1318,3648,5
1318,3271,8
1318,1407,8
1313,2036,2
1313,2035,2
1311,2328,2
1310,3195,1
1308,2281,1
1306,2023,2
1306,3816,2
1304,2457,1
1303,2530,2
1298,3708,2
1296,2069,2
1294,1400,1
1291,3853,2
1288,1378,5
1288,2067,5
1288,2188,5
1288,2345,5
1288,2611,2
1288,2743,5
1288,3674,4
1285,1593,1
1282,1744,2
1280,2128,2
1280,1669,2
1279,3313,1
1276,2401,3
1274,2015,2
1274,3271,2
1274,1553,2
1271,3846,2
1271,3563,2
1269,1288,1
1268,1643,2
1268,2195,1
1268,2601,1
1268,3537,1
1268,3772,1
1268,2457,2
1266,1554,3
1266,1783,17
1266,2386,17
1266,2550,7
1266,4143,2
1266,3487,17
1266,2211,17
1266,3653,17
1266,3951,17
1266,1759,17
1266,4079,17
1266,3613,17
1266,3074,17
1266,2753,17
1266,2276,17
1266,1994,17
1266,1553,17
1265,3698,2
1265,3686,2
1264,2228,3
1263,1276,3
1263,2401,3
1263,3138,2
1260,2827,1
1260,2829,2
1248,1874,2
1248,1877,2
1245,3597,3
1245,2094,3
1245,1760,3
1244,3602,2
1244,1387,2
1236,4020,10
1236,3264,10
1236,2999,10
1236,2723,10
1236,1722,10
1235,1888,2
1235,1758,2
1234,2036,1
1233,1713,1
1233,2059,1
1233,2622,1
1233,2913,3
1233,3601,3
1233,1524,4
1231,1566,4
1231,2258,3
1231,2752,3
1231,3028,1
1231,3415,4
1231,3568,3
1231,3574,2
1231,1524,4
1230,1288,5
1230,1348,17
1230,1999,17
1230,2192,17
1230,2780,17
1230,2783,17
1230,2821,17
1230,3557,17
1230,3894,17
1230,3897,17
1230,3915,17
1230,4129,17
1228,1788,2
1228,1896,2
1228,2932,2
1228,3057,1
1218,3086,3
1218,2202,3
1216,2043,1
1215,2128,2
1215,1627,2
1207,3673,3
1207,3415,3
1207,3260,3
1199,2792,2
1199,3844,2
1199,1995,2
1198,1412,2
1198,2502,4
1198,1233,4
1198,1524,4
1198,1231,4
1196,3832,3
1196,2140,3
1194,2489,4
1194,2278,4
1194,2189,4
1193,2478,1
1193,4000,2
1193,4025,2
1189,1994,2
1189,1553,2
1188,1778,1
1188,2068,2
1188,3848,3
1188,2844,3
1188,3903,3
1188,3673,3
1188,3260,3
1187,3603,9
1187,3550,9
1187,3491,9
1187,3318,9
1187,3312,9
1187,3087,9
1187,1777,9
1185,1233,4
1185,1248,2
1185,1356,4
1185,1593,4
1185,1877,2
1185,2217,2
1185,2331,1
1185,2347,1
1185,2686,3
1185,3601,3
1185,3645,2
1185,2173,4
1183,3629,4
1183,3529,4
1176,1315,1
1176,1325,3
1176,1909,3
1176,2050,2
1176,2126,3
1176,3388,3
1176,2035,3
1176,1188,3
1174,1784,1
1171,3945,1
1170,3214,3
1170,2844,3
1168,3371,2
1168,2022,2
1160,3971,15
1160,3483,15
1160,3134,15
1160,2995,15
1160,2446,15
1160,2305,15
1160,2013,15
1160,1935,15
1160,1474,15
1157,3846,2
1157,3563,2
1155,2108,2
1154,1936,1
1153,1581,1
1153,3672,1
1153,2447,2
1153,4080,2
1152,2870,1
1150,2527,1
1148,2664,2
1148,1672,2
1147,3679,4
1147,2659,4
1147,2394,4
1146,1147,4
1146,2394,4
1146,2659,4
1146,3161,1
1146,3679,4
1146,3981,3
1145,3503,2
1145,1813,2
1139,1533,1
1137,1436,7
1137,1541,7
1137,2074,5
1137,2634,7
1137,2707,4
1137,3111,7
1134,1150,1
1134,1233,3
1134,1450,2
1134,1950,2
1134,2230,2
1134,2339,2
1134,2733,3
1134,2760,2
1134,3601,3
1134,3638,2
1130,1401,1
1129,3002,2
1129,3945,2
1129,3058,2
1125,2188,2
1125,1288,2
1122,2395,2
1122,3100,1
1122,3482,2
1119,1545,3
1118,2018,1
1113,4129,17
1113,3915,17
1113,3897,17
1113,3894,17
1113,3557,17
1113,2821,17
1113,2783,17
1113,2780,17
1113,2192,17
1113,1999,17
1113,1348,17
1113,1230,17
1108,3936,1
1100,2451,2
1100,1941,2
1099,2350,6
1099,2419,2
1099,2638,2
1099,3290,3
1099,3660,6
1099,3922,6
1099,4121,6
1098,1168,1
1096,2764,3
1096,1863,3
1096,1591,3
1095,3522,2
1095,1762,2
1092,2855,2
1092,4036,1
1092,3119,2
1087,3750,1
1086,2282,2
1086,3605,3
1086,2140,3
1086,3832,3
1082,3111,7
1082,2634,7
1082,1541,7
1082,1436,7
1082,1137,7
1078,1657,3
1078,1733,7
1078,2016,7
1078,2453,5
1078,2701,7
1078,2702,1
1078,2750,4
1078,3300,2
1078,3588,3
1078,3634,7
1078,3731,1
1078,3820,3
1078,3945,2
1076,2164,1
1075,1791,2
1075,3746,1
1075,3747,2
1075,4064,2
1072,1706,2
1072,2309,2
1072,3633,2
1070,1338,1
1067,3786,3
1067,3601,3
1067,2948,3
1066,1683,1
1063,1160,15
1063,1474,15
1063,1935,15
1063,2013,15
1063,2305,15
1063,2446,15
1063,2901,2
1063,2995,15
1063,3134,15
1063,3483,15
1063,3971,15
1061,2259,3
1056,2069,2
1056,1296,2
1055,2752,3
1055,1549,3
1051,4129,17
1051,3915,17
1051,3897,17
1051,3894,17
1051,3557,17
1051,2821,17
1051,2783,17
1051,2780,17
1051,2192,17
1051,1999,17
1051,1348,17
1051,1230,17
1051,1113,17
1048,1981,17
1048,2357,17
1048,3081,17
1048,3249,2
1048,3378,12
1048,3591,17
1048,3789,17
1048,3889,3
1048,1945,17
1048,2247,17
1048,3287,17
1048,1616,17
1048,2320,17
1044,1342,1
1044,2794,2
1044,2868,2
1044,3314,1
1041,4129,17
1041,3915,17
1041,3897,17
1041,3894,17
1041,3557,17
1041,2821,17
1041,2783,17
1041,2780,17
1041,2192,17
1041,1999,17
1041,1348,17
1041,1230,17
1041,1113,17
1041,1051,17
1040,2179,1
1036,2597,1
1036,3456,1
1034,3151,6
1034,3560,8
1034,3271,8
1034,2513,8
1034,1780,8
1034,1407,8
1034,1318,8
1033,1916,3
1033,3686,3
1033,2036,3
1033,1561,3
1031,3971,15
1031,3483,15
1031,3134,15
1031,2995,15
1031,2446,15
1031,2305,15
1031,2013,15
1031,1935,15
1031,1474,15
1031,1160,15
1031,1063,15
1027,1650,2
1026,1045,1
1024,1981,17
1024,2357,17
1024,3081,17
1024,3378,12
1024,3591,17
1024,3789,17
1024,3287,17
1024,2320,17
1024,2247,17
1024,1945,17
1024,1616,17
1024,1048,17
1023,1359,2
1022,2281,1
1020,3242,2
1020,2261,2
1019,3339,1
1015,2792,2
1015,1199,2
1014,1137,7
1014,2074,5
1014,2196,8
1014,2290,8
1014,2410,8
1014,2707,4
1014,2744,8
1014,2897,8
1014,3707,8
1014,3935,8
1013,2328,3
1006,3503,3
1006,1771,3
1006,1671,3
1004,3119,1
1002,4079,17
1002,3951,17
1002,3653,17
1002,3613,17
1002,3487,17
1002,3074,17
1002,2753,17
1002,2386,17
1002,2276,17
1002,2211,17
1002,1994,17
1002,1783,17
1002,1759,17
1002,1553,17
1002,1266,17
998,2263,1
996,2320,1
995,1680,3
995,2437,3
995,2883,2
995,2900,1
995,2917,3
995,3246,1
995,3593,3
992,1274,1
991,3069,1
986,1329,3
986,3413,3
986,3708,3
986,1507,3
985,2594,2
985,3840,3
985,3843,2
985,4080,3
985,3074,3
985,1288,3
981,2173,1
977,1545,3
977,1119,3
975,3193,2
975,3702,1
975,2502,4
975,1524,4
975,1231,4
973,2011,3
973,3686,4
973,2036,4
973,3312,4
973,2128,4
970,973,4
970,1263,3
970,2011,3
970,2175,2
970,2302,2
970,2497,2
970,3097,2
970,3146,2
970,3587,2
970,3618,1
970,3686,4
970,3312,4
970,2128,4
966,3770,2
966,3125,2
964,1086,2
957,2107,1
957,3898,1
951,2462,1
949,4154,1
945,2678,1
941,1170,3
941,3075,3
941,3214,3
941,3889,3
941,2320,3
936,1185,2
933,1274,1
932,3574,1
931,977,3
931,1119,3
931,1545,3
931,3840,3
925,1236,10
925,1804,2
925,2453,5
925,2999,10
925,4020,10
925,3264,10
925,2723,10
925,1722,10
918,1078,1
914,1183,4
914,1198,4
914,3629,4
914,3717,1
914,3529,4
914,1524,4
914,1231,4
913,1734,1
913,3629,4
913,1524,4
913,1233,4
913,1231,4
913,1198,4
909,2772,1
909,2112,2
905,1162,1
905,1260,2
905,2829,2
905,3733,2
905,1863,2
903,965,1
901,1418,1
901,1986,4
901,2640,4
901,2223,4
897,2086,1
897,2205,1
896,916,1
894,1244,2
894,1387,2
894,2111,1
894,3602,2
894,1760,2
891,1967,2
891,3454,2
891,3623,2
890,3767,2
886,3303,1
885,3603,9
885,3550,9
885,3491,9
885,3318,9
885,3312,9
885,3087,9
885,1777,9
885,1187,9
878,2758,3
878,2754,3
878,2281,3
876,3031,3
876,2273,3
876,2258,3
872,965,1
866,1264,3
866,2932,2
866,3355,2
866,3568,3
866,3699,1
866,3716,1
866,3830,1
866,1231,3
863,3938,3
862,3938,3
862,863,3
861,981,1
852,2173,1
851,1533,1
850,3319,1
850,3846,1
849,2173,1
847,3789,17
847,3591,17
847,3287,17
847,3081,17
847,2357,17
847,2320,17
847,2247,17
847,1981,17
847,1945,17
847,1616,17
847,1048,17
847,1024,17
846,1155,2
846,1401,2
846,1939,2
846,2108,2
846,3844,2
846,1946,2
845,3920,1
844,2417,2
844,995,2
842,2055,1
841,2105,1
841,3891,2
840,1321,2
839,841,2
839,890,2
839,3767,2
839,3891,2
838,2720,2
838,2175,2
830,3464,1
826,845,2
825,2397,1
825,3030,1
825,3981,2
825,3209,2
820,3304,1
819,1044,1
816,947,1
816,2919,1
816,3058,2
816,3290,3
816,3903,3
816,866,3
816,4020,3
816,3264,3
812,3855,1
812,2510,1
812,1129,1
809,2510,1
804,1412,2
804,1198,2
803,1640,1
803,1840,1
802,1321,2
802,840,2
801,1951,1
801,4084,1
800,1987,3
800,1762,3
800,1690,3
799,936,2
799,1185,4
799,1656,1
799,1733,7
799,2016,7
799,2048,5
799,2701,7
799,3327,5
799,3634,7
799,3841,4
799,3874,6
799,1078,7
799,2723,7
796,797,1
796,1041,17
796,1051,17
796,1113,17
796,1348,17
796,1999,17
796,2192,17
796,2780,17
796,2783,17
796,2821,17
796,3557,17
796,3894,17
796,3897,17
796,3915,17
796,4129,17
796,1230,17
795,1273,1
795,1525,1
795,3115,1
794,2932,2
794,866,2
792,986,3
792,1298,2
792,1329,3
792,1507,3
792,3413,3
792,3708,3
791,2009,3
791,2817,2
791,2228,3
790,2539,3
790,2542,3
790,3667,2
790,2537,3
789,3937,6
789,3498,6
789,3180,6
789,2730,6
789,2373,6
786,2568,1
785,3151,6
785,3560,8
785,3271,8
785,2513,8
785,1780,8
785,1407,8
785,1318,8
785,1034,8
784,2935,1
784,3264,2
783,840,1
782,3860,2
782,2825,2
782,1472,2
781,4109,2
781,3792,2
780,3940,1
776,1236,10
776,2999,10
776,3327,5
776,799,7
776,4020,10
776,3264,10
776,2723,10
776,1722,10
776,925,10
775,776,10
775,925,10
775,1236,10
775,1722,10
775,2999,10
775,3264,10
775,4020,10
775,2173,4
775,1078,7
775,2723,10
773,4070,1
773,3154,1
768,1977,2
767,2489,4
767,2278,4
767,2189,4
767,1194,4
766,2126,1
762,3938,2
762,3720,2
761,1015,1
760,2841,1
759,3536,2
759,2804,2
758,3056,2
758,2864,2
750,1110,1
750,1952,2
750,2018,2
750,3396,1
750,3816,2
750,3546,2
750,1231,2
749,1898,2
749,1440,2
749,2284,2
747,3945,1
746,755,1
746,789,6
746,1264,3
746,1867,3
746,2373,6
746,2730,6
746,2874,2
746,3068,1
746,3180,6
746,3498,6
746,3937,6
744,3217,1
744,3903,1
741,1643,2
741,1023,2
741,2721,2
736,2669,3
736,4109,3
736,3792,3
735,2824,2
735,2628,2
734,1434,1
734,2193,2
734,3131,2
734,4121,3
734,3660,3
734,2074,3
729,2972,2
721,3003,2
721,2861,2
716,1263,3
716,1520,4
716,2183,1
716,2307,2
716,2668,4
716,3473,4
716,1561,4
716,2036,4
710,3990,2
710,3338,2
710,1669,2
709,1695,1
707,1014,8
707,1137,7
707,2074,5
707,2196,8
707,2290,8
707,2410,8
707,2707,4
707,2744,8
707,2897,8
707,3227,2
707,3707,8
707,3832,3
707,3935,8
704,1061,3
704,2259,3
704,1329,3
696,1952,1
691,4145,2
690,3938,3
690,863,3
690,862,3
686,3264,2
686,784,2
683,1768,2
683,1766,2
680,2836,1
680,3301,1
675,1632,2
673,1002,17
673,1423,1
673,1482,4
673,1783,17
673,2039,7
673,2386,17
673,2550,7
673,2667,1
673,3487,17
673,2211,17
673,3653,17
673,3951,17
673,1759,17
673,4079,17
673,1266,17
673,3613,17
673,3074,17
673,2753,17
673,2276,17
673,1994,17
673,1553,17
671,1707,7
671,2133,3
671,2947,7
671,2550,7
671,2276,7
671,2039,7
671,1553,7
666,3903,1
665,3656,2
665,2164,2
665,673,2
660,2798,3
660,2128,3
660,1916,3
659,3893,1
658,2246,2
658,1841,2
656,1400,4
656,1585,4
656,2483,4
656,3503,3
656,3616,3
656,3804,2
656,4073,3
656,2518,4
656,3673,4
656,3415,4
656,2516,4
650,2417,2
650,844,2
648,3569,1
648,1682,1
647,3244,2
641,928,1
635,2054,1
635,3159,2
635,975,2
632,3244,2
632,1961,2
628,4109,1
627,3263,2
626,1320,11
626,2837,11
626,2846,11
626,2996,11
626,3106,11
626,3637,11
626,2173,4
626,3603,11
619,792,3
619,975,4
619,986,3
619,1507,3
619,3407,4
619,3568,3
619,3415,4
619,1231,4
617,2547,2
617,1594,2
616,3603,9
616,3550,9
616,3491,9
616,3318,9
616,3312,9
616,3087,9
616,1777,9
616,1187,9
616,885,9
612,2481,1
612,3681,1
612,2367,2
612,1748,2
610,2173,1
604,2133,3
604,3492,1
604,3968,1
604,4136,1
604,1553,3
604,671,3
603,4101,2
603,2210,2
600,4129,17
600,3915,17
600,3897,17
600,3894,17
600,3557,17
600,2821,17
600,2783,17
600,2780,17
600,2192,17
600,1999,17
600,1348,17
600,1230,17
600,1113,17
600,1051,17
600,1041,17
600,796,17
596,3971,15
596,3483,15
596,3134,15
596,2995,15
596,2446,15
596,2305,15
596,2013,15
596,1935,15
596,1474,15
596,1160,15
596,1063,15
596,1031,15
590,3971,15
590,3483,15
590,3134,15
590,2995,15
590,2446,15
590,2305,15
590,2013,15
590,1935,15
590,1474,15
590,1160,15
590,1063,15
590,1031,15
590,596,15
589,2009,3
589,791,3
588,2530,2
588,1303,2
587,3860,2
587,782,2
586,966,2
586,3379,1
586,1939,2
585,3987,6
585,3874,6
585,3778,6
585,3769,6
585,2303,6
584,2720,3
582,3073,1
579,768,2
579,1340,2
579,1977,2
579,3883,2
577,2892,2
577,2885,2
575,2917,2
575,2638,2
574,1556,1
571,1792,2
570,3971,15
570,3483,15
570,3134,15
570,2995,15
570,2446,15
570,2305,15
570,2013,15
570,1935,15
570,1474,15
570,1160,15
570,1063,15
570,1031,15
570,596,15
570,590,15
566,1245,1
562,1759,1
561,3790,3
561,3593,3
561,1937,3
559,2339,2
559,1527,2
559,3405,2
559,1134,2
558,1627,1
557,2241,2
557,2888,1
557,3154,3
557,970,3
554,2406,1
553,2742,1
553,1659,1
552,1957,2
552,2037,2
552,2349,2
552,2942,2
549,3157,2
549,1933,2
545,1937,1
542,3355,2
542,2337,2
538,2222,1
538,1537,1
537,1472,2
536,2009,3
536,791,3
536,589,3
535,2134,1
534,2281,1
527,2043,2
523,584,3
523,1195,1
523,1682,3
523,1946,3
523,3876,2
523,619,4
523,1231,4
517,3733,2
517,1994,2
515,3420,1
514,3151,6
514,3560,8
514,3271,8
514,2513,8
514,1780,8
514,1407,8
514,1318,8
514,1034,8
514,785,8
513,571,2
513,2167,1
513,2418,1
513,1792,2
509,2263,1
501,3058,1
497,704,3
497,1061,3
497,1806,4
497,2259,3
497,2502,4
497,2603,2
497,2734,4
497,2992,4
497,3037,1
497,4117,4
496,1665,3
495,1196,3
495,2319,2
495,2140,3
495,1086,3
495,3832,3
495,816,3
492,641,1
489,1611,2
488,1883,2
488,1832,2
487,2356,1
482,3546,1
481,995,1
480,2241,2
480,557,2
479,964,2
479,2134,1
479,2282,2
479,3605,3
479,1086,3
475,2074,4
475,1014,4
475,707,4
473,3613,1
470,4079,17
470,3951,17
470,3653,17
470,3613,17
470,3487,17
470,3074,17
470,2753,17
470,2386,17
470,2276,17
470,2211,17
470,1994,17
470,1783,17
470,1759,17
470,1553,17
470,1266,17
470,1002,17
470,673,17
465,2709,3
465,1760,3
464,2454,1
462,1000,1
462,1013,3
462,1311,2
462,1326,1
462,1708,4
462,1830,4
462,3005,4
462,3010,4
462,3403,2
462,2328,4
458,1467,3
458,1543,2
458,2455,2
458,3597,3
458,3253,3
457,801,1
455,1760,1
454,926,1
454,1253,1
454,1425,1
454,1427,3
454,1510,2
454,2894,1
454,2094,3
454,1524,3
453,3695,2
453,1902,2
452,3529,3
452,1183,3
452,914,3
445,1499,1
444,3971,15
444,3483,15
444,3134,15
444,2995,15
444,2446,15
444,2305,15
444,2013,15
444,1935,15
444,1474,15
444,1160,15
444,1063,15
444,1031,15
444,596,15
444,590,15
444,570,15
443,1359,2
443,1023,2
441,2154,1
439,3058,2
439,2164,2
437,454,1
433,3377,2
432,770,1
432,839,2
432,909,2
432,1352,1
432,1664,2
432,1769,1
432,2112,2
432,2152,2
432,2220,2
432,2329,2
432,3338,2
432,3419,2
432,3788,2
432,4139,2
430,1282,2
430,1744,2
430,3598,1
426,4129,17
426,3915,17
426,3897,17
426,3894,17
426,3557,17
426,2821,17
426,2783,17
426,2780,17
426,2192,17
426,1999,17
426,1348,17
426,1230,17
426,1113,17
426,1051,17
426,1041,17
426,796,17
426,600,17
423,2756,3
423,1589,3
423,3289,3
423,1937,3
420,749,2
420,868,1
420,1898,2
420,1984,2
420,3186,1
418,635,1
417,2585,2
417,2913,2
417,619,2
415,990,1
415,2589,1
413,1753,2
412,2947,7
412,2550,7
412,2276,7
412,2039,7
412,1707,7
412,1553,7
412,671,7
411,3846,2
411,3467,2
409,1697,2
409,2512,1
409,2811,3
409,2284,3
409,2094,3
407,847,17
407,1981,17
407,2357,17
407,3081,17
407,3378,12
407,3591,17
407,3789,17
407,3287,17
407,2320,17
407,2247,17
407,1945,17
407,1616,17
407,1048,17
407,1024,17
406,2339,1
405,847,17
405,1981,17
405,2357,17
405,3081,17
405,3378,12
405,3591,17
405,3789,17
405,3287,17
405,2320,17
405,2247,17
405,1945,17
405,1616,17
405,1048,17
405,1024,17
405,407,17
403,1045,1
403,3489,1
402,3176,2
402,1705,2
398,2866,3
398,2671,3
396,1529,1
395,914,4
395,1092,2
395,1183,4
395,1368,2
395,3119,2
395,3629,4
395,3788,2
395,3848,3
395,3903,4
395,3529,4
392,2173,2
392,775,2
383,840,2
383,3378,12
383,2320,12
383,2247,12
383,1945,12
383,1616,12
383,1048,12
383,1024,12
383,407,12
383,405,12
380,4121,6
380,3922,6
380,3660,6
380,2350,6
380,1099,6
378,3520,2
378,2985,2
378,586,2
377,3883,2
377,579,2
376,2985,2
376,378,2
375,3599,2
375,3321,2
371,4022,1
368,941,1
366,383,12
366,847,17
366,1981,17
366,2357,17
366,3081,17
366,3378,12
366,3591,17
366,3789,17
366,3287,17
366,2320,17
366,2247,17
366,1945,17
366,1616,17
366,1048,17
366,1024,17
366,407,17
366,405,17
364,1013,3
364,4137,4
364,2408,2
364,462,4
364,3010,4
364,2328,4
362,2752,3
362,1549,3
362,1055,3
361,2453,1
356,1027,2
356,1650,2
356,1841,2
356,2938,1
356,4026,1
356,4020,2
356,816,2
354,4020,10
354,3264,10
354,2999,10
354,2723,10
354,1722,10
354,1236,10
354,925,10
354,776,10
354,775,10
353,3486,4
353,3172,4
353,1888,4
353,1384,4
351,3656,2
351,3963,1
351,673,2
351,665,2
347,1362,2
347,3358,2
347,3193,2
344,3818,2
344,3479,2
343,2445,1
339,1520,4
339,2668,4
339,3209,3
339,3981,3
339,1561,4
339,2036,4
339,716,4
337,3726,1
336,3913,2
336,3810,2
335,1733,7
335,2016,7
335,3634,7
335,3841,4
335,2701,7
335,1078,7
335,799,7
333,3978,1
332,902,1
332,1322,2
332,1472,2
332,1892,1
332,2902,2
332,2946,1
332,3312,2
331,2074,4
331,1014,4
331,707,4
331,475,4
330,1665,3
330,496,3
328,657,1
327,2462,1
326,1632,2
326,675,2
323,2327,1
323,3124,2
323,2043,2
323,2015,2
321,2276,1
320,3874,2
320,1568,2
316,2454,1
313,3698,2
313,1265,2
312,3951,3
312,3613,3
312,3487,3
311,383,12
311,847,17
311,1981,17
311,2357,17
311,3081,17
311,3378,12
311,3591,17
311,3789,17
311,3287,17
311,2320,17
311,2247,17
311,1945,17
311,1616,17
311,1048,17
311,1024,17
311,407,17
311,405,17
311,366,17
310,3844,1
308,3770,2
308,3125,2
306,2401,3
306,1276,3
306,1263,3
301,3645,2
301,1593,2
301,1185,2
299,3086,4
299,2202,4
299,1879,4
296,1280,1
296,2221,1
296,3689,1
296,3994,1
293,3189,2
293,2417,2
289,3637,11
289,3603,11
289,3106,11
289,2996,11
289,2846,11
289,2837,11
289,1320,11
289,626,11
285,1944,1
283,4105,4
283,2786,4
283,2516,4
280,1885,1
279,2198,1
277,3029,1
276,3386,1
274,2638,2
273,875,1
273,1948,1
271,1402,1
270,2215,1
268,3170,3
268,2412,3
268,2220,3
266,3317,1
265,299,4
265,1218,3
265,3086,4
265,2202,4
265,1879,4
261,4098,3
261,2968,3
261,2842,3
259,4021,4
259,1879,4
259,2022,4
259,2953,4
259,746,4
259,3987,4
256,527,2
256,4037,2
256,3956,2
253,733,1
253,3896,4
253,3103,4
253,2320,4
252,2349,1
249,2336,2
249,3844,3
249,1231,3
249,523,3
248,2477,2
248,2318,2
246,3304,1
242,3903,1
241,2284,1
237,1033,1
236,1366,1
236,2557,1
236,1760,3
236,1680,3
236,1134,3
235,3601,3
235,1233,3
235,1134,3
234,4025,1
232,1168,1
231,3237,2
231,1663,2
228,386,1
228,1446,2
219,1753,2
219,413,2
216,1524,1
214,1101,1
214,2564,1
212,975,1
211,3180,1
210,1409,1
207,3419,1
205,1072,1
204,3358,2
204,2798,2
202,465,3
202,736,3
202,1264,3
202,2228,3
202,3792,3
202,4109,3
202,2709,3
198,3386,1
198,3539,2
198,3638,2
197,2839,1
196,283,4
196,1579,1
196,2786,4
196,4105,4
196,2516,4
195,1951,1
195,1967,1
194,3264,2
193,2504,2
192,3326,3
192,3743,3
192,3613,3
192,3407,3
190,627,2
190,901,4
190,1291,2
190,1577,2
190,1940,3
190,1986,4
190,2069,3
190,2223,4
190,2640,4
190,3157,2
190,3263,2
190,3446,2
190,3705,3
190,3853,2
189,1746,4
189,2024,1
189,2571,4
189,2602,4
189,2985,2
189,2953,4
188,3377,2
188,433,2
184,4121,6
184,3922,6
184,3660,6
184,2350,6
184,1099,6
184,380,6
182,677,1
182,1867,3
182,746,3
175,2790,2
175,1440,2
173,1611,2
173,489,2
172,2178,2
172,2830,2
172,3710,2
172,2130,2
171,3142,1
171,2068,1
170,1950,1
169,3637,11
169,3603,11
169,3106,11
169,2996,11
169,2846,11
169,2837,11
169,1320,11
169,626,11
169,289,11
167,3763,2
167,1680,2
166,253,4
166,578,1
166,3103,4
166,3896,4
166,2861,4
166,2320,4
166,523,4
161,3129,1
159,2864,1
153,182,3
153,259,4
153,332,2
153,1867,3
153,1879,4
153,2022,4
153,2874,2
153,3308,1
153,3723,3
153,4021,4
153,746,4
153,3312,4
150,745,1
150,2123,2
150,3556,2
148,845,2
148,826,2
143,1183,1
142,2477,1
141,1446,2
141,228,2
139,3371,2
139,1168,2
138,3623,2
138,891,2
135,2866,3
135,2671,3
135,398,3
134,3920,1
132,1874,2
132,1877,2
132,1248,2
127,3153,2
127,3587,2
127,2015,2
124,2579,2
124,2140,2
121,3634,7
121,2701,7
121,2016,7
121,1733,7
121,1078,7
121,799,7
121,335,7
119,1575,2
119,1854,2
119,2462,2
119,3095,2
118,3539,2
118,198,2
116,2774,1
115,2798,1
113,3745,1
112,691,2
112,3036,3
112,4145,2
112,4154,2
112,1537,3
112,2802,3
109,1027,2
109,2825,2
109,2844,2
109,356,2
108,3477,1
104,957,1
103,194,2
103,537,2
103,585,6
103,2303,6
103,2453,5
103,3769,6
103,3778,6
103,3987,6
103,3874,6
103,1078,6
103,775,6
100,3768,1
94,1258,1
94,1339,2
94,1918,1
94,1937,3
94,2294,2
94,2626,3
94,3125,3
94,3644,2
94,3787,3
94,3936,3
94,4157,3
94,3770,3
90,1510,2
90,454,2
89,3111,7
89,2634,7
89,1541,7
89,1436,7
89,1137,7
89,1082,7
88,274,2
88,3744,1
88,2638,2
88,1099,2
87,149,1
87,2616,1
87,3255,2
87,3355,2
87,2281,2
85,330,3
85,496,3
85,557,3
85,729,2
85,1563,4
85,1620,2
85,1636,4
85,1665,3
85,1720,4
85,2143,1
85,2241,2
85,2972,2
85,3278,2
85,3279,2
85,3651,3
85,3726,2
85,3890,2
85,3965,4
85,3984,2
80,323,1
78,2173,1
73,1240,1
72,2374,3
72,2216,3
72,1561,3
71,2317,1
71,3448,1
69,3718,1
67,3637,11
67,3603,11
67,3106,11
67,2996,11
67,2846,11
67,2837,11
67,1320,11
67,626,11
67,289,11
67,169,11
65,354,10
65,479,3
65,523,4
65,584,3
65,775,10
65,776,10
65,925,10
65,1236,10
65,1539,2
65,1722,10
65,2720,3
65,2750,4
65,2999,10
65,3264,10
65,3876,2
65,4020,10
65,1078,7
65,2723,10
60,2022,2
60,1784,2
59,2170,1
59,2963,1
57,1036,1
56,2437,1
54,3005,4
54,2328,4
54,1830,4
54,462,4
53,1577,2
53,190,2
51,432,1
48,2626,1
46,2537,1
40,3111,7
40,2634,7
40,1541,7
40,1436,7
40,1137,7
40,1082,7
40,89,7
38,1409,1
34,3637,11
34,3603,11
34,3106,11
34,2996,11
34,2846,11
34,2837,11
34,1320,11
34,626,11
34,289,11
34,169,11
34,67,11
32,3770,3
32,3196,3
32,3125,3
31,193,2
31,1979,3
31,2981,3
31,1554,3
31,153,3
28,3074,2
28,2365,2
27,1343,1
24,2603,2
24,1306,2
24,497,2
19,3981,2
19,339,2
18,1750,2
18,2407,2
18,432,2
16,647,2
16,2553,3
16,3441,2
16,3244,3
16,2721,3
15,383,12
15,847,17
15,1981,17
15,2357,17
15,3081,17
15,3378,12
15,3591,17
15,3789,17
15,3287,17
15,2320,17
15,2247,17
15,1945,17
15,1616,17
15,1048,17
15,1024,17
15,407,17
15,405,17
15,366,17
15,311,17
13,1821,1
12,1894,2
12,2709,2
12,1412,2
10,525,1
3,4042,1
2,2036,3
2,2035,3
2,1828,3
