4128,4134,2
4066,4087,2
4024,4034,4
4006,4014,6
4003,4020,4
3974,3986,1
3970,4028,5
3965,4083,5
3964,4105,4
3959,4003,3
3957,4089,1
3951,4011,28
3930,4018,1
3915,4129,18
3894,4129,18
3894,3915,18
3867,4044,1
3866,3937,1
3857,4110,1
3848,3934,3
3847,3883,2
3844,3972,2
3844,4102,3
3840,3843,1
3840,4080,3
3824,4052,6
3820,3964,2
3816,3844,2
3813,4105,6
3810,3913,4
3808,4005,4
3803,4047,2
3802,4040,2
3801,3966,1
3800,3930,3
3792,4109,4
3787,3936,3
3783,4140,3
3778,3987,6
3777,4009,1
3776,4103,1
3769,3987,6
3769,3778,6
3768,3862,2
3764,3803,3
3764,4046,2
3764,4047,2
3763,3803,2
3763,3842,2
3760,4086,2
3754,4052,6
3754,3824,6
3753,3798,3
3748,3856,3
3743,3775,2
3743,3959,3
3743,4003,4
3729,4030,3
3728,3939,4
3728,4016,1
3725,3828,3
3723,4013,2
3720,3938,3
3715,4026,3
3714,3964,4
3714,3951,28
3714,4011,28
3712,3753,1
3699,3976,2
3697,4109,3
3691,4052,6
3691,3824,6
3691,3754,6
3686,3692,4
3683,3827,4
3671,4015,3
3660,3782,8
3657,3764,2
3639,3665,1
3635,3783,3
3634,3728,8
3629,3853,2
3629,4024,4
3629,4034,4
3625,3762,10
3624,3853,2
3610,3684,2
3597,3930,4
3592,3919,2
3591,3789,20
3585,4100,2
3583,3955,4
3582,3980,3
3558,3589,1
3558,3848,2
3557,4129,18
3557,3915,18
3557,3894,18
3550,3762,10
3550,3625,10
3547,3898,2
3546,3616,1
3546,3558,2
3541,3705,5
3535,3755,1
3529,3629,4
3529,3808,4
3529,3862,2
3529,4005,4
3529,4034,4
3527,3803,3
3522,3765,3
3521,4015,2
3521,3651,2
3520,3919,3
3518,3649,2
3510,3782,8
3510,3660,8
3503,3678,2
3503,3845,2
3500,3604,2
3500,3761,3
3498,3937,5
3495,3963,2
3490,3648,4
3488,3555,9
3486,3934,4
3482,4014,6
3482,4006,6
3478,3898,2
3478,3547,2
3470,3522,2
3453,3535,1
3452,3536,1
3446,3705,2
3444,4005,1
3442,3990,2
3437,4062,1
3434,4035,1
3427,3626,2
3419,4093,1
3419,3777,3
3416,3820,2
3415,3764,3
3415,4049,3
3411,3802,2
3411,4040,2
3409,4052,6
3409,3824,6
3409,3754,6
3409,3691,6
3407,3657,2
3407,3959,3
3407,4003,4
3407,4074,1
3407,3415,4
3407,3743,4
3404,3966,1
3401,3825,3
3400,3415,4
3400,3661,3
3400,3674,5
3400,3840,4
3395,3876,2
3387,3400,5
3387,3680,2
3387,3813,6
3387,3840,4
3387,3964,4
3387,4105,6
3387,4108,3
3387,3951,28
3387,3714,28
3387,4011,28
3386,3509,1
3384,4130,1
3373,4001,1
3360,3468,1
3360,3627,1
3354,3651,2
3341,3981,2
3337,3810,4
3337,3913,4
3333,3597,1
3328,3787,2
3320,3796,2
3315,3733,5
3315,4011,9
3314,4155,3
3310,4024,4
3310,4034,4
3310,3629,4
3307,4014,6
3307,4006,6
3307,3482,6
3296,4003,1
3293,3833,1
3287,3442,4
3287,3591,20
3287,3789,20
3286,3538,3
3283,4011,28
3283,3951,28
3283,3714,28
3283,3387,28
3275,3763,2
3274,3763,1
3273,4020,9
3272,3761,3
3272,3500,3
3271,3490,4
3271,3648,4
3264,3273,9
3264,4020,9
3260,3415,4
3260,3583,4
3260,3661,3
3260,3955,4
3260,4053,4
3260,3400,4
3260,3728,4
3253,3930,4
3253,3597,4
3253,4015,3
3253,3733,4
3250,3447,3
3228,3534,2
3224,4026,3
3224,3715,3
3223,3398,2
3214,3881,4
3213,3412,1
3207,3759,1
3207,3407,4
3207,3400,4
3207,3387,4
3206,4011,28
3206,3951,28
3206,3714,28
3206,3387,28
3206,3283,28
3205,3503,1
3203,3208,2
3203,3228,2
3203,3419,3
3203,3534,2
3203,3264,3
3202,4013,2
3202,3886,1
3202,3723,2
3200,3403,3
3198,3260,2
3188,4094,1
3181,3403,3
3181,3200,3
3180,3498,5
3180,3937,5
3179,3934,3
3174,4011,28
3174,3951,28
3174,3714,28
3174,3387,28
3174,3283,28
3174,3206,28
3173,3555,9
3173,3488,9
3169,3250,2
3168,3287,20
3168,3378,17
3168,3591,20
3168,3789,20
3163,3932,1
3160,3340,3
3157,3466,1
3155,3271,5
3154,3494,3
3154,3683,4
3154,3723,3
3153,3587,1
3149,3887,1
3146,3520,2
3143,3167,2
3143,3771,1
3135,3937,5
3135,3498,5
3135,3180,5
3132,3805,2
3130,3246,3
3129,3626,2
3129,3427,2
3128,3548,3
3127,3941,7
3126,3707,15
3125,3196,1
3125,3581,1
3125,3936,2
3123,3287,20
3123,3378,17
3123,3591,20
3123,3789,20
3123,3168,20
3120,3155,5
3120,3271,5
3120,3768,2
3120,3769,6
3120,3778,6
3120,3862,2
3120,3987,6
3117,3965,2
3104,3250,2
3102,4005,1
3097,3516,2
3095,3671,3
3095,3695,3
3095,4015,3
3092,3692,4
3092,3686,4
3087,3762,10
3087,3625,10
3087,3550,10
3084,3529,2
3081,3789,20
3081,3591,20
3081,3287,20
3081,3168,20
3081,3123,20
3074,3400,5
3074,3743,5
3074,3840,4
3074,4080,3
3074,4112,1
3074,3174,28
3074,3206,28
3074,3283,28
3074,3951,28
3074,3714,28
3074,3387,28
3074,4011,28
3073,3834,2
3063,3644,2
3061,4105,4
3061,3964,4
3061,3387,4
3054,3762,10
3054,3625,10
3054,3550,10
3054,3087,10
3053,3154,1
3047,4086,1
3046,3538,1
3045,3108,1
3043,3686,2
3041,3415,3
3041,3407,3
3037,3485,1
3037,3622,1
3036,3469,2
3035,4102,3
3030,3071,3
3029,4155,2
3029,3387,2
3027,3378,17
3027,3168,17
3027,3123,17
3010,3066,3
3010,4137,4
3007,3919,1
3003,4060,2
3002,4150,2
2999,4020,9
2999,3273,9
2999,3264,9
2998,3707,15
2998,3126,15
2995,3231,12
2981,3727,2
2977,3171,4
2977,3180,5
2977,3253,4
2977,3315,9
2977,3733,5
2977,4011,9
2967,3575,3
2966,3417,3
2964,3264,3
2961,3782,8
2961,3660,8
2961,3510,8
2959,4028,5
2959,3970,5
2957,3250,4
2956,3836,1
2954,3114,2
2953,3987,6
2953,3120,6
2953,2977,6
2952,3517,4
2951,3094,2
2945,2946,2
2944,3106,8
2928,3834,2
2928,3073,2
2927,4042,1
2926,3574,2
2926,4042,1
2923,3223,2
2923,3398,2
2918,3251,3
2914,4008,2
2913,3725,3
2913,3828,3
2910,3606,3
2899,3936,3
2897,3707,15
2897,3126,15
2897,2998,15
2895,3755,1
2893,3156,1
2892,3758,1
2890,3142,1
2890,3528,1
2890,3728,2
2883,3905,1
2881,3059,3
2876,3154,2
2868,3881,3
2867,3027,17
2867,3081,20
2867,3287,20
2867,3378,17
2867,3591,20
2867,3789,20
2867,3168,20
2867,3123,20
2865,4150,2
2865,3002,2
2864,3362,2
2863,4108,3
2863,3387,3
2861,3003,2
2861,3518,2
2861,3649,2
2861,4060,3
2861,3686,4
2860,3938,3
2860,3720,3
2859,2864,2
2858,3286,3
2858,3538,3
2852,3881,1
2848,2876,1
2847,3474,1
2846,3106,8
2846,2944,8
2844,2912,2
2844,3844,3
2841,3728,2
2841,2890,2
2832,3441,2
2829,3107,1
2823,2940,1
2822,4034,2
2822,3529,2
2819,3490,4
2819,3648,4
2819,3271,5
2819,3155,5
2813,3803,3
2813,3527,3
2809,3251,3
2809,2918,3
2806,3331,2
2806,3947,2
2804,3536,2
2800,3489,1
2799,3677,1
2797,3763,2
2797,3275,2
2795,3680,2
2795,3387,2
2794,2868,3
2794,2876,2
2794,3856,3
2787,3734,2
2783,4129,18
2783,3915,18
2783,3894,18
2783,3557,18
2782,4129,18
2782,3915,18
2782,3894,18
2782,3557,18
2782,2783,18
2780,4129,18
2780,3915,18
2780,3894,18
2780,3557,18
2780,2783,18
2780,2782,18
2779,3805,2
2779,3132,2
2776,3027,17
2776,3081,20
2776,3287,20
2776,3378,17
2776,3591,20
2776,3789,20
2776,3168,20
2776,3123,20
2776,2867,20
2774,3920,2
2772,3530,3
2771,3036,2
2767,3106,8
2767,2944,8
2767,2846,8
2766,4078,2
2763,3844,3
2761,4001,2
2761,3514,2
2755,2882,3
2754,2758,3
2753,3072,3
2753,3431,2
2753,3475,3
2753,3547,2
2753,3174,28
2753,3206,28
2753,3283,28
2753,3951,28
2753,3714,28
2753,3387,28
2753,3074,28
2753,4011,28
2751,3865,3
2744,3707,15
2744,3126,15
2744,2998,15
2744,2897,15
2740,2757,2
2736,3980,3
2736,3582,3
2731,3553,2
2731,3609,1
2730,3937,5
2730,3498,5
2730,3180,5
2730,3135,5
2728,3683,2
2728,3154,2
2722,3946,1
2721,3981,3
2720,4015,2
2719,3825,3
2719,3401,3
2715,2992,1
2711,2961,8
2711,3510,8
2711,3660,8
2711,3782,8
2710,3064,1
2706,3441,1
2700,3936,1
2698,3597,2
2694,3412,1
2693,3400,2
2692,2725,2
2691,3437,2
2689,3699,1
2685,3433,2
2681,3651,1
2675,3021,2
2675,3272,3
2675,3604,2
2675,3761,3
2675,3500,3
2669,4109,4
2669,3792,4
2664,2691,3
2664,3267,2
2664,3405,2
2663,3666,3
2662,3401,2
2657,3404,1
2657,4133,2
2656,4053,4
2654,4052,6
2654,3824,6
2654,3754,6
2654,3691,6
2654,3409,6
2652,4075,3
2643,2712,1
2643,3122,2
2643,4078,2
2643,4122,2
2637,3161,1
2637,3301,1
2637,3326,3
2637,3926,2
2634,3941,7
2634,3127,7
2628,2824,3
2621,3883,2
2615,3235,2
2610,3544,3
2609,3687,1
2609,2731,2
2604,4105,6
2604,3813,6
2604,3387,6
2602,2977,6
2602,2953,6
2596,3230,1
2596,2731,1
2593,3827,4
2584,3885,1
2581,3229,1
2580,4134,2
2580,4128,2
2579,3033,2
2578,3638,1
2575,3555,9
2575,3488,9
2575,3173,9
2573,4030,3
2573,3729,3
2572,2977,3
2572,2953,3
2568,3112,3
2563,3834,1
2562,2683,4
2562,3748,3
2562,3968,2
2562,3387,4
2561,3565,2
2559,2844,2
2553,2721,1
2552,2872,1
2550,3315,9
2550,4011,9
2550,2977,9
2549,3555,9
2549,3488,9
2549,3173,9
2549,2575,9
2548,3438,1
2547,2809,3
2545,3070,1
2545,2731,2
2543,3918,2
2541,3667,1
2540,3021,1
2536,3267,2
2536,2664,2
2533,3558,1
2532,3411,2
2529,4046,2
2529,3764,2
2525,2762,4
2525,2990,2
2525,3546,2
2522,2754,3
2522,3255,2
2522,4015,3
2521,2544,1
2520,3678,2
2520,4050,1
2520,3437,2
2516,2604,6
2516,2693,2
2516,3207,4
2516,3260,4
2516,3374,2
2516,3400,5
2516,3415,4
2516,3583,4
2516,3674,5
2516,3813,6
2516,4105,6
2516,3728,6
2516,3387,6
2515,2713,2
2515,3414,1
2513,3271,5
2513,3155,5
2513,2819,5
2505,3250,3
2504,3042,1
2501,4053,4
2501,2656,4
2500,3921,2
2497,3146,1
2496,4028,5
2496,3970,5
2496,2959,5
2495,2861,1
2486,4133,2
2486,2657,2
2484,3252,2
2479,3686,3
2476,2685,2
2476,2965,3
2476,3530,3
2476,3881,3
2475,4053,4
2475,2656,4
2475,2501,4
2471,4133,2
2468,2882,3
2468,2755,3
2467,3580,3
2457,2546,1
2457,2607,1
2457,2914,2
2457,4015,3
2455,3930,4
2455,3597,4
2452,2952,4
2452,3517,4
2451,3919,4
2450,3176,1
2450,2515,1
2448,3845,2
2439,3839,1
2435,2883,1
2429,3027,17
2429,3081,20
2429,3287,20
2429,3378,17
2429,3591,20
2429,3789,20
2429,3168,20
2429,3123,20
2429,2867,20
2429,2776,20
2428,2869,2
2428,2954,2
2428,3114,2
2428,3839,2
2428,3723,3
2428,3154,3
2426,3260,2
2420,3167,1
2419,2711,2
2417,3189,3
2416,2675,3
2416,3500,3
2414,3651,3
2413,3520,3
2412,3170,3
2410,3707,15
2410,3126,15
2410,2998,15
2410,2897,15
2410,2744,15
2405,2745,1
2405,2943,2
2405,3271,5
2405,3155,5
2405,3120,5
2403,3507,1
2399,3707,15
2399,3126,15
2399,2998,15
2399,2897,15
2399,2744,15
2399,2410,15
2398,3707,15
2398,3126,15
2398,2998,15
2398,2897,15
2398,2744,15
2398,2410,15
2398,2399,15
2395,4014,6
2395,4006,6
2395,3482,6
2395,3307,6
2393,4052,6
2393,3824,6
2393,3754,6
2393,3691,6
2393,3409,6
2393,2654,6
2390,3238,2
2388,2522,1
2386,4011,28
2386,3951,28
2386,3714,28
2386,3387,28
2386,3283,28
2386,3206,28
2386,3174,28
2386,3074,28
2386,2753,28
2381,3438,1
2380,2861,1
2374,2923,5
2372,3661,3
2372,3400,3
2372,3260,3
2371,2923,4
2370,3666,3
2370,2663,3
2369,3707,15
2369,3126,15
2369,2998,15
2369,2897,15
2369,2744,15
2369,2410,15
2369,2399,15
2369,2398,15
2368,3955,1
2367,3752,4
2367,3808,4
2367,3986,2
2367,4005,4
2367,3529,4
2366,2989,2
2366,3494,3
2366,3743,5
2366,3074,5
2365,3074,1
2360,3447,2
2360,3250,2
2357,3081,20
2357,3591,20
2357,3789,20
2357,3287,20
2357,3168,20
2357,3123,20
2357,2867,20
2357,2776,20
2357,2429,20
2356,2548,2
2356,3234,1
2356,3326,3
2356,2637,3
2355,2527,2
2355,3130,3
2355,3246,3
2355,3541,3
2350,3782,8
2350,3660,8
2350,3510,8
2350,2961,8
2350,2711,8
2345,2538,1
2345,2743,6
2345,3844,3
2344,2751,1
2343,3883,2
2339,3511,2
2338,2990,2
2338,2762,4
2338,2525,4
2337,2915,1
2337,3355,1
2336,3844,1
2335,3783,2
2332,3686,3
2330,3382,2
2330,3264,2
2330,3203,2
2328,3005,2
2328,3010,4
2328,3239,2
2328,3781,2
2328,4137,4
2327,2436,2
2327,3549,2
2320,2355,3
2320,2357,20
2320,2429,20
2320,2776,20
2320,2867,20
2320,3027,17
2320,3081,20
2320,3123,20
2320,3168,20
2320,3287,20
2320,3378,17
2320,3422,1
2320,3591,20
2320,3789,20
2320,3794,4
2320,3881,4
2318,2477,4
2316,3764,2
2316,2529,2
2314,3238,2
2314,2390,2
2311,2864,2
2311,2859,2
2303,2452,4
2303,3769,6
2303,3778,6
2303,3987,6
2303,3120,6
2302,3587,1
2301,3231,12
2301,2995,12
2299,3382,2
2299,2330,2
2298,2548,2
2298,2356,2
2296,2762,4
2296,2525,4
2296,2338,4
2295,3342,1
2294,3644,2
2294,3063,2
2290,3707,15
2290,3126,15
2290,2998,15
2290,2897,15
2290,2744,15
2290,2410,15
2290,2399,15
2290,2398,15
2290,2369,15
2288,2916,2
2285,2462,2
2280,2357,20
2280,2429,20
2280,3027,17
2280,3081,20
2280,3287,20
2280,3378,17
2280,3591,20
2280,3789,20
2280,3168,20
2280,3123,20
2280,2867,20
2280,2776,20
2280,2320,20
2278,3555,9
2278,3488,9
2278,3173,9
2278,2575,9
2278,2549,9
2277,2952,4
2277,3517,4
2277,2452,4
2277,2303,4
2276,2367,4
2276,2550,9
2276,3315,9
2276,3752,4
2276,2386,28
2276,3174,28
2276,3206,28
2276,3283,28
2276,2977,9
2276,3951,28
2276,3714,28
2276,3387,28
2276,3074,28
2276,4011,28
2276,2753,28
2268,3939,4
2268,3728,4
2267,3978,1
2266,2610,3
2266,3544,3
2266,3860,2
2265,2986,4
2263,2427,1
2263,2428,3
2263,2869,2
2263,3635,3
2263,3906,1
2263,3907,1
2263,3996,2
2260,3108,1
2256,3538,3
2256,3286,3
2256,2858,3
2254,2407,3
2254,2413,3
2254,3314,3
2254,3520,3
2254,4155,3
2252,3639,1
2251,3231,12
2251,2995,12
2251,2301,12
2248,4020,9
2248,3273,9
2248,3264,9
2248,2999,9
2247,2357,20
2247,2429,20
2247,3027,17
2247,3081,20
2247,3287,20
2247,3378,17
2247,3591,20
2247,3789,20
2247,3168,20
2247,3123,20
2247,2867,20
2247,2776,20
2247,2320,20
2247,2280,20
2245,2474,1
2245,2561,2
2245,3183,1
2245,3565,2
2245,3250,3
2242,3572,2
2241,2680,3
2238,2422,1
2235,2772,3
2235,3395,2
2235,3794,4
2235,2861,4
2235,2320,4
2233,3378,17
2233,3168,17
2233,3123,17
2233,3027,17
2233,2867,17
2233,2776,17
2233,2429,17
2233,2320,17
2233,2280,17
2233,2247,17
2232,2957,4
2228,2817,1
2228,4109,2
2223,2685,2
2223,2844,3
2223,3084,2
2223,3433,2
2223,3529,3
2220,2232,4
2220,2358,3
2220,2412,3
2220,2559,2
2220,2844,3
2220,2957,4
2220,3170,3
2220,3214,4
2220,3500,3
2220,3844,3
2218,3362,2
2216,2923,5
2216,2374,5
2211,2386,28
2211,3174,28
2211,3206,28
2211,3283,28
2211,4011,28
2211,3951,28
2211,3714,28
2211,3387,28
2211,3074,28
2211,2753,28
2211,2276,28
2210,2218,2
2210,2239,2
2210,3458,3
2210,3362,2
2209,4011,9
2209,3315,9
2209,2977,9
2209,2550,9
2209,2276,9
2208,3677,2
2206,3883,2
2206,3847,2
2204,3629,4
2204,3723,3
2204,3777,3
2204,3529,4
2204,2977,4
2203,2951,2
2203,3094,2
2203,3160,3
2203,3340,3
2203,3460,3
2203,3921,3
2202,3086,3
2201,3634,8
2201,3728,8
2201,3387,8
2201,3074,8
2199,2499,2
2197,3094,2
2196,3707,15
2196,3126,15
2196,2998,15
2196,2897,15
2196,2744,15
2196,2410,15
2196,2399,15
2196,2398,15
2196,2369,15
2196,2290,15
2193,2884,3
2190,2725,1
2188,2743,6
2188,2763,3
2188,3674,5
2188,2345,6
2185,3154,1
2176,2238,1
2174,3639,1
2174,3661,1
2171,3234,1
2164,2686,3
2164,3458,3
2164,2210,3
2163,2692,2
2163,2725,2
2160,2881,3
2160,3059,3
2160,4005,3
2159,3651,2
2159,3354,2
2156,3348,1
2156,3376,1
2156,3494,2
2153,3453,1
2149,2862,2
2149,3881,3
2146,2477,4
2146,2318,4
2144,3566,1
2144,3494,3
2140,2579,2
2140,2858,3
2140,2882,3
2140,3605,2
2140,3881,3
2139,3437,1
2135,3570,2
2134,3881,3
2133,2683,4
2133,2562,4
2128,2148,2
2128,2245,3
2128,2326,1
2128,2335,2
2128,2558,1
2128,3072,3
2128,3203,3
2128,3208,2
2128,3260,4
2128,3670,3
2128,3692,4
2128,3735,1
2128,3783,3
2128,3827,4
2128,3955,4
2128,4031,1
2128,4140,3
2128,2753,4
2126,3097,2
2126,3145,2
2126,3583,4
2126,4035,1
2126,3955,4
2118,3059,3
2118,2881,3
2118,2160,3
2115,2258,1
2114,3972,2
2114,3844,2
2114,2345,2
2113,3118,2
2113,3585,2
2113,4100,2
2112,2283,3
2108,3961,1
2105,2678,1
2103,3128,3
2103,3548,3
2103,3844,3
2103,2220,3
2102,4128,1
2099,2562,2
2098,2163,2
2098,2680,3
2098,2913,3
2098,3017,1
2098,3725,3
2098,3828,3
2096,4118,1
2094,2160,3
2094,2267,1
2094,2771,2
2094,3310,4
2094,4008,2
2094,4017,2
2094,2204,4
2094,3154,4
2094,3529,4
2091,4129,18
2091,3915,18
2091,3894,18
2091,3557,18
2091,2783,18
2091,2782,18
2091,2780,18
2089,3536,2
2089,3500,3
2089,2220,3
2076,2146,4
2076,2318,4
2076,2477,4
2076,3372,1
2071,3512,2
2069,2355,3
2069,3541,5
2069,3651,3
2069,3705,5
2069,3921,3
2069,2203,4
2068,2890,1
2067,2743,6
2067,3154,4
2067,2345,6
2067,2188,6
2063,2245,3
2063,2721,3
2063,2818,1
2063,3341,2
2063,3800,3
2063,3981,3
2061,3508,2
2061,2638,2
2060,3264,3
2060,2964,3
2057,2753,2
2056,2127,1
2056,3494,2
2055,3970,1
2052,3276,2
2051,3913,4
2051,3810,4
2051,3337,4
2050,2348,2
2049,2050,3
2049,2348,2
2049,2476,3
2049,2962,3
2049,2966,3
2049,3417,3
2049,3742,4
2049,3800,3
2049,3955,4
2049,3260,4
2048,2333,1
2048,3748,3
2048,3841,3
2048,3856,3
2047,4060,3
2046,3104,2
2045,4037,1
2044,3500,1
2042,3827,2
2042,2593,2
2041,3480,1
2039,2550,6
2039,2276,6
2036,2149,3
2036,2263,3
2036,2417,3
2036,2593,4
2036,3092,4
2036,3686,4
2036,3710,2
2036,3955,4
2032,3951,3
2031,2272,2
2031,3146,2
2031,3919,3
2031,3520,3
2029,4133,2
2029,2471,2
2026,4128,1
2022,2470,1
2022,2665,1
2022,2801,1
2022,3723,3
2022,4021,1
2022,2977,3
2022,2204,3
2020,3841,3
2020,2268,4
2020,3939,4
2020,3728,4
2018,2699,2
2018,3442,4
2018,3287,4
2016,3728,8
2016,3634,8
2016,2201,8
2013,3231,12
2013,2995,12
2013,2301,12
2013,2251,12
2011,3827,3
2011,2128,3
2006,4003,1
2004,4011,28
2004,3951,28
2004,3714,28
2004,3387,28
2004,3283,28
2004,3206,28
2004,3174,28
2004,3074,28
2004,2753,28
2004,2386,28
2004,2276,28
2004,2211,28
2002,3189,3
2002,3617,2
2002,3854,1
2001,2103,3
2001,3844,3
2001,2762,3
2001,2220,3
1997,3762,10
1997,3625,10
1997,3550,10
1997,3087,10
1997,3054,10
1996,3441,2
1996,2832,2
1994,2209,9
1994,2550,9
1994,3154,4
1994,3315,9
1994,3733,5
1994,2004,28
1994,2386,28
1994,3174,28
1994,3206,28
1994,3283,28
1994,2977,9
1994,2211,28
1994,3951,28
1994,3714,28
1994,3387,28
1994,3074,28
1994,4011,28
1994,2753,28
1994,2276,28
1993,3064,2
1992,2403,1
1991,4080,1
1989,2766,1
1987,2072,1
1986,2223,3
1984,2568,2
1983,3185,1
1983,4057,2
1983,4060,3
1983,1985,3
1979,3727,2
1979,2981,2
1974,2148,2
1974,2747,2
1974,2787,3
1974,2991,3
1974,2128,3
1968,4152,1
1967,2225,1
1967,3397,2
1967,3454,4
1958,2062,3
1958,2606,3
1958,2829,4
1958,3479,5
1953,2007,2
1951,4001,2
1949,2550,6
1949,2276,6
1949,2039,6
1947,3651,1
1943,2266,1
1942,2953,6
1942,3987,6
1942,2004,28
1942,2386,28
1942,3174,28
1942,3206,28
1942,3283,28
1942,2211,28
1942,3951,28
1942,3714,28
1942,4011,28
1942,3387,28
1942,3074,28
1942,2753,28
1942,2276,28
1942,1994,28
1939,2079,2
1939,2899,3
1939,3035,3
1939,4102,3
1939,3936,3
1937,2756,4
1937,3790,3
1935,3231,12
1935,2995,12
1935,2301,12
1935,2251,12
1935,2013,12
1934,3387,3
1934,3074,3
1934,2201,3
1933,3157,1
1932,1965,1
1930,2467,3
1930,2547,3
1930,2809,3
1930,2918,3
1930,3251,3
1930,3580,3
1929,3848,1
1928,2062,3
1928,1958,3
1927,4020,1
1925,2731,1
1924,2522,1
1923,2209,9
1923,2367,4
1923,2550,9
1923,2602,6
1923,2953,6
1923,3171,4
1923,3180,5
1923,3315,9
1923,3475,3
1923,3733,5
1923,4030,3
1923,4154,3
1923,2004,28
1923,2386,28
1923,3174,28
1923,3206,28
1923,3283,28
1923,2977,9
1923,2211,28
1923,3951,28
1923,3714,28
1923,1942,28
1923,3387,28
1923,3074,28
1923,4011,28
1923,2753,28
1923,2276,28
1923,1994,28
1921,2124,1
1921,2829,4
1921,4154,3
1921,2204,4
1919,2114,1
1915,2878,3
1910,3326,3
1910,2637,3
1910,2356,3
1909,3742,3
1909,1987,3
1908,3684,1
1905,2964,1
1903,3873,1
1903,3214,2
1902,3700,3
1902,4019,2
1897,1952,2
1892,3862,2
1892,3120,2
1891,3932,1
1891,2220,1
1890,3610,2
1890,3684,2
1890,4055,2
1888,3179,3
1888,3486,4
1888,3848,3
1888,3934,4
1887,4102,1
1882,3987,6
1882,2953,6
1882,2753,6
1882,1923,6
1878,3479,5
1878,1958,5
1876,2220,1
1873,3231,12
1873,2995,12
1873,2301,12
1873,2251,12
1873,2013,12
1873,1935,12
1868,4001,2
1868,1951,2
1868,1967,2
1866,3337,2
1863,2566,1
1863,2764,3
1863,3113,2
1863,3683,4
1863,3154,4
1861,2520,1
1860,2614,1
1857,2283,3
1857,2112,3
1854,2110,1
1852,3865,3
1852,2751,3
1847,3229,1
1845,2777,3
1845,3851,3
1843,3934,1
1840,2629,1
1839,4008,1
1836,3479,5
1836,1958,5
1836,1878,5
1835,2156,1
1833,2632,2
1828,3849,1
1828,3742,3
1828,2036,3
1827,2595,3
1823,1833,2
1823,2632,2
1823,2647,1
1823,4080,2
1818,2414,3
1818,2468,3
1818,2755,3
1818,2882,3
1818,3651,3
1816,1988,3
1816,2904,1
1816,2962,3
1816,3742,4
1816,3800,3
1816,2049,4
1815,1845,3
1815,2754,3
1815,2758,3
1815,2777,3
1815,4115,2
1812,3990,2
1812,2890,2
1809,1908,1
1807,1933,1
1803,3950,1
1802,3317,2
1801,1816,2
1799,3066,3
1799,3010,3
1798,2462,4
1796,3167,2
1796,3447,3
1796,3143,2
1796,2089,3
1789,4019,2
1789,1902,2
1788,1852,3
1788,3551,1
1788,3865,3
1788,2751,3
1786,3800,1
1777,3762,10
1777,3625,10
1777,3550,10
1777,3087,10
1777,3054,10
1777,1997,10
1774,3811,1
1774,2328,1
1773,3416,2
1773,2320,2
1771,3503,1
1770,3939,4
1770,3728,4
1770,2268,4
1770,2020,4
1768,1772,2
1768,2310,1
1768,2651,1
1765,1772,2
1765,1985,2
1765,1768,2
1764,4078,2
1764,2766,2
1764,1985,2
1764,1983,2
1762,1768,2
1762,1987,3
1762,2652,3
1762,3470,2
1762,3522,3
1762,3765,3
1762,4075,3
1760,2473,2
1760,2912,2
1760,4119,2
1760,2094,2
1759,4003,4
1759,4020,9
1759,2004,28
1759,2386,28
1759,3174,28
1759,3206,28
1759,3283,28
1759,2211,28
1759,3951,28
1759,3714,28
1759,1942,28
1759,4011,28
1759,3387,28
1759,3074,28
1759,2753,28
1759,2276,28
1759,1994,28
1759,1923,28
1758,3934,3
1758,3179,3
1758,1888,3
1757,2757,2
1757,2740,2
1752,2180,1
1752,3391,1
1750,2407,3
1749,3742,3
1749,2049,3
1749,1816,3
1746,2602,6
1746,3180,5
1746,2977,6
1746,2953,6
1746,1923,6
1743,3763,1
1740,3958,1
1739,2258,1
1738,3429,2
1736,2358,3
1736,3772,3
1736,2002,3
1736,2220,4
1733,3728,8
1733,3634,8
1733,2201,8
1733,2016,8
1732,1890,3
1732,2662,2
1732,2719,3
1732,3401,3
1732,3823,1
1732,3825,3
1732,4055,2
1732,2328,3
1730,3733,4
1730,3315,4
1730,2977,4
1730,1923,4
1729,2135,2
1729,2112,2
1726,3575,3
1726,2967,3
1725,3514,2
1722,2248,9
1722,2999,9
1722,3273,9
1722,3374,2
1722,3264,9
1722,3400,5
1722,2516,6
1722,4020,9
1720,4083,5
1720,3965,5
1719,3503,1
1718,3624,2
1717,3597,1
1710,3321,2
1710,3723,2
1709,3766,3
1709,3777,3
1709,2204,3
1708,1799,3
1708,3066,3
1708,4137,4
1708,3010,4
1708,2328,4
1707,2550,6
1707,2276,6
1707,2039,6
1707,1949,6
1703,3232,1
1694,2283,3
1694,2112,3
1694,1857,3
1693,4125,1
1693,2158,1
1692,1818,3
1692,2134,3
1692,2342,3
1692,2522,3
1692,3095,3
1692,3671,3
1692,3870,1
1692,4015,3
1690,1987,3
1690,1762,3
1688,3419,2
1688,3203,2
1686,2150,2
1685,3661,2
1684,3412,1
1683,3495,2
1677,1755,1
1677,1818,3
1677,1967,4
1677,2049,4
1677,2134,3
1677,3150,1
1677,3397,2
1677,3454,4
1677,3558,2
1677,3623,3
1675,1725,2
1675,1726,3
1675,2967,3
1675,3575,3
1674,1709,3
1674,1816,3
1674,2050,3
1674,2962,3
1674,2966,3
1674,3417,3
1674,3766,3
1674,3800,3
1674,4153,3
1674,2049,3
1672,2664,2
1670,1988,3
1670,1816,3
1669,3670,3
1669,2128,3
1668,2322,1
1667,2913,3
1667,3454,4
1667,1967,4
1667,1677,4
1665,1881,1
1665,3965,1
1663,2084,1
1663,3237,2
1663,3838,1
1661,1915,3
1661,2878,3
1661,2965,3
1660,2332,3
1660,3686,3
1660,2128,3
1658,1760,1
1655,2269,1
1651,1755,1
1648,4128,1
1643,1660,3
1642,3834,1
1641,3762,10
1641,3625,10
1641,3550,10
1641,3087,10
1641,3054,10
1641,1997,10
1641,1777,10
1637,2766,2
1636,4083,5
1636,1720,5
1636,3965,5
1635,1911,1
1635,2053,1
1635,2058,1
1635,2720,2
1635,3511,2
1633,3436,1
1630,3481,3
1629,3337,2
1629,3293,2
1625,1751,1
1622,2505,3
1622,3617,2
1622,2002,3
1622,2957,4
1622,3250,4
1618,3072,1
1617,2164,1
1615,2397,2
1615,3030,3
1615,3071,3
1614,2272,2
1614,3882,1
1614,3934,3
1614,3120,3
1614,2031,3
1613,4156,1
1613,1985,3
1608,2943,2
1608,1863,4
1608,3743,5
1608,3074,5
1608,2366,5
1607,3918,2
1607,4020,4
1607,4003,4
1607,3264,4
1607,1608,4
1606,4137,4
1606,1732,3
1606,3010,4
1606,2328,4
1600,3514,2
1600,3931,3
1599,3555,9
1599,3488,9
1599,3173,9
1599,2575,9
1599,2549,9
1599,2278,9
1598,3228,1
1597,1890,3
1597,2515,2
1597,2664,3
1597,2691,3
1597,3405,2
1597,3503,2
1596,2448,2
1596,2515,2
1596,2529,2
1596,3437,2
1596,1597,3
1595,2052,2
1595,3276,2
1594,2467,3
1594,2547,3
1594,3580,3
1594,3635,3
1594,1930,3
1593,2039,3
1593,2212,1
1593,2288,2
1593,2686,3
1593,2768,1
1593,2916,2
1593,3969,3
1592,4011,4
1592,1994,4
1591,1993,2
1591,2164,3
1591,2764,3
1591,3064,2
1591,3113,2
1591,3116,1
1591,1863,3
1589,1937,3
1587,2698,2
1587,1937,2
1584,2226,1
1581,4049,3
1579,3387,1
1575,3798,3
1575,3753,3
1573,3415,1
1571,1893,1
1571,3871,1
1571,2516,1
1566,2448,2
1566,3764,3
1566,1596,3
1566,3415,3
1563,4083,5
1563,3965,5
1563,1720,5
1563,1636,5
1561,1916,1
1561,2216,5
1561,2374,5
1561,2668,4
1561,2923,5
1561,2957,4
1561,2753,5
1559,2233,17
1559,2357,20
1559,3027,17
1559,3081,20
1559,3287,20
1559,3378,17
1559,3591,20
1559,3789,20
1559,3168,20
1559,3123,20
1559,2867,20
1559,2776,20
1559,2429,20
1559,2320,20
1559,2280,20
1559,2247,20
1555,2156,2
1555,2987,1
1555,3872,1
1551,2128,1
1550,3555,9
1550,3488,9
1550,3173,9
1550,2575,9
1550,2549,9
1550,2278,9
1550,1599,9
1548,3934,1
1547,2629,1
1545,3387,3
1544,3686,2
1544,2036,2
1538,3990,2
1538,3546,2
1537,1637,2
1537,1652,1
1537,2766,2
1537,3036,2
1537,3410,1
1537,3469,2
1537,3607,1
1537,3887,2
1537,4128,2
1536,2047,3
1536,4057,2
1536,4060,3
1536,1983,3
1535,1559,20
1535,2233,17
1535,2357,20
1535,2429,20
1535,3027,17
1535,3081,20
1535,3287,20
1535,3378,17
1535,3591,20
1535,3789,20
1535,3168,20
1535,3123,20
1535,2867,20
1535,2776,20
1535,2320,20
1535,2280,20
1535,2247,20
1534,3776,1
1528,1581,3
1528,1655,1
1528,1712,1
1528,3259,1
1528,4049,3
1526,1823,1
1522,3215,1
1520,2668,4
1520,3955,4
1520,1561,4
1518,2649,1
1518,1768,1
1515,2473,2
1513,2366,5
1513,2989,2
1513,3727,3
1513,3752,4
1513,3986,2
1513,2367,4
1513,2276,5
1513,1923,5
1512,1736,4
1512,2358,3
1512,2570,1
1512,2634,7
1512,2806,2
1512,3127,7
1512,3331,2
1512,3941,7
1512,3947,2
1512,2220,4
1511,1837,3
1506,4129,18
1506,3915,18
1506,3894,18
1506,3557,18
1506,2783,18
1506,2782,18
1506,2780,18
1506,2091,18
1504,3158,1
1501,1961,2
1498,1641,10
1498,1777,10
1498,1997,10
1498,2198,1
1498,3054,10
1498,3087,10
1498,3550,10
1498,3625,10
1498,3762,10
1497,1692,1
1494,2890,1
1493,1735,2
1493,3630,1
1493,3919,4
1493,2829,4
1493,1921,4
1490,1927,1
1488,1982,1
1488,1768,1
1483,1897,2
1483,1952,2
1483,2088,2
1483,3690,3
1482,1593,3
1482,2211,3
1482,2039,3
1479,3570,2
1479,2135,2
1475,3260,2
1475,3198,2
1474,3231,12
1474,2995,12
1474,2301,12
1474,2251,12
1474,2013,12
1474,1935,12
1474,1873,12
1473,3362,2
1471,1596,2
1471,1566,2
1467,3930,4
1467,3597,4
1467,3253,4
1465,3816,2
1465,3041,2
1464,1561,4
1464,1622,4
1464,2232,4
1464,2505,3
1464,2628,3
1464,2824,3
1464,2957,4
1464,3169,2
1464,3447,3
1464,3250,4
1464,2220,4
1462,2824,3
1462,2628,3
1462,1464,3
1461,2232,4
1461,3170,3
1461,1622,4
1461,3250,4
1461,2957,4
1461,2220,4
1461,1464,4
1459,1483,1
1457,2063,1
1456,3529,2
1455,1816,2
1455,1801,2
1454,2334,1
1448,1739,1
1447,3587,1
1447,3936,1
1444,1677,1
1443,3262,1
1442,1866,2
1442,2499,2
1439,2262,3
1438,2395,6
1438,3307,6
1438,3482,6
1438,4014,6
1438,4006,6
1436,3941,7
1436,3127,7
1436,2634,7
1436,1512,7
1429,3955,4
1429,2128,4
1429,2018,4
1427,1985,3
1427,1566,3
1427,3415,3
1427,3407,3
1424,3411,2
1424,2532,2
1419,4011,28
1419,3951,28
1419,3714,28
1419,3387,28
1419,3283,28
1419,3206,28
1419,3174,28
1419,3074,28
1419,2753,28
1419,2386,28
1419,2276,28
1419,2211,28
1419,2004,28
1419,1994,28
1419,1942,28
1419,1923,28
1419,1759,28
1416,4046,1
1413,4053,4
1413,2656,4
1413,2501,4
1413,2475,4
1411,1789,2
1411,3700,3
1411,1902,3
1410,3808,1
1409,2351,2
1409,4005,4
1409,2367,4
1409,2204,4
1409,1921,4
1407,1532,2
1407,2513,5
1407,2736,3
1407,2819,5
1407,3155,5
1407,3271,5
1407,3490,4
1407,3582,3
1407,3648,4
1407,3980,3
1401,1630,3
1401,3481,3
1401,3628,2
1401,4102,3
1401,3844,3
1396,3827,2
1396,2593,2
1394,3789,20
1394,3591,20
1394,3287,20
1394,3168,20
1394,3123,20
1394,3081,20
1394,2867,20
1394,2776,20
1394,2429,20
1394,2357,20
1394,2320,20
1394,2280,20
1394,2247,20
1394,1559,20
1394,1535,20
1386,3043,1
1384,3934,4
1384,3486,4
1384,1888,4
1383,1595,2
1383,1760,2
1382,3472,1
1378,2743,6
1378,2345,6
1378,2188,6
1378,2067,6
1376,1513,4
1376,1686,2
1376,1798,4
1376,2150,2
1376,2367,4
1376,2462,4
1376,3184,1
1376,3203,3
1376,3752,4
1376,2276,4
1372,2265,4
1372,2986,4
1372,3293,3
1368,2685,2
1367,3155,4
1367,2513,4
1367,1407,4
1364,3750,1
1360,4128,2
1355,1636,1
1354,4153,3
1354,1674,3
1353,2244,1
1353,2844,3
1353,2861,3
1349,3886,1
1348,4129,18
1348,3915,18
1348,3894,18
1348,3557,18
1348,2783,18
1348,2782,18
1348,2780,18
1348,2091,18
1348,1506,18
1347,3879,1
1347,4066,2
1347,4087,2
1346,1628,2
1344,4137,1
1342,2371,4
1342,2923,4
1341,3017,1
1340,3883,2
1335,4006,3
1335,1438,3
1333,2606,3
1333,1958,3
1330,1466,1
1330,3511,1
1328,2060,3
1328,2964,3
1328,3264,3
1328,2220,3
1322,2352,1
1320,3106,8
1320,2944,8
1320,2846,8
1320,2767,8
1313,2036,1
1312,1353,3
1311,2328,3
1311,1606,3
1306,3816,1
1305,2327,2
1304,2457,1
1302,3674,4
1302,2188,4
1299,1885,1
1299,2105,1
1297,2923,1
1296,3921,3
1296,2203,3
1296,2069,3
1295,3941,7
1295,3127,7
1295,2634,7
1295,1512,7
1295,1436,7
1293,3936,2
1292,2484,2
1292,2787,3
1292,3252,2
1292,1974,3
1290,2148,2
1290,2128,2
1288,1302,4
1288,1378,6
1288,2067,6
1288,2188,6
1288,2345,6
1288,2743,6
1288,2763,3
1288,3674,5
1287,2282,1
1286,2583,1
1283,2285,1
1282,3939,3
1282,3728,3
1282,2268,3
1280,1669,3
1280,3955,3
1280,2128,3
1279,2982,1
1278,1608,2
1278,1607,2
1277,3743,5
1277,3074,5
1277,2366,5
1277,1608,5
1276,2401,2
1274,2405,5
1274,2910,3
1274,3606,3
1274,3683,4
1274,3271,5
1274,3155,5
1274,3120,5
1272,2238,2
1269,1288,2
1268,1643,3
1268,2195,3
1268,2332,3
1268,2457,3
1268,3537,2
1268,3758,2
1268,3772,3
1267,2643,2
1266,1592,4
1266,2209,9
1266,2550,9
1266,3315,9
1266,1419,28
1266,2004,28
1266,2386,28
1266,3174,28
1266,3206,28
1266,3283,28
1266,2977,9
1266,2211,28
1266,3951,28
1266,3714,28
1266,1942,28
1266,1759,28
1266,3387,28
1266,3074,28
1266,4011,28
1266,2753,28
1266,2276,28
1266,1994,28
1266,1923,28
1265,3686,2
1265,3043,2
1264,1709,3
1264,2228,2
1264,3697,3
1264,3777,3
1264,2204,3
1263,1276,2
1263,1703,1
1263,2401,2
1263,3827,4
1263,2593,4
1261,3713,1
1260,1493,4
1260,1958,4
1260,1921,4
1260,2829,4
1259,3533,1
1250,1746,6
1250,1863,4
1250,2572,3
1250,2602,6
1250,3733,5
1250,2977,6
1250,2953,6
1250,1923,6
1249,3021,2
1245,4119,2
1245,1760,2
1245,3597,3
1245,2204,3
1245,2094,3
1244,2823,1
1243,3455,1
1242,2646,1
1240,2521,1
1233,1667,3
1233,1713,1
1233,2059,1
1233,2913,3
1233,3724,1
1233,3725,3
1233,2098,3
1227,1229,1
1218,3086,3
1218,2202,3
1215,2128,3
1214,2457,1
1211,2754,3
1211,2758,3
1211,3851,3
1211,2522,3
1209,4129,18
1209,3915,18
1209,3894,18
1209,3557,18
1209,2783,18
1209,2782,18
1209,2780,18
1209,2091,18
1209,1506,18
1209,1348,18
1208,3517,4
1208,2952,4
1208,2452,4
1208,2277,4
1207,3415,3
1207,3260,3
1207,1596,3
1205,1409,2
1203,2092,1
1203,4097,1
1203,1555,2
1201,2128,1
1200,3781,2
1200,1708,4
1200,3010,4
1200,2328,4
1200,1606,4
1194,3555,9
1194,3488,9
1194,3173,9
1194,2575,9
1194,2549,9
1194,2278,9
1194,1599,9
1194,1550,9
1192,2018,4
1192,3442,4
1192,3789,15
1192,3287,15
1192,3168,15
1192,3123,15
1192,2867,15
1192,2776,15
1192,2357,15
1192,2320,15
1192,2280,15
1192,2247,15
1192,1535,15
1191,2140,3
1191,2149,3
1191,2476,3
1191,2868,3
1191,3080,1
1191,3214,4
1191,3881,4
1189,1994,1
1187,3762,10
1187,3625,10
1187,3550,10
1187,3087,10
1187,3054,10
1187,1997,10
1187,1777,10
1187,1641,10
1187,1498,10
1185,1233,3
1185,1406,1
1185,2331,1
1185,2347,1
1185,2686,3
1185,3595,2
1185,3969,3
1185,1593,3
1184,2637,1
1182,2762,4
1182,2525,4
1182,2338,4
1182,2296,4
1181,2923,1
1180,2356,2
1180,2387,1
1180,2615,2
1180,3235,2
1180,3501,1
1180,3710,2
1180,2036,2
1178,3362,1
1176,1909,3
1176,2050,3
1176,2126,4
1176,2426,2
1176,3632,1
1176,3742,4
1176,1816,4
1176,3955,4
1176,2049,4
1175,1837,3
1175,1511,3
1173,1272,2
1173,2238,2
1173,4145,3
1169,1192,15
1169,1394,20
1169,1559,20
1169,2233,17
1169,2357,20
1169,2429,20
1169,3027,17
1169,3081,20
1169,3287,20
1169,3378,17
1169,3591,20
1169,3789,20
1169,3168,20
1169,3123,20
1169,2867,20
1169,2776,20
1169,2320,20
1169,2280,20
1169,2247,20
1169,1535,20
1168,2933,1
1168,3371,1
1168,2977,3
1168,2204,3
1168,2022,3
1166,2638,2
1166,2061,2
1165,3310,4
1165,4024,4
1165,4034,4
1165,3629,4
1164,4005,4
1164,3808,4
1164,3529,4
1164,2367,4
1161,3379,1
1160,3231,12
1160,2995,12
1160,2301,12
1160,2251,12
1160,2013,12
1160,1935,12
1160,1873,12
1160,1474,12
1158,3390,1
1156,2241,2
1155,1827,3
1155,2108,2
1155,2595,3
1153,1528,3
1153,1581,3
1153,3672,1
1153,4049,3
1153,4080,3
1153,3400,3
1150,2527,2
1150,2355,2
1148,1672,2
1148,1681,1
1148,2664,3
1148,1890,3
1148,1597,3
1147,2394,1
1141,2957,2
1141,1464,2
1139,1165,2
1138,1513,1
1130,3628,2
1130,1401,2
1128,2451,4
1128,3310,4
1128,3840,4
1128,4017,2
1128,4024,4
1128,2094,4
1128,3400,4
1126,3143,1
1123,2089,1
1122,1335,3
1122,2395,6
1122,3307,6
1122,3482,6
1122,4014,6
1122,4006,6
1122,1438,6
1120,2985,2
1120,3154,2
1120,2876,2
1119,3387,3
1119,1545,3
1116,2258,1
1114,3542,1
1111,3355,2
1108,3936,2
1108,1293,2
1107,3489,2
1106,1735,2
1106,2342,3
1106,2568,3
1106,3112,3
1103,4011,28
1103,3951,28
1103,3714,28
1103,3387,28
1103,3283,28
1103,3206,28
1103,3174,28
1103,3074,28
1103,2753,28
1103,2386,28
1103,2276,28
1103,2211,28
1103,2004,28
1103,1994,28
1103,1942,28
1103,1923,28
1103,1759,28
1103,1419,28
1103,1266,28
1102,3777,1
1100,3919,4
1100,2451,4
1098,2977,2
1098,1168,2
1096,2764,3
1096,1863,3
1096,1591,3
1095,3765,3
1095,3522,3
1095,1762,3
1094,3817,1
1092,4036,1
1092,3119,2
1091,1277,5
1091,1561,5
1091,1608,5
1091,2057,2
1091,2216,5
1091,2366,5
1091,2374,5
1091,2923,5
1091,3431,2
1091,3743,5
1091,3074,5
1091,2753,5
1090,2417,1
1088,3419,1
1084,2199,2
1084,2713,2
1084,2515,2
1082,3941,7
1082,3127,7
1082,2634,7
1082,1512,7
1082,1436,7
1082,1295,7
1081,2089,2
1080,2991,3
1080,1974,3
1079,2022,1
1078,1733,8
1078,2016,8
1078,2201,8
1078,2204,4
1078,3634,8
1078,3820,2
1078,3964,4
1078,3728,8
1078,3120,6
1078,3714,8
1077,2496,5
1077,2959,5
1077,4028,5
1077,3970,5
1075,4064,2
1074,2862,2
1074,2149,2
1071,3934,2
1071,3919,2
1067,3786,1
1066,3495,2
1066,1683,2
1065,3934,4
1065,3486,4
1065,1888,4
1065,1384,4
1064,1078,8
1064,1274,5
1064,1733,8
1064,2016,8
1064,2201,8
1064,2405,5
1064,2479,3
1064,3120,6
1064,3155,5
1064,3271,5
1064,3634,8
1064,3638,1
1064,3728,8
1064,1103,28
1064,1419,28
1064,2004,28
1064,2386,28
1064,3174,28
1064,3206,28
1064,3283,28
1064,2211,28
1064,3951,28
1064,4011,28
1064,3714,28
1064,3387,28
1064,3074,28
1064,2753,28
1064,2276,28
1064,1994,28
1064,1942,28
1064,1923,28
1064,1759,28
1064,1266,28
1061,2259,1
1058,3190,3
1057,1353,3
1057,1312,3
1055,1549,1
1054,2089,2
1054,1081,2
1049,3976,2
1049,3699,2
1048,1169,20
1048,1192,15
1048,1394,20
1048,1535,20
1048,1559,20
1048,1661,3
1048,2233,17
1048,2247,20
1048,2280,20
1048,2357,20
1048,2429,20
1048,2776,20
1048,2867,20
1048,2965,3
1048,3027,17
1048,3081,20
1048,3123,20
1048,3168,20
1048,3287,20
1048,3378,17
1048,3442,4
1048,3591,20
1048,3789,20
1048,2320,20
1045,1107,2
1044,1342,4
1044,2254,3
1044,2371,4
1044,2794,3
1044,2868,3
1044,3314,3
1044,4155,3
1044,2923,4
1043,1854,2
1043,1674,2
1042,2711,2
1042,2419,2
1041,4129,18
1041,3915,18
1041,3894,18
1041,3557,18
1041,2783,18
1041,2782,18
1041,2780,18
1041,2091,18
1041,1506,18
1041,1348,18
1041,1209,18
1039,2756,4
1039,3022,1
1039,1937,4
1037,3768,2
1036,2597,1
1036,4112,1
1035,3742,4
1035,2049,4
1035,1816,4
1035,1176,4
1027,2924,2
1027,1607,3
1026,1045,2
1026,1107,2
1025,2685,2
1025,1368,2
1024,1192,15
1024,1394,20
1024,1559,20
1024,2233,17
1024,2357,20
1024,2429,20
1024,3027,17
1024,3081,20
1024,3287,20
1024,3378,17
1024,3591,20
1024,3789,20
1024,3168,20
1024,3123,20
1024,2867,20
1024,2776,20
1024,2320,20
1024,2280,20
1024,2247,20
1024,1535,20
1024,1169,20
1024,1048,20
1023,1058,3
1023,2528,1
1023,3190,3
1023,3931,3
1021,2105,1
1020,2262,1
1017,2397,2
1017,1615,2
1014,1140,4
1014,2196,15
1014,2290,15
1014,2369,15
1014,2398,15
1014,2399,15
1014,2410,15
1014,2744,15
1014,2897,15
1014,2998,15
1014,3126,15
1014,3707,15
1013,2328,2
1012,1410,1
1011,1268,3
1011,1562,1
1011,1736,4
1011,2195,3
1011,2416,3
1011,3214,4
1011,3250,4
1011,3386,1
1011,3537,2
1011,3548,3
1011,3758,2
1011,3772,3
1004,3119,1
1001,3342,1
1000,1011,2
999,2265,4
999,2986,4
999,3293,3
999,1372,4
997,3926,2
997,2637,2
996,2355,2
996,2320,2
995,2883,1
995,2900,1
995,3130,3
995,3246,3
995,2355,3
995,2203,3
994,4000,1
992,1274,1
983,3705,5
983,3541,5
983,2069,5
982,2454,2
981,1969,1
978,3553,2
978,2731,2
976,3887,1
973,2011,3
973,2199,2
973,2499,2
973,3092,4
973,3692,4
973,3827,4
973,3686,4
973,2128,4
973,2036,4
969,1473,2
969,3122,2
969,2643,2
968,2089,1
967,1752,1
966,3125,1
965,4099,2
962,1173,1
953,1769,2
951,2462,3
951,1376,3
950,4028,5
950,3970,5
950,2959,5
950,2496,5
950,1077,5
949,4154,2
949,1923,2
948,1708,1
945,2678,1
942,1155,3
942,1827,3
942,2108,2
942,2595,3
942,1677,3
941,1903,2
941,1962,1
941,2034,1
941,3214,4
941,3794,4
941,1191,4
941,3881,4
941,2320,4
937,3112,3
937,2568,3
937,1106,3
936,1185,2
935,1023,1
934,1918,2
931,1119,3
931,1545,3
931,3840,3
931,3400,3
931,3387,3
928,2459,1
927,1646,1
927,2026,1
927,4058,1
925,1600,3
925,1804,1
925,2248,9
925,2999,9
925,3273,9
925,4020,9
925,3264,9
925,1722,9
918,1078,1
916,2555,2
914,1456,2
914,3717,1
914,3629,3
914,3529,3
912,1918,2
912,934,2
909,2772,3
909,3887,2
909,2112,3
909,2235,3
908,1953,1
907,1175,3
907,1511,3
907,1837,3
907,3766,3
904,3839,2
903,4099,2
903,965,2
901,1418,1
901,1986,3
901,2223,3
900,3815,1
900,3997,1
898,2158,1
897,2086,1
896,2555,2
896,916,2
895,3306,1
893,1745,1
891,1667,4
891,3454,4
891,3623,3
891,942,3
891,1967,4
891,1677,4
888,1328,1
887,3265,1
882,3987,6
882,3778,6
882,3769,6
882,3120,6
882,2303,6
881,2883,1
877,2543,2
877,2735,1
877,3359,1
877,3264,2
871,1249,1
868,3219,2
867,1660,3
867,1643,3
866,1111,2
866,1264,3
866,1613,3
866,2019,1
866,2932,2
866,3254,1
866,3332,1
866,3355,3
866,3568,2
866,3697,3
866,3699,2
866,3716,1
866,3830,2
866,3947,2
865,2763,3
865,3816,2
865,3844,3
865,2476,3
862,3938,2
860,1064,1
859,4140,3
859,3250,3
859,1011,3
858,1992,1
855,2358,1
847,3789,20
847,3591,20
847,3287,20
847,3168,20
847,3123,20
847,3081,20
847,2867,20
847,2776,20
847,2429,20
847,2357,20
847,2320,20
847,2280,20
847,2247,20
847,1559,20
847,1535,20
847,1394,20
847,1169,20
847,1048,20
847,1024,20
845,3920,2
841,2835,2
841,2105,1
840,3511,2
839,841,2
839,2835,2
839,2965,2
838,2720,1
834,3529,2
834,2094,2
832,4129,18
832,3915,18
832,3894,18
832,3557,18
832,2783,18
832,2782,18
832,2780,18
832,2091,18
832,1506,18
832,1348,18
832,1209,18
832,1041,18
831,1984,2
830,3464,2
830,1607,2
829,3015,2
828,1931,1
827,829,2
827,1203,2
827,1555,2
827,1718,2
827,2258,1
827,2385,1
827,2774,2
827,3015,2
826,845,2
825,2397,2
825,3030,3
825,3071,3
825,1615,3
825,3981,3
819,1044,2
815,3125,1
814,2568,2
814,1984,2
812,3855,1
811,2861,1
810,2036,1
809,1250,1
807,830,2
807,1292,3
807,1643,3
807,1660,3
807,1974,3
807,2479,3
807,2524,1
807,2609,2
807,2787,3
807,3072,3
807,3464,2
807,3734,2
807,3919,3
807,2753,3
807,2128,3
803,1840,1
802,3511,2
802,840,2
801,4077,1
801,3511,2
801,1951,2
800,1987,3
800,1762,3
800,1690,3
799,936,2
799,1185,3
799,1656,2
799,1733,8
799,2016,8
799,2048,3
799,2201,8
799,3634,8
799,3841,3
799,3728,8
799,1078,8
799,1064,8
796,4129,18
796,3915,18
796,3894,18
796,3557,18
796,2783,18
796,2782,18
796,2780,18
796,2091,18
796,1506,18
796,1348,18
796,1209,18
796,1041,18
796,832,18
795,1273,1
794,2932,2
794,866,2
788,3143,2
788,3132,2
787,3225,1
784,3264,2
783,840,1
782,3860,2
782,2266,2
780,3940,1
777,3033,2
777,2579,2
776,2248,9
776,2999,9
776,3273,9
776,799,8
776,4020,9
776,3264,9
776,1722,9
776,925,9
775,776,9
775,925,9
775,1722,9
775,2248,9
775,2999,9
775,3273,9
775,4020,9
775,3264,9
775,3728,8
775,3120,6
775,1078,8
773,3154,1
772,3919,4
772,2451,4
772,1100,4
766,3145,2
766,2126,2
765,923,1
764,3516,2
764,2220,2
763,1080,3
763,1200,3
763,2747,2
763,2991,3
763,1974,3
763,2328,3
763,1606,3
762,3938,3
762,3720,3
762,2860,3
761,2266,1
759,3536,2
759,2804,2
758,2864,1
754,873,2
752,1881,1
746,755,1
746,1264,3
746,2620,1
746,2730,5
746,2874,1
746,3135,5
746,3180,5
746,3498,5
746,3937,5
745,3964,2
743,2638,3
742,743,3
742,1828,3
742,2018,4
742,2126,4
742,2699,2
742,3583,4
742,3955,4
742,2036,4
742,1191,4
741,2721,3
741,3931,3
741,1643,3
741,1023,3
741,1660,3
740,1798,4
740,2462,4
740,2829,4
740,1376,4
740,1260,4
737,1103,28
737,1419,28
737,2004,28
737,2386,28
737,3174,28
737,3206,28
737,3283,28
737,4011,28
737,3951,28
737,3714,28
737,3387,28
737,3074,28
737,2753,28
737,2276,28
737,2211,28
737,1994,28
737,1942,28
737,1923,28
737,1759,28
737,1266,28
737,1064,28
736,4109,4
736,3792,4
736,2669,4
734,2193,3
734,2884,3
734,3660,3
734,2711,3
733,2144,2
731,929,1
731,1028,1
731,3154,1
727,2046,2
727,2958,2
727,3407,3
727,865,3
725,3238,1
724,4105,4
724,3964,4
724,3387,4
724,3061,4
723,1232,1
723,2239,2
723,3686,3
723,2861,3
723,2210,3
722,807,1
718,1473,2
718,2071,2
718,2231,1
718,3512,2
718,3362,2
717,3250,4
717,1736,4
717,1512,4
717,1011,4
716,1263,4
716,1520,4
716,2593,4
716,2668,4
716,2688,2
716,2994,2
716,3827,4
716,1561,4
716,2036,4
716,3955,4
712,1353,2
711,1140,4
711,1014,4
708,1978,1
708,4122,2
707,711,4
707,1014,15
707,1140,4
707,1191,4
707,2196,15
707,2290,15
707,2369,15
707,2398,15
707,2399,15
707,2410,15
707,2744,15
707,2897,15
707,2998,15
707,3126,15
707,3707,15
703,2469,1
703,4149,1
703,1427,3
703,1011,3
701,4153,3
701,1674,3
701,1354,3
699,2688,2
699,2994,2
699,716,2
694,3686,2
694,2036,2
691,4145,3
691,1173,3
690,3938,2
690,862,2
686,3264,2
686,784,2
685,1768,1
684,1828,1
682,3416,1
681,1139,2
681,2005,1
681,3458,3
681,1593,3
681,1165,3
679,1163,1
679,1211,3
679,1815,3
679,1845,3
679,2777,3
679,3851,3
679,4115,2
674,1593,3
674,763,3
673,1482,3
673,1517,1
673,2039,6
673,2550,9
673,2667,1
673,1103,28
673,1419,28
673,2004,28
673,2386,28
673,3174,28
673,3206,28
673,3283,28
673,737,28
673,2211,28
673,3951,28
673,4011,28
673,3714,28
673,3387,28
673,3074,28
673,2753,28
673,2276,28
673,1994,28
673,1942,28
673,1923,28
673,1759,28
673,1266,28
673,1064,28
671,1707,6
671,1949,6
671,2039,6
671,2133,4
671,2562,4
671,2683,4
671,2550,6
671,2276,6
670,2652,3
670,4075,3
670,3412,1
670,1762,3
667,1985,1
663,4086,2
663,3760,2
661,2721,2
661,2063,2
659,3893,1
658,2245,1
655,2912,1
654,1064,1
651,3796,2
651,3320,2
650,2417,1
648,3302,1
644,2045,1
643,742,1
642,1360,2
642,1645,1
642,4128,2
636,2368,1
632,1961,2
632,1501,2
631,3748,2
631,2562,2
630,3666,3
630,2663,3
630,2370,3
628,4109,1
626,3106,8
626,2944,8
626,2846,8
626,2767,8
626,1320,8
625,775,1
624,625,1
622,3936,3
622,2899,3
622,1939,3
621,867,3
621,4151,1
621,1660,3
621,1643,3
619,1507,1
619,2545,2
619,3041,3
619,3530,3
619,3568,2
619,3415,3
619,3407,3
618,1914,1
618,3690,3
618,2457,3
618,1483,3
618,1268,3
618,1923,3
618,1882,3
616,3762,10
616,3625,10
616,3550,10
616,3087,10
616,3054,10
616,1997,10
616,1777,10
616,1641,10
616,1498,10
616,1187,10
615,2007,2
615,1953,2
611,3695,3
611,3095,3
605,734,3
605,2193,3
605,2350,8
605,2884,3
605,2961,8
605,3510,8
605,3660,8
605,3782,8
605,2711,8
604,695,1
604,1532,2
604,2099,2
604,2133,4
604,2562,4
604,2683,4
604,3748,3
604,3968,2
604,4136,1
604,671,4
603,2210,2
603,723,2
601,2365,1
600,4129,18
600,3915,18
600,3894,18
600,3557,18
600,2783,18
600,2782,18
600,2780,18
600,2091,18
600,1506,18
600,1348,18
600,1209,18
600,1041,18
600,832,18
600,796,18
596,3231,12
596,2995,12
596,2301,12
596,2251,12
596,2013,12
596,1935,12
596,1873,12
596,1474,12
596,1160,12
595,4129,18
595,3915,18
595,3894,18
595,3557,18
595,2783,18
595,2782,18
595,2780,18
595,2091,18
595,1506,18
595,1348,18
595,1209,18
595,1041,18
595,832,18
595,796,18
595,600,18
593,1026,2
593,1060,2
593,1107,2
593,2417,2
589,2009,1
589,2208,2
589,3677,2
589,1180,2
588,1303,1
588,2799,1
584,2720,2
583,3839,2
583,904,2
582,3073,1
580,1206,1
578,2235,2
572,3231,12
572,2995,12
572,2301,12
572,2251,12
572,2013,12
572,1935,12
572,1873,12
572,1474,12
572,1160,12
572,596,12
571,2358,1
570,3231,12
570,2995,12
570,2301,12
570,2251,12
570,2013,12
570,1935,12
570,1873,12
570,1474,12
570,1160,12
570,596,12
570,572,12
567,3883,2
567,2343,2
566,1245,1
565,1294,1
565,1263,4
565,3827,4
565,2593,4
565,2036,4
565,716,4
563,2238,1
562,3714,3
562,1759,3
562,737,3
561,3790,3
561,1937,3
559,764,2
559,2339,2
559,3405,2
559,3516,2
559,3511,2
557,1156,2
557,2241,3
557,2680,3
557,3154,3
556,3707,15
556,3126,15
556,2998,15
556,2897,15
556,2744,15
556,2410,15
556,2399,15
556,2398,15
556,2369,15
556,2290,15
556,2196,15
556,1014,15
556,707,15
555,2002,1
551,2241,2
551,557,2
550,941,1
548,4105,6
548,3813,6
548,3387,6
548,2604,6
548,2516,6
547,561,3
547,1039,4
547,1589,3
547,1937,4
547,2197,2
547,2203,4
547,2756,4
547,3094,2
547,3160,3
547,3340,3
547,3790,3
545,1937,2
545,547,2
538,3887,2
538,1537,2
535,2134,2
535,1677,2
534,2522,1
533,1746,6
533,1882,6
533,3180,5
533,4011,6
533,2977,6
533,1923,6
533,1266,6
532,3555,9
532,3488,9
532,3173,9
532,2575,9
532,2549,9
532,2278,9
532,1599,9
532,1550,9
532,1194,9
529,2032,3
529,3743,5
529,3775,2
529,1103,28
529,1419,28
529,2004,28
529,2386,28
529,3174,28
529,3206,28
529,3283,28
529,737,28
529,2211,28
529,3951,28
529,673,28
529,1064,28
529,4011,28
529,3714,28
529,3387,28
529,3074,28
529,2753,28
529,2276,28
529,1994,28
529,1942,28
529,1923,28
529,1759,28
529,1266,28
526,2419,2
526,1042,2
523,584,2
523,835,1
523,3395,2
523,3876,2
523,2235,3
523,619,3
522,3959,1
520,3192,2
520,708,2
518,4129,18
518,3915,18
518,3894,18
518,3557,18
518,2783,18
518,2782,18
518,2780,18
518,2091,18
518,1506,18
518,1348,18
518,1209,18
518,1041,18
518,832,18
518,796,18
518,600,18
518,595,18
517,3733,2
517,1994,2
515,1165,1
514,1367,4
514,3271,5
514,3155,5
514,2819,5
514,2513,5
514,1407,5
511,4034,1
510,3192,1
509,3635,2
509,2263,2
507,708,2
507,969,2
507,1267,2
507,4122,2
507,2643,2
505,1595,1
500,3504,1
494,3442,3
494,2018,3
494,1048,3
493,563,1
491,1269,2
491,1288,2
490,4108,3
490,3387,3
490,2863,3
489,3776,1
488,1832,1
484,1083,1
484,2490,1
483,963,1
483,1738,2
483,3429,2
483,557,2
482,3546,2
480,2241,3
480,557,3
479,964,1
479,1377,1
479,2134,3
479,2282,1
479,3605,2
479,3881,3
479,2476,3
479,1191,3
478,764,1
477,1215,3
477,2332,3
477,2413,3
477,3520,3
477,2254,3
477,3827,4
477,973,4
477,3686,4
477,2128,4
476,3886,1
473,2366,2
470,4011,28
470,3951,28
470,3714,28
470,3387,28
470,3283,28
470,3206,28
470,3174,28
470,3074,28
470,2753,28
470,2386,28
470,2276,28
470,2211,28
470,2004,28
470,1994,28
470,1942,28
470,1923,28
470,1759,28
470,1419,28
470,1266,28
470,1103,28
470,1064,28
470,737,28
470,673,28
470,529,28
466,3548,1
465,1760,1
464,2454,2
464,982,2
463,1674,1
462,703,3
462,1000,2
462,1013,2
462,1311,3
462,1326,1
462,1606,4
462,1708,4
462,3005,2
462,3010,4
462,3239,2
462,3403,3
462,1011,4
462,2328,4
461,2367,1
458,1467,4
458,2455,4
458,3064,2
458,3930,4
458,3597,4
458,3253,4
456,1773,1
453,611,3
453,1411,3
453,3695,3
453,3700,3
453,1902,3
449,3955,1
447,1136,1
447,1388,1
447,2851,1
447,2266,2
447,1635,2
447,2643,2
446,1179,1
446,2263,2
446,1180,2
443,3190,3
443,1058,3
443,1023,3
442,3574,2
442,2926,2
440,2220,2
440,839,2
439,3064,2
439,2164,2
436,533,6
436,1091,5
436,1513,5
436,1561,5
436,2032,3
436,2209,9
436,2550,9
436,2861,4
436,2953,6
436,3315,9
436,3727,3
436,470,28
436,1103,28
436,1419,28
436,2004,28
436,2386,28
436,3174,28
436,3206,28
436,3283,28
436,2977,9
436,737,28
436,2211,28
436,3951,28
436,673,28
436,1064,28
436,529,28
436,3714,28
436,1942,28
436,1759,28
436,3387,28
436,3074,28
436,4011,28
436,2753,28
436,2276,28
436,1994,28
436,1923,28
436,1266,28
432,770,1
432,839,2
432,909,3
432,953,2
432,1352,1
432,1769,2
432,2047,3
432,2112,3
432,2144,3
432,2476,3
432,2965,3
432,3419,3
432,3530,3
432,3777,3
432,2220,3
431,1203,1
425,3715,1
424,4129,18
424,3915,18
424,3894,18
424,3557,18
424,2783,18
424,2782,18
424,2780,18
424,2091,18
424,1506,18
424,1348,18
424,1209,18
424,1041,18
424,832,18
424,796,18
424,600,18
424,595,18
424,518,18
423,1039,4
423,1589,3
423,2756,4
423,1937,4
423,3881,4
423,1191,4
423,547,4
422,523,1
420,831,2
420,868,2
420,1984,2
420,3186,1
420,3219,2
419,4064,2
419,1075,2
416,3117,2
416,3965,2
416,1720,2
415,990,1
412,2550,6
412,2276,6
412,2039,6
412,1949,6
412,1707,6
412,671,6
410,3494,2
410,2366,2
408,3930,4
408,3597,4
408,2455,4
408,458,4
406,2339,1
404,1342,2
404,1044,2
403,3489,2
403,1107,2
403,1045,2
400,1629,1
398,2671,2
395,914,3
395,1092,2
395,1368,2
395,3119,2
395,3848,3
395,3629,3
395,3529,3
393,484,1
390,2889,1
390,3250,1
387,3707,15
387,3126,15
387,2998,15
387,2897,15
387,2744,15
387,2410,15
387,2399,15
387,2398,15
387,2369,15
387,2290,15
387,2196,15
387,1014,15
387,707,15
387,556,15
386,2262,3
386,1439,3
385,3230,1
383,840,2
383,2233,17
383,3027,17
383,3378,17
383,3534,2
383,3168,17
383,3123,17
383,2867,17
383,2776,17
383,2429,17
383,2320,17
383,2280,17
383,2247,17
383,1559,17
383,1535,17
383,1169,17
383,1048,17
383,1024,17
382,1302,4
382,1378,6
382,2067,6
382,2743,6
382,2763,3
382,3674,5
382,2345,6
382,2188,6
382,1288,6
381,4114,1
381,1600,2
381,925,2
380,3782,8
380,3660,8
380,3510,8
380,2961,8
380,2711,8
380,2350,8
380,605,8
379,2242,2
379,3572,2
379,3951,2
378,2079,2
378,3520,2
378,2985,2
377,3883,2
377,2621,2
375,3321,2
375,1710,2
373,741,1
371,1710,1
368,941,1
366,383,17
366,847,20
366,1192,15
366,1394,20
366,1559,20
366,2233,17
366,2357,20
366,2429,20
366,3027,17
366,3081,20
366,3287,20
366,3378,17
366,3591,20
366,3789,20
366,3168,20
366,3123,20
366,2867,20
366,2776,20
366,2320,20
366,2280,20
366,2247,20
366,1535,20
366,1169,20
366,1048,20
366,1024,20
357,2685,2
357,482,2
356,1027,3
356,1607,3
356,2924,2
356,2938,1
356,3224,3
356,3293,3
356,3715,3
356,4003,3
356,4026,3
356,4020,3
354,4020,9
354,3273,9
354,3264,9
354,2999,9
354,2248,9
354,1722,9
354,925,9
354,776,9
354,775,9
351,3656,1
351,3963,2
351,673,2
350,1592,4
350,470,28
350,1103,28
350,1419,28
350,2004,28
350,2386,28
350,3174,28
350,3206,28
350,3283,28
350,737,28
350,2211,28
350,4011,28
350,3951,28
350,3714,28
350,3387,28
350,3074,28
350,2753,28
350,2276,28
350,1994,28
350,1942,28
350,1923,28
350,1759,28
350,1266,28
350,1064,28
350,673,28
350,529,28
350,436,28
347,1362,1
347,3514,1
346,3936,3
346,3787,3
345,2986,4
345,2265,4
345,1372,4
345,999,4
343,4122,1
342,558,1
342,1215,3
342,2371,3
342,2245,3
340,983,5
340,2500,2
340,3460,3
340,3541,5
340,3705,5
340,3921,3
340,2069,5
340,547,4
340,2203,4
339,1520,4
339,2593,4
339,2668,4
339,3981,3
339,2063,3
339,2036,4
339,1561,4
339,716,4
338,3231,12
338,2995,12
338,2301,12
338,2251,12
338,2013,12
338,1935,12
338,1873,12
338,1474,12
338,1160,12
338,596,12
338,572,12
338,570,12
336,3913,4
336,3810,4
336,3337,4
336,2051,4
333,3978,1
332,865,2
332,1322,1
332,1383,2
332,1892,2
332,2945,2
332,2946,2
332,4144,1
331,1140,4
331,1014,4
331,711,4
331,707,4
329,1203,1
328,657,1
328,877,1
326,675,1
323,712,2
323,1057,3
323,1305,2
323,1312,3
323,1353,3
323,2207,1
323,2327,2
323,2436,2
323,3549,2
321,2276,2
321,1923,2
316,2454,1
315,819,2
315,1342,4
315,2371,4
315,2923,4
315,1044,4
314,3386,1
312,3951,3
312,2032,3
312,436,3
309,3050,1
308,3125,1
304,1500,1
304,3362,1
302,346,3
302,1796,3
302,2089,3
302,3125,2
302,3328,2
302,3592,2
302,3787,3
302,3936,3
302,3919,3
301,3595,2
301,3969,3
301,681,3
301,1593,3
301,1185,3
299,3086,3
299,2202,3
298,1487,1
296,1249,2
296,1280,2
296,1430,1
296,1735,2
296,2221,1
296,3021,2
296,3689,1
295,3839,1
294,1077,1
293,3189,3
293,3696,1
293,3703,1
293,2417,3
293,3250,3
292,2002,1
290,716,1
289,3106,8
289,2944,8
289,2846,8
289,2767,8
289,1320,8
289,626,8
288,634,1
287,1044,2
287,315,2
284,3919,4
284,2451,4
284,1100,4
284,772,4
283,4105,6
283,3813,6
283,3387,6
283,2604,6
283,2516,6
283,548,6
282,1985,2
282,1613,2
276,3386,1
274,2638,2
273,1948,2
269,491,1
268,3170,3
268,2412,3
268,2220,3
266,3317,2
266,1802,2
265,299,3
265,1218,3
265,3086,3
265,2202,3
264,3606,3
264,2910,3
264,1274,3
263,1698,1
263,3336,1
263,681,1
262,3329,1
262,3192,2
262,1674,2
260,2864,2
256,4037,1
256,3500,1
253,733,2
253,3794,4
253,2144,3
253,2320,4
253,2235,4
252,421,1
251,3128,3
251,3830,2
251,3548,3
251,866,3
248,2477,4
248,2318,4
248,2146,4
248,2076,4
245,3772,3
245,1268,3
245,1011,3
244,2153,1
243,1729,1
241,2342,3
241,1692,3
241,1106,3
240,1280,3
240,1429,4
240,1442,2
240,1669,3
240,2031,3
240,2499,2
240,2813,3
240,3527,3
240,3670,3
240,3803,3
240,3919,4
240,3955,4
240,2128,4
239,3707,15
239,3126,15
239,2998,15
239,2897,15
239,2744,15
239,2410,15
239,2399,15
239,2398,15
239,2369,15
239,2290,15
239,2196,15
239,1014,15
239,707,15
239,556,15
239,387,15
238,2144,1
237,962,1
234,3871,1
232,2977,2
232,1168,2
231,3237,2
231,1663,2
230,2241,3
230,557,3
230,480,3
229,1084,1
228,386,3
228,1439,3
228,2262,3
228,2941,2
226,3386,1
222,3250,3
222,2957,3
222,1464,3
221,2036,3
221,1828,3
221,742,3
218,445,1
218,3214,2
218,1600,2
217,1555,1
214,1101,1
214,2564,1
213,782,2
210,2351,2
210,1409,2
209,3250,1
208,500,1
208,3260,2
208,2372,2
207,3419,1
201,4129,18
201,3915,18
201,3894,18
201,3557,18
201,2783,18
201,2782,18
201,2780,18
201,2091,18
201,1506,18
201,1348,18
201,1209,18
201,1041,18
201,832,18
201,796,18
201,600,18
201,595,18
201,518,18
201,424,18
200,302,1
197,2254,2
195,1951,2
195,1967,2
195,1868,2
194,877,2
194,3264,2
193,2504,1
193,1600,1
190,340,5
190,901,3
190,983,5
190,1577,1
190,1986,3
190,2069,5
190,2203,4
190,2223,3
190,2414,3
190,3157,1
190,3446,2
190,3460,3
190,3541,5
190,3705,5
190,3853,2
189,533,6
189,1250,6
189,1746,6
189,2024,1
189,2602,6
189,2985,2
189,2977,6
189,2953,6
189,1923,6
189,436,6
188,433,1
187,3355,3
187,1613,3
186,1140,1
185,2731,1
184,3782,8
184,3660,8
184,3510,8
184,2961,8
184,2711,8
184,2350,8
184,605,8
184,380,8
182,677,1
182,2684,1
182,2893,1
182,3281,1
182,746,1
180,197,2
180,2638,3
180,2254,3
178,1988,3
178,1816,3
178,1670,3
172,3710,2
172,1180,2
169,3106,8
169,2944,8
169,2846,8
169,2767,8
169,1320,8
169,626,8
169,289,8
168,3309,1
168,995,1
166,253,4
166,578,2
166,3794,4
166,523,3
166,2235,4
166,2861,4
166,2320,4
163,955,1
163,1515,2
163,1630,3
163,2473,2
163,3481,3
163,533,3
160,2864,2
160,260,2
158,1948,2
158,273,2
156,4102,3
156,3035,3
156,1939,3
155,3479,5
155,1958,5
155,1878,5
155,1836,5
154,1427,1
151,1153,3
151,3674,4
151,3400,4
151,3387,4
151,3074,4
150,745,2
150,2573,3
150,3729,3
150,4030,3
150,3964,3
148,845,2
148,826,2
145,736,4
145,2669,4
145,3792,4
145,4104,1
145,4109,4
141,2941,2
141,228,2
140,2476,1
138,3623,3
138,1677,3
138,942,3
138,891,3
135,2671,2
135,398,2
133,2680,3
133,2241,3
133,557,3
130,3216,1
126,2375,1
126,795,1
125,966,1
121,1733,8
121,2016,8
121,3634,8
121,3728,8
121,2201,8
121,1078,8
121,1064,8
121,799,8
119,1043,2
119,1575,3
119,1854,2
119,2285,2
119,2462,3
119,2633,1
119,3095,3
119,3671,3
119,3753,3
118,165,1
116,2774,1
112,691,3
112,1173,3
112,3036,2
112,4145,3
112,4154,3
112,1537,2
112,1921,3
112,1376,3
109,1027,3
109,1351,1
109,1353,3
109,2844,3
109,356,3
108,2456,1
108,3021,1
106,121,6
106,727,3
106,799,6
106,1128,4
106,1247,1
106,1635,2
106,1656,2
106,1823,2
106,1882,6
106,2048,3
106,2691,3
106,2958,2
106,3171,4
106,3475,3
106,3547,2
106,2977,6
106,2753,6
106,1923,6
105,1591,3
105,1165,3
105,681,3
103,194,2
103,537,1
103,882,6
103,1600,3
103,2303,6
103,3769,6
103,3778,6
103,3987,6
103,1677,4
103,3120,6
103,1078,6
103,775,6
102,740,4
102,951,3
102,1483,3
102,1661,3
102,1798,4
102,1915,3
102,1952,2
102,2088,2
102,2462,4
102,2878,3
102,3690,3
102,1376,4
101,155,5
101,1260,4
101,1333,3
101,1836,5
101,1878,5
101,1928,3
101,2062,3
101,2606,3
101,2829,4
101,3479,5
101,1958,5
100,3768,2
100,1037,2
97,674,3
97,1973,2
97,470,28
97,1103,28
97,1419,28
97,2004,28
97,2386,28
97,3174,28
97,3206,28
97,3283,28
97,737,28
97,2211,28
97,350,28
97,4011,28
97,3951,28
97,3714,28
97,3387,28
97,3074,28
97,2753,28
97,2276,28
97,1994,28
97,1942,28
97,1923,28
97,1759,28
97,1266,28
97,1064,28
97,673,28
97,529,28
97,436,28
96,3125,1
95,2907,1
93,3277,1
91,1563,5
91,2143,1
91,4083,5
91,1720,5
91,1636,5
91,3965,5
88,180,3
88,274,2
88,743,3
88,2061,2
88,2638,3
88,3508,2
88,3744,1
87,149,1
87,187,3
87,2113,2
87,2155,1
87,3118,2
87,3255,2
87,3355,3
87,2522,3
86,1383,1
83,3043,1
82,2132,1
82,2657,1
80,323,1
77,245,3
77,2195,3
77,2416,3
77,1268,3
77,1011,3
76,3403,3
76,3200,3
76,3181,3
72,2923,5
72,2374,5
72,2216,5
72,1561,5
72,1091,5
71,1626,1
70,3520,1
69,3953,1
67,3106,8
67,2944,8
67,2846,8
67,2767,8
67,1320,8
67,626,8
67,289,8
67,169,8
66,3171,4
66,3743,5
66,2977,5
66,1923,5
66,529,5
66,106,5
64,1107,1
63,921,1
63,2727,1
63,241,1
62,3391,1
60,2022,1
59,2963,1
58,1060,2
58,593,2
56,3839,1
55,2920,1
55,3842,2
55,3763,2
55,2358,2
51,953,2
51,2056,2
51,3494,3
51,2144,3
51,432,3
50,873,2
50,754,2
49,1322,1
47,213,2
47,782,2
47,2610,3
47,3544,3
47,2266,3
46,1346,2
46,1628,2
46,2541,1
44,66,5
44,473,2
44,1513,5
44,2263,3
44,2366,5
44,2554,1
44,2918,3
44,3727,3
44,3743,5
44,3938,3
44,3996,2
44,1091,5
44,3951,5
44,2753,5
44,436,5
41,1340,2
41,3847,2
41,3883,2
41,2098,2
40,3941,7
40,3127,7
40,2634,7
40,1512,7
40,1436,7
40,1295,7
40,1082,7
39,2794,1
38,1409,2
38,1205,2
37,3208,2
37,3203,2
36,3661,2
36,1685,2
35,107,1
35,1290,1
29,2649,1
24,2603,1
24,1306,1
23,1180,1
19,530,1
19,3981,3
19,2063,3
19,339,3
18,1750,3
18,2407,3
18,432,3
14,3183,1
11,2680,1
7,1216,1
7,3798,3
7,2476,3
7,432,3
6,4011,28
6,3951,28
6,3714,28
6,3387,28
6,3283,28
6,3206,28
6,3174,28
6,3074,28
6,2753,28
6,2386,28
6,2276,28
6,2211,28
6,2004,28
6,1994,28
6,1942,28
6,1923,28
6,1759,28
6,1419,28
6,1266,28
6,1103,28
6,1064,28
6,737,28
6,673,28
6,529,28
6,470,28
6,436,28
6,350,28
6,97,28
5,189,6
5,674,3
5,1973,2
5,2953,6
5,470,28
5,1103,28
5,1419,28
5,2004,28
5,2386,28
5,3174,28
5,3206,28
5,3283,28
5,2977,9
5,737,28
5,2211,28
5,350,28
5,97,28
5,3951,28
5,673,28
5,1064,28
5,529,28
5,3714,28
5,1942,28
5,1759,28
5,3387,28
5,3074,28
5,4011,28
5,2753,28
5,2276,28
5,1994,28
5,1923,28
5,1266,28
5,436,28
4,3229,1
3,4042,1
1,3695,3
1,3095,3
1,611,3
0,1750,3
0,3957,1
0,2407,3
0,18,3
