query time:8.345669E-4
index creation time:0.0047664124
382,2067,6
1553,3613,19
1665,2077,4
3087,3312,13
4000,4025,1
268,2220,4
2780,2782,22
1934,3074,19
141,1446,7
193,2504,1
447,2440,2
1762,3522,4
1550,2182,6
59,3924,2
1935,3231,17
1046,3379,1
717,2886,3
3075,3214,4
690,863,3
2174,3661,3
2405,2745,6
2428,2954,3
3155,3499,7
1853,1892,3
941,3214,4
1732,3268,3
1250,2571,5
753,1553,19
3353,3877,4
338,2301,17
1895,2751,1
3732,3779,2
974,3486,6
1550,2549,6
792,3413,3
227,2284,3
746,3180,4
482,3546,3
3673,3871,3
604,3492,3
3462,3877,4
2672,3796,3
422,523,3
763,2747,2
796,2291,22
1063,3971,17
775,4020,8
1762,4075,4
1062,3883,3
2255,3884,2
440,2220,4
996,2169,4
1623,2472,2
317,2458,2
1967,2225,3
65,925,8
2247,2320,21
222,1464,3
569,3550,13
302,1470,3
933,3606,2
2332,3686,3
2332,2601,2
2043,2151,3
340,2500,6
1927,4020,8
2674,3497,2
6,3714,19
809,1250,5
996,2355,4
1381,3164,2
455,2912,3
413,3284,3
547,2756,4
1213,2304,4
1098,1168,3
1265,3043,2
2864,3362,3
2749,3659,22
4142,3571,3
3400,3673,4
829,3256,3
85,3726,4
288,634,1
973,3944,3
2098,3601,3
2719,3401,3
6,1266,19
547,1576,4
424,518,22
1230,3894,22
3510,3782,10
3641,3754,6
1064,1994,19
775,3264,8
117,3074,19
4113,746,4
2164,3144,3
2749,3557,22
5,739,19
324,2544,1
6,3653,19
138,1677,3
1210,1923,19
1328,2220,4
1260,1958,4
1209,2780,22
1334,3683,3
2495,2861,3
3660,3782,10
141,352,7
1907,3641,6
259,3987,5
275,1046,1
1059,1997,13
1064,3074,19
161,2964,3
595,1209,22
1103,3613,19
1141,2957,3
2070,2829,4
2169,3593,4
1488,3406,3
2004,3714,19
3402,4015,2
2428,2437,3
518,1999,22
1551,3586,3
707,2074,14
2876,3178,2
153,3312,13
15,2320,21
1061,2432,3
342,1627,3
559,1527,3
2560,3925,21
336,3337,2
1824,3562,5
1888,3486,6
366,3027,21
4103,3776,2
1935,2251,17
1551,2128,3
1666,3596,2
354,4020,8
2439,3839,2
338,1873,17
645,1402,2
888,1328,3
1767,3406,3
1701,3074,19
1266,2004,19
3388,3742,4
1816,2483,4
3754,3824,6
1134,2098,3
462,3005,2
39,2119,2
707,1140,14
622,2899,1
1608,3743,5
754,3356,2
2560,3081,21
2657,3404,1
1409,2367,4
354,3273,8
190,340,6
1527,2642,3
2514,3407,5
706,2233,18
96,2979,2
1063,1160,17
2861,4060,3
2627,3635,3
2247,2429,21
605,2961,10
750,1231,3
2462,2802,2
3264,4020,8
1177,2971,3
1759,3714,19
16,2553,2
1037,3768,2
1659,3447,4
2140,2882,2
3312,3762,13
65,523,8
3287,3442,21
909,2772,3
444,2305,17
3613,3653,19
1169,2560,21
2011,2128,3
1080,2991,2
1680,1743,4
791,2009,2
3613,4003,19
596,3971,17
4129,2081,22
1256,1757,4
302,1796,4
782,3860,3
651,3796,3
1669,2128,3
1419,3613,19
541,836,7
2069,2203,6
1759,3613,19
3020,3877,4
1677,1785,3
3531,3684,5
739,1553,19
1099,3290,10
2345,2538,6
590,596,17
2903,3894,22
974,3934,6
251,3830,3
600,3659,22
65,3120,8
182,2893,3
1226,3287,21
2220,3214,4
239,387,14
315,819,3
1217,3064,3
3288,3789,21
15,1226,21
63,2828,2
2536,3267,1
352,541,7
1100,1941,2
827,1901,3
796,3659,22
1325,3388,3
2128,2148,3
93,3277,1
2993,3940,3
468,604,3
2135,3570,2
1064,2211,19
656,4049,3
3749,3932,1
985,4080,4
739,3714,19
1901,3394,3
3159,3428,1
1164,4005,4
1692,4015,2
2224,3513,1
3027,3378,18
1592,1994,19
1230,1348,22
2873,3338,3
1064,1972,19
471,909,3
2346,2969,1
3597,3930,3
660,2335,3
2056,2127,1
311,1981,21
2643,4078,2
420,831,4
1559,2233,21
2290,3126,14
1907,3409,6
2263,2869,3
311,3378,21
3635,3795,3
737,1994,19
2238,3038,3
656,2483,3
1169,3288,21
1507,3413,3
240,3670,3
398,2671,3
596,2301,17
2076,2389,1
2233,2247,21
4139,432,3
2560,3288,21
1581,4049,3
1095,1762,4
100,3768,2
2,742,3
895,2845,2
1134,2613,3
2157,3390,3
1207,3673,3
1238,3593,4
239,2399,14
3777,4009,3
1999,2749,22
2638,2917,4
615,939,3
1633,3436,1
2136,3885,3
3500,3604,3
1045,1251,2
2552,2872,1
1035,1816,4
1064,3638,19
2920,3284,3
3635,3783,3
674,763,2
785,1531,7
1347,4066,2
1518,2770,3
2649,2770,3
157,2196,14
707,711,14
742,2035,3
595,2091,22
457,801,1
641,928,1
1595,3323,2
1757,2757,4
2654,3754,6
240,3910,3
43,289,10
569,3603,13
2475,2501,3
837,2890,4
374,3559,3
723,2861,3
2144,3494,3
2193,2884,3
1177,2438,3
169,2767,10
1343,3930,3
967,1752,2
1123,2612,4
2052,3323,2
945,2678,1
1064,1553,19
1230,2192,22
3764,4046,3
1063,2901,17
253,2235,3
1677,3150,3
5,1553,19
4129,595,22
1629,3337,4
486,1873,17
347,3358,2
153,4021,5
379,564,2
569,959,13
157,2369,14
1059,3054,13
1099,2638,10
183,4065,2
239,3126,14
3802,4040,2
2977,3180,8
359,2842,4
1064,2004,19
1692,2934,2
189,1250,6
369,3176,3
1608,3347,19
1095,3522,4
1703,3232,2
1333,3818,4
2399,2998,14
1147,2659,1
1209,2749,22
1981,2357,21
5,674,19
595,2291,22
2126,3145,3
1908,2138,5
1995,2114,3
424,3557,22
1940,3154,6
547,3313,4
1014,2998,14
2220,2886,4
76,3200,2
1319,2977,8
2484,3252,3
799,1078,6
1274,3120,7
867,1643,2
1574,1787,2
416,1720,4
1169,1981,21
237,962,3
84,3177,2
85,1881,4
824,1284,6
1464,2220,4
2291,3557,22
4121,1099,10
77,2195,2
1789,1902,1
1994,3347,19
2472,3431,2
1759,2386,19
989,1065,6
5,2211,19
3098,3886,2
4129,2291,22
146,3964,3
2738,2901,3
2757,2842,4
2955,3359,2
486,570,17
2277,3517,3
127,3587,2
16,647,2
789,2730,4
1401,3628,3
2749,2780,22
2393,3409,6
2035,2165,3
2081,2192,22
1989,3461,1
2714,2957,3
1130,1401,3
1999,2780,22
468,2204,4
1257,2864,3
117,1994,19
710,3990,3
1051,2782,22
742,2284,3
65,1844,8
7,2476,3
1591,1993,3
427,1084,4
1482,3956,3
374,993,3
778,2560,21
256,527,3
1999,2782,22
4098,359,2
2128,2264,3
3310,4034,3
683,1768,3
1246,1762,4
2844,2912,3
867,943,2
476,3886,2
1266,3714,19
1492,3347,19
3165,3307,3
157,2897,14
1064,2016,19
1497,2934,2
189,472,6
796,3557,22
40,3941,6
711,1140,5
590,2301,17
1233,2098,3
2980,3324,1
846,1946,4
374,2912,3
2776,3288,21
55,3284,3
2220,3844,4
1046,2014,1
1680,2355,4
668,1644,2
658,1841,3
1873,2995,17
447,2851,2
1014,2897,14
1335,3100,6
1485,2560,21
2767,3603,13
397,2929,2
3074,3347,19
941,3889,4
3222,3447,4
2701,3345,6
1064,1274,19
1555,1619,3
604,2562,3
150,3693,2
1160,2995,17
366,3081,21
15,1945,21
125,586,1
2022,4021,5
570,2301,17
2565,3683,3
301,1185,3
587,2266,3
1950,3877,4
1329,1507,3
2411,3023,3
1271,3563,1
1556,1557,2
1607,1824,5
2266,2440,3
1474,2251,17
3296,4003,5
509,2263,3
866,3697,3
1237,3087,13
1512,2630,6
178,1816,4
1694,2283,2
688,3455,1
1180,4056,2
656,2138,5
1684,3412,1
707,1014,14
450,3944,1
1185,3645,3
605,2193,10
995,2437,4
1773,2320,21
1816,2904,4
523,3571,3
645,4037,3
1995,2345,6
705,1237,13
1981,2321,21
3164,3621,2
2362,3004,1
2770,3406,3
1555,1901,3
187,3506,3
1945,2321,21
63,921,2
2355,2527,4
508,2002,2
2180,2408,2
1556,2599,2
4121,3922,10
538,3887,2
753,1994,19
4154,949,2
384,3347,19
570,1063,17
219,3284,3
532,2182,6
941,3075,4
939,2199,4
3550,3603,13
267,1287,2
1820,4073,3
3491,3550,13
878,2758,3
307,1445,2
1553,1783,19
3726,3984,2
4111,1792,3
2746,2828,2
507,2643,2
569,1059,13
3491,3762,13
2290,3707,14
426,1209,22
778,2357,21
1177,2263,3
854,1936,2
345,2265,1
775,3120,8
2079,2289,3
331,1014,14
796,1999,22
2128,3586,3
3231,3971,17
4152,1131,1
483,963,1
3259,3261,2
50,3356,2
486,1474,17
15,2560,21
4137,414,2
1407,3582,7
2211,3074,19
1203,1555,3
85,3117,4
240,2499,3
2837,3603,13
594,836,7
788,3741,2
2015,2461,3
1446,2735,7
2235,3794,3
773,2831,3
1776,3438,1
579,1977,2
590,1474,17
986,1329,3
1323,1409,4
5,737,19
1315,3742,4
824,3100,6
796,2780,22
2263,2901,3
471,941,4
1909,3388,3
2754,2758,3
2138,3531,5
2416,3500,3
1064,3155,19
1878,1958,4
2076,3372,1
2273,3031,3
1868,3432,2
1816,3559,4
239,2196,14
480,2241,2
717,2187,2
1169,3027,21
569,1368,13
6,2004,19
340,983,6
3149,3887,2
424,3659,22
3312,3550,13
4003,4020,8
4135,1143,2
271,1402,2
146,1078,6
1451,3120,7
171,2890,4
3433,3903,3
109,2844,3
1088,3419,3
1899,4081,3
1128,3840,4
1700,2545,2
1873,3231,17
1705,2515,3
190,4065,6
311,2320,21
458,2455,3
1018,2961,10
1612,2408,2
1065,3486,6
5,3613,19
15,3789,21
85,416,4
426,2091,22
2188,2743,6
200,302,3
3312,3603,13
5,3347,19
415,990,1
2356,3234,3
2386,3347,19
3339,3342,1
2533,3448,2
1888,3934,6
1944,3613,19
1014,2290,14
4129,1209,22
2770,3506,3
1777,3603,13
4113,3940,3
1997,3054,13
2278,2549,6
1923,2367,19
1209,2903,22
2138,2514,5
2302,3587,2
1946,3844,4
1553,2977,19
2046,3956,3
157,2399,14
1569,2929,2
2263,3907,3
1246,3765,4
1246,3522,4
59,3513,1
547,3289,4
168,995,4
236,1901,3
790,2539,2
1632,3357,2
1597,2515,3
1095,3765,4
1944,3663,5
2393,3754,6
2161,3934,6
605,3782,10
4128,2026,2
1288,1378,6
3154,3494,4
352,1446,7
1622,3617,3
227,3970,3
1783,1994,19
4105,283,5
2514,3531,5
1680,3763,4
1192,2776,21
1213,2128,4
1841,3425,3
1675,1726,2
48,2289,3
486,1160,17
2235,2320,21
3244,3943,2
468,2562,3
280,1885,1
2001,2103,3
536,791,2
4105,2287,5
311,3287,21
1495,3945,3
177,1847,1
3287,3789,21
1099,2961,10
3613,3743,19
366,1945,21
739,1266,19
2128,3208,3
952,1233,3
1653,2277,3
1888,3848,6
1059,1641,13
240,2813,3
1486,1635,2
173,489,2
1044,1824,5
1909,3742,4
3154,3723,4
1084,2199,4
190,3705,6
629,645,2
1176,2035,4
1034,1407,7
1546,2723,8
2445,3567,2
682,1314,1
1055,1549,3
1325,1909,3
1768,3506,3
4137,364,2
3120,3768,7
153,2077,5
302,3328,3
750,869,3
533,1266,19
705,3054,13
3386,3509,2
101,1445,4
1226,2247,21
595,796,22
988,2296,5
833,3743,5
190,3263,6
2599,2731,2
600,2780,22
665,3656,2
3522,3765,4
424,2749,22
2301,2995,17
147,2869,3
1559,1981,21
3264,3273,8
722,1225,1
298,3903,3
1209,2782,22
1528,3261,2
3747,4064,2
1663,2084,2
2525,3693,5
2744,3126,14
1192,2247,21
547,3435,4
2701,2909,6
1812,3990,3
295,3839,2
1571,3871,2
2075,3733,4
1328,2964,3
1528,2509,2
1389,1523,1
1065,3934,6
4135,2026,2
2369,2399,14
565,1263,2
1768,2138,5
1629,1883,4
2584,3885,3
161,3626,2
2290,2998,14
21,1123,2
1972,3359,2
1051,2780,22
2192,2749,22
67,2944,10
226,3197,2
547,3340,4
522,3959,5
2247,2776,21
1714,2760,2
1950,3885,3
1421,1426,3
3957,4089,1
47,2266,3
253,733,3
2220,3075,4
532,3573,6
717,1512,6
366,1226,21
2091,2291,22
3074,3743,19
506,3333,1
1180,2387,2
117,2386,19
792,1677,3
3096,3793,1
2429,2560,21
1169,2776,21
2233,2320,21
370,919,2
227,253,3
1816,2962,4
99,3091,3
1827,2595,1
2138,4046,5
2174,3664,2
2822,4034,2
2993,3635,3
311,1945,21
339,3981,2
587,3860,3
352,836,7
1659,2612,4
2861,3523,3
962,1173,3
2032,3347,19
1777,3312,13
2861,3686,3
282,1613,2
570,1474,17
846,972,3
796,2903,22
106,2977,8
1641,3312,13
3117,3965,4
1701,4080,3
338,1160,17
141,2941,7
4154,1923,19
369,2450,3
866,3716,3
2953,3120,7
627,3263,2
678,1398,3
1064,2386,19
541,2941,7
1098,2977,8
1488,1767,3
15,1169,21
338,444,17
526,1099,10
1211,3851,3
1553,3347,19
1348,3659,22
1427,3407,5
953,1769,2
1290,2148,2
2043,2408,3
1708,3066,3
374,2015,3
2548,3438,3
1014,2074,14
190,3541,6
1419,3347,19
3117,3278,4
1752,2408,2
665,2164,3
538,2222,2
1063,3231,17
1919,2114,3
2675,3604,3
1762,2652,4
3327,4004,4
338,3352,17
2654,3824,6
827,2258,3
1541,3941,6
1782,2775,2
1211,2754,3
2837,3637,10
2278,2575,6
569,1997,13
575,2917,4
40,1512,6
2723,2909,8
522,3646,5
2780,3557,22
2216,2374,3
426,2780,22
1129,1691,3
1930,3580,3
518,1209,22
937,2568,1
338,590,17
993,3559,3
338,2305,17
1835,2156,3
486,1935,17
1981,2247,21
2450,2515,3
1416,4046,3
1511,1837,1
1063,2305,17
315,2371,3
668,1983,2
1042,1099,10
225,3124,2
1777,3087,13
2113,3585,2
570,2305,17
184,1099,10
540,938,2
4102,1401,3
447,1635,2
1818,2882,2
2893,3156,1
1064,2909,19
3959,4003,5
21,2375,2
514,1531,7
564,3362,3
664,3914,2
4049,4081,3
723,2239,3
156,846,3
600,2081,22
3639,3664,2
2909,4003,6
3521,4015,2
509,3635,3
5,1419,19
3401,3825,3
837,2645,4
101,3818,4
1945,2247,21
2099,2562,3
1256,2842,4
2291,2782,22
3208,3559,3
1250,2953,7
1169,3378,21
1824,3312,13
2320,3287,21
1612,3218,2
67,738,10
713,3885,3
2322,3954,2
4102,3350,3
419,3747,2
1014,3126,14
2320,3081,21
1620,1881,3
939,3587,3
737,1923,19
382,1125,6
1639,3017,2
1792,2445,3
77,2003,2
2128,3735,3
1419,3714,19
3358,3369,2
317,2624,2
477,2128,3
4101,2210,3
61,3366,2
1493,2929,3
53,190,6
1892,3862,3
85,2159,4
37,3559,3
1703,3138,2
1485,2247,21
123,1778,3
256,3500,3
1059,3491,13
1997,3550,13
3061,3964,3
36,3673,3
312,2032,4
40,1541,6
2884,3131,3
1550,2575,6
1371,2263,3
2063,3800,2
2482,3358,2
3653,3714,19
2437,3839,3
1714,2010,2
1042,3290,4
974,1065,6
1940,3541,6
1621,2335,3
1907,3754,6
1077,2496,3
2247,2560,21
1489,3017,2
2091,2782,22
1420,2033,1
827,1231,3
2357,3081,21
1792,3474,3
1812,2890,4
778,2321,21
2429,3378,21
146,3714,19
190,2203,6
354,3264,8
4105,3061,5
1675,1725,2
739,1994,19
1125,2188,6
1997,3491,13
311,3925,21
4100,3585,2
227,3442,3
4138,2377,3
189,2095,6
340,547,6
850,1204,1
1549,2752,3
192,3347,19
1617,2164,3
2305,2995,17
985,1288,6
157,387,14
371,1710,2
707,2998,14
227,3609,3
418,635,2
1134,2760,3
416,3117,4
1553,1759,19
427,1213,4
1196,2140,2
1732,3825,3
596,3231,17
2211,3347,19
6,1923,19
1680,2917,4
1883,3337,4
3191,3741,2
1958,2588,4
4102,156,3
189,1923,19
4122,343,2
650,844,2
143,1363,1
1014,2196,14
371,4022,2
1669,3670,3
2290,2744,14
2091,2780,22
2164,2686,3
189,3663,6
2979,3125,2
567,1062,3
419,4064,2
1840,2629,2
1482,3977,3
746,2730,4
1796,3447,4
381,925,8
5,189,19
738,3637,10
1210,3986,2
2079,2424,2
2196,3707,14
1810,3411,2
4128,2802,2
666,2531,3
4118,2096,1
1051,2091,22
2316,3764,3
2296,2525,5
2233,2776,21
1010,2177,1
2379,3405,3
1485,3027,18
2321,2776,21
2720,4015,2
2069,2169,6
3477,3612,1
267,2476,3
1274,1553,19
737,1419,19
2356,2548,3
153,259,5
2138,2655,5
836,2941,7
424,426,22
1531,3499,7
2723,4020,8
1099,3922,10
2627,3837,3
661,2063,2
1064,2701,19
101,2588,4
4132,432,3
1290,2128,3
2560,3378,21
527,3449,3
1474,3352,17
600,1051,22
799,3327,6
335,2701,6
995,2900,4
580,3091,3
2291,3659,22
153,3683,5
1099,3782,10
2,221,3
2860,3938,3
2320,3925,21
15,3925,21
352,594,7
826,845,2
2200,3494,3
302,346,3
227,2496,3
2074,3660,10
615,2007,2
456,1773,2
738,2837,10
2641,4046,3
555,2002,2
15,311,21
239,2410,14
861,1901,3
2081,2291,22
523,1195,3
785,1034,7
645,3389,2
1470,3592,2
1813,2483,3
1923,3180,19
26,3579,2
596,1935,17
514,1367,7
184,2711,10
215,2238,3
1064,3347,19
1237,3312,13
6,2386,19
2135,3194,2
1180,2993,3
600,3557,22
117,833,19
399,2876,3
366,3287,21
2204,3945,4
289,2767,10
1307,1913,1
569,1777,13
746,2874,4
1747,2861,3
110,2953,7
399,2156,3
1102,3777,3
106,1128,5
1103,3347,19
2140,3091,3
268,2412,2
1454,2434,1
2138,3764,5
387,2410,14
737,3714,19
1592,3653,19
705,1997,13
995,3246,4
749,3877,4
357,482,2
65,3876,8
1497,1692,2
1014,2399,14
1292,3942,3
6,3074,19
2756,3463,4
422,1682,3
1064,3714,19
2074,3227,6
605,2884,10
2366,3743,5
3177,3800,2
759,2804,2
541,1446,7
1063,1935,17
1567,2440,2
424,1209,22
1572,3531,5
1946,3836,4
933,1274,6
1335,3962,6
1064,3653,19
224,1727,1
1907,2393,6
65,2723,8
488,1883,4
1008,2852,2
600,2782,22
1439,2166,3
1128,4017,4
1256,2740,4
2004,2211,19
796,2192,22
1682,3546,3
2378,2917,4
232,1319,3
590,2251,17
67,1320,10
133,2241,2
171,3142,4
742,1191,4
2620,3220,2
2075,2977,8
2081,3659,22
2196,2897,14
3409,3754,6
366,2321,21
824,3962,6
1371,3837,3
825,3981,2
462,703,2
2251,2995,17
2278,3573,6
932,2926,2
1407,3560,7
1538,3990,3
3288,3378,21
2772,3530,3
3087,3603,13
1126,3143,2
1923,1994,19
106,1923,19
2711,3510,10
731,1028,2
106,1946,5
569,1495,13
547,3593,4
18,432,3
64,1107,2
1680,2378,4
1015,2696,1
2496,3970,3
1328,3264,8
2740,2842,4
2258,3031,3
591,3643,1
2744,2998,14
2138,3684,5
3743,3959,5
2748,3642,2
1210,2367,4
1284,1531,7
1775,1854,2
2476,3571,3
2379,2515,3
4129,1348,22
896,3933,3
2346,3388,3
3006,3945,3
302,2612,4
3603,3762,13
98,214,2
1903,3214,4
1862,3503,3
1923,3733,19
179,2261,3
917,3663,5
737,2004,19
2944,3603,13
1051,1999,22
1622,2505,3
381,3065,1
1946,3527,4
67,3603,13
153,182,5
442,2926,2
1813,3375,3
1128,2075,4
187,540,2
1559,3925,21
192,833,5
1768,2310,3
423,3289,4
29,2649,3
6,1103,19
3231,3352,17
4112,3074,19
2022,3723,5
621,1643,2
3081,3591,21
2349,3722,2
1256,2757,4
909,2235,3
106,1882,5
1717,3597,3
432,2476,3
4140,2128,3
389,2015,3
973,2128,3
1266,3613,19
1929,3848,2
476,1814,2
101,1333,4
5,1759,19
1078,3120,7
2565,3154,4
3203,3559,3
1370,3114,3
1266,2386,19
2094,2204,4
2267,2576,2
973,3686,3
1709,2204,4
706,1559,21
1231,2258,3
2033,2980,1
3358,3360,2
4104,145,1
4121,605,10
2897,2998,14
1169,3081,21
1617,2493,3
2386,3074,19
930,3599,2
227,3287,21
3081,3925,21
600,2903,22
2455,3930,3
3287,3925,21
1392,3517,3
1346,1628,1
369,1705,3
1407,3490,7
240,1669,3
2560,2776,21
486,2301,17
605,2074,10
192,3613,19
1559,3591,21
2448,2483,3
1944,3347,19
1170,3214,4
1083,3619,2
2475,4053,3
603,723,3
458,1467,3
105,1591,3
2103,2220,4
43,169,10
366,3789,21
1148,1597,3
514,1407,7
1531,3155,7
1154,1936,2
1625,1751,2
2284,2828,3
706,2776,21
717,3878,2
1622,3643,3
2016,2909,6
2575,3573,6
1176,3388,4
1421,1552,3
2482,3627,2
1485,1559,21
239,3707,14
594,1439,7
846,2108,3
2826,3956,3
737,1103,19
2011,3526,3
1999,3557,22
1,2404,1
605,3131,10
1421,2733,3
1550,3573,6
387,2744,14
724,3061,3
157,3126,14
2144,3566,3
187,4067,2
1945,2233,21
2355,3541,6
2067,3154,6
2369,2897,14
458,3597,3
3124,3686,3
690,3938,3
919,3322,2
1347,3879,2
2834,3869,4
1231,3182,3
1813,3365,3
1999,2091,22
420,749,4
778,3378,21
812,1129,3
1767,2649,3
2251,2301,17
1757,2842,4
583,2423,2
1944,3743,5
995,2355,4
1233,2913,3
1955,2361,2
1211,2758,3
737,1783,19
2844,3559,3
2627,3222,4
651,2672,3
1975,2035,3
2749,3894,22
518,3557,22
880,2002,2
85,3279,4
1464,3447,4
866,3568,3
962,3877,4
4135,544,2
2067,2188,6
913,1233,3
981,1969,2
1759,2004,19
1647,3980,3
420,3219,4
106,2723,8
55,3842,3
117,737,19
1169,2429,21
3347,3613,19
4129,3557,22
3669,3764,3
161,1905,2
223,773,4
2636,2638,3
205,2460,1
385,3230,1
447,2266,3
1956,2296,5
1383,1595,2
184,1018,10
1125,1288,6
1226,2233,21
1292,2484,3
2698,3597,3
3462,3552,3
1862,2138,5
1892,3120,7
3347,3653,19
283,2287,5
1272,3038,3
340,3541,6
477,939,3
1250,2977,8
147,1370,3
1641,3550,13
2393,3641,6
1064,3613,19
1958,2829,4
2314,2391,2
2077,3890,4
2263,2627,3
1559,3027,21
1621,2128,3
1677,3397,3
1112,2897,14
1694,1857,2
799,2701,6
739,3074,19
1333,1958,4
259,4021,5
3078,3642,2
311,3591,21
310,3844,4
4129,2903,22
1115,1814,2
1680,2781,4
1999,2192,22
374,2054,3
6,2211,19
1059,3550,13
995,1680,4
501,3058,3
2290,2399,14
2455,3597,3
227,1903,3
2492,4053,3
2204,3723,4
427,2199,4
426,1051,22
569,3054,13
1367,1531,7
4102,846,3
157,2410,14
750,1110,3
1572,3684,5
1793,3290,4
58,1060,1
570,2251,17
190,1940,6
240,2917,4
417,1421,3
1485,2233,18
1230,1288,22
1923,2571,19
2001,3844,4
2027,3613,19
1263,1703,2
4098,2842,4
266,1802,2
570,3231,17
1528,1581,2
1641,3762,13
1412,3946,1
37,3203,3
1185,3595,3
974,1888,6
3058,3745,3
382,2743,6
1687,2289,3
349,3218,2
432,2151,3
778,1981,21
1084,2515,4
153,2204,5
1176,1909,4
389,635,2
2411,2462,3
2320,3794,21
311,1226,21
228,352,7
578,2235,3
913,1709,3
1816,3800,4
2367,3986,4
196,2786,5
1777,3550,13
311,2321,21
778,2247,21
366,1559,21
2,2035,3
866,2932,3
1267,2643,2
1512,3941,6
297,2828,2
123,915,3
2429,3591,21
723,1374,3
974,2161,6
518,2192,22
2423,3839,2
192,3407,5
311,1169,21
846,1401,3
919,2175,2
570,3352,17
1559,3378,21
1185,3969,3
653,1489,1
311,778,21
254,796,22
655,2912,3
2320,2321,21
117,3347,19
426,1230,22
2192,2291,22
360,3924,2
1295,1435,6
3409,3824,6
190,627,6
272,531,2
680,3301,1
666,3903,3
1945,3027,21
3357,3373,2
182,223,4
531,3693,2
913,3777,3
2289,2424,3
1064,1078,19
1509,1898,4
2062,2588,4
587,782,3
518,3659,22
2391,3877,4
468,1892,3
4128,4135,2
1915,2430,2
1882,2095,5
552,2349,1
1305,2327,1
2199,3797,4
117,3653,19
703,1427,3
1923,2004,19
1350,2601,1
2853,3904,3
2320,3378,21
706,2247,21
67,2767,10
1051,3659,22
1644,1983,2
600,1999,22
704,1061,3
595,2780,22
915,1778,3
342,1215,3
3160,3340,3
424,2782,22
861,981,2
1044,2923,3
459,939,3
737,1064,19
1591,2164,3
2251,3971,17
2653,2723,8
1084,2834,4
1266,1553,19
2654,3409,6
3452,3536,2
1419,2211,19
223,1164,4
1250,2572,5
2558,3590,1
366,3591,21
1607,4003,5
1677,1818,3
791,2228,2
1042,2711,10
312,3613,19
570,1873,17
2612,3222,4
824,3307,6
1128,2094,4
2062,3818,4
315,2923,3
1923,3613,19
6,1994,19
1777,3054,13
56,2437,3
514,3155,7
2076,2477,1
334,1818,2
833,3959,5
1237,1777,13
1531,1553,19
311,2776,21
1021,2105,1
739,3613,19
364,462,2
1016,4021,5
3546,3693,3
1666,3397,3
1981,3287,21
4105,3964,5
1955,3954,2
1164,2367,4
1226,3378,21
476,1115,2
1559,3081,21
15,2776,21
462,3239,2
1334,3154,4
2531,3642,2
660,1621,3
1262,1714,2
2565,2831,3
1260,2588,4
863,1222,3
157,1629,14
2263,2993,3
1378,2743,6
346,2626,3
563,2238,3
1945,2776,21
3138,3232,2
2563,3834,2
26,3834,2
1790,3083,1
15,2233,21
471,839,3
1378,2067,6
1485,2320,21
1160,1873,17
2802,3469,2
2831,3154,4
3074,3653,19
1045,1107,2
4128,2116,2
559,2613,3
570,590,17
824,1335,6
426,2749,22
98,810,2
518,1348,22
1635,2053,2
2012,2813,3
1901,3599,3
2795,3680,1
426,1999,22
986,3708,3
1371,3019,3
2228,2817,2
738,2767,10
2095,3663,5
3661,3664,3
60,1784,2
2656,4053,3
2188,2345,6
706,1485,18
2220,2844,4
1625,2613,3
2523,3914,2
749,1509,4
1226,3925,21
188,3377,1
732,1000,2
851,1533,1
913,3629,3
1209,2291,22
60,2022,5
1708,3313,3
939,2302,3
148,845,2
1572,2138,5
1130,3628,2
2233,3288,21
326,3357,2
1438,3165,6
2890,3601,4
1263,3138,2
1129,3945,3
236,1134,3
108,3477,1
416,3965,4
3582,3980,3
1078,1546,8
2192,3894,22
471,1352,3
134,3933,3
1474,2305,17
3312,3653,19
645,2158,2
2428,3114,3
338,2251,17
1202,1495,3
15,1485,21
296,1430,1
1169,3925,21
3407,4074,5
1295,1468,6
941,2320,21
154,1427,3
1710,3599,2
2264,3586,3
2787,3734,1
778,3925,21
40,1295,6
311,3027,21
780,2993,3
36,3661,3
586,1963,1
314,3386,2
1559,2429,21
1134,3463,3
106,3327,5
1759,1923,19
1663,3838,2
1726,2967,2
1559,2320,21
2175,3322,2
2069,3541,6
3373,4001,2
2022,2466,5
702,858,1
190,983,6
399,3494,3
1970,2035,3
1935,3971,17
621,867,2
1643,3914,2
317,2466,4
1883,3327,4
1252,2629,2
1237,3762,13
739,3347,19
1348,3557,22
1107,1251,2
1260,1493,4
0,18,3
101,2606,4
1265,3686,3
190,247,6
167,1680,4
1993,3064,3
514,3560,7
1320,2837,10
472,2554,5
483,3429,1
1230,2291,22
315,1044,3
1293,2340,1
1938,2980,2
605,1018,10
1907,2654,6
2405,2943,6
514,785,7
532,1550,6
3657,3764,3
2148,3942,3
4129,426,22
2223,3433,3
586,2079,2
742,1926,3
3613,3775,19
605,3922,10
1231,3028,3
184,2961,10
21,1525,2
2069,3705,6
291,666,3
2775,3257,2
1638,3480,1
3075,3794,4
1134,3638,3
3400,3661,4
141,541,7
1775,3753,2
872,965,1
1169,1559,21
1185,1233,3
1999,2903,22
1435,1468,6
656,4073,3
854,1443,2
3092,3124,2
569,3491,13
2369,2998,14
36,1685,3
750,3682,3
1432,2356,3
1714,3844,4
2371,2923,3
775,925,8
2483,3405,3
2203,2951,4
878,1211,3
338,570,17
65,1546,8
2235,2772,3
2335,3783,3
1134,2230,3
2562,2683,3
2749,2903,22
3613,4039,19
518,2081,22
2755,3139,2
1233,3724,3
153,3862,5
1873,2305,17
153,2022,5
2182,3573,6
169,2837,10
1501,3244,2
600,1209,22
1799,3313,3
569,1641,13
442,932,2
876,2258,3
2977,3347,19
539,3758,1
1791,3313,3
706,3378,18
2067,2831,6
117,739,19
2612,3447,4
1706,2309,1
707,2410,14
518,2782,22
1262,2890,4
15,778,21
941,1170,4
169,3603,13
231,3237,2
366,3288,21
430,2020,1
983,3705,6
1935,2301,17
4129,1230,22
1923,3347,19
3500,3761,3
1063,1873,17
3526,3652,3
432,953,3
399,1363,3
4128,642,2
2405,3155,7
1464,2714,3
2804,3536,2
2035,2284,3
3550,3762,13
1320,3637,10
1809,2514,5
0,1750,3
444,3971,17
777,3033,1
259,746,5
2196,2998,14
2755,2882,2
3203,3419,3
925,2723,8
156,3035,3
70,3520,2
553,2742,1
866,1111,3
2829,3107,4
1775,2110,2
702,2403,2
1798,2462,2
1935,3352,17
251,1453,3
331,1140,5
256,3956,3
4113,153,5
827,3256,3
337,3726,2
1583,3159,1
311,3288,21
1522,2138,5
2128,3670,3
2095,3347,19
1419,2004,19
1799,3066,3
1078,2016,6
2277,2303,4
1226,2560,21
561,1937,4
287,1044,3
239,2998,14
1367,3499,7
2844,3089,3
338,2995,17
447,2643,2
1169,3789,21
1474,2995,17
426,595,22
1994,2004,19
43,2837,10
1485,1945,21
1237,1641,13
2369,3707,14
778,1192,21
1063,3352,17
3768,3862,3
40,1435,6
1659,1796,4
547,3160,4
1169,1485,21
4121,2711,10
40,1468,6
462,1000,2
952,1482,3
1343,1786,2
2169,2320,21
1260,2829,4
1096,1591,3
1266,2977,19
2321,2560,21
2012,3559,3
3054,3550,13
925,4020,8
311,1192,21
2210,3362,3
1730,1923,19
2654,3641,6
1555,2627,3
440,471,3
825,3363,2
2917,3910,4
1981,2320,21
2813,3133,3
772,1100,2
1784,2022,5
1923,2075,19
600,796,22
1314,1773,2
276,3386,2
2529,3764,3
1144,4049,3
1160,2305,17
1281,2454,2
1303,2530,2
1567,2445,2
85,3354,4
61,2345,6
3054,3087,13
239,707,14
117,1492,19
2285,2462,2
2902,3892,1
1099,3660,10
1180,2178,2
2723,3327,8
3284,3925,21
600,3894,22
0,3077,3
1371,2627,3
596,1873,17
1374,2239,3
2793,3736,3
540,1976,2
2560,3027,21
1641,1777,13
2525,3546,5
790,2542,2
518,1051,22
618,2457,3
1103,1759,19
913,1231,3
2366,3613,19
993,2912,3
1103,3074,19
301,3595,2
827,1203,3
2711,3782,10
4102,2724,3
1034,1531,7
1192,1945,21
477,973,3
5,3714,19
1997,3312,13
2588,2829,4
4126,2063,2
366,2247,21
1226,2776,21
819,1044,3
2196,2369,14
153,2874,5
1059,3762,13
1474,3231,17
2174,3639,2
2953,3987,7
3901,3948,2
432,1062,3
1078,3945,6
432,2144,3
836,1446,7
1230,2749,22
700,3914,2
2192,2903,22
3043,3686,3
1192,2560,21
1438,1531,7
1923,3074,19
900,1195,1
420,1898,4
189,2571,6
1553,1707,19
2923,3398,3
1607,4020,8
3714,3964,19
117,3146,19
2585,2760,2
2369,3126,14
902,1714,2
940,1983,2
478,4041,1
1720,3965,4
1419,1923,19
922,1016,5
1408,2909,6
2339,2613,3
2355,3593,4
2890,3528,4
472,533,5
1421,3816,3
762,2860,3
4129,518,22
3074,3400,19
2514,3684,5
922,2022,5
2407,3077,3
707,2744,14
600,1230,22
2671,2866,3
486,2251,17
2410,3707,14
1226,1485,21
799,2723,8
2081,2780,22
1063,1474,17
2711,2961,10
1873,2251,17
705,3762,13
825,3218,2
846,3035,3
2227,3115,1
3447,3956,4
96,3125,2
514,1034,7
2842,3489,4
790,3667,2
1994,3733,19
135,2866,3
2042,3944,1
1064,2405,19
2731,3554,2
4153,1354,2
245,3772,2
2247,3591,21
2454,3292,2
939,1201,3
3591,3789,21
1659,3222,4
1512,3331,6
3782,3922,10
824,1438,6
1084,1213,4
2290,2369,14
43,738,10
2138,3657,5
3641,4074,6
2652,4075,2
1231,3776,3
499,1473,1
605,2711,10
2408,3218,2
2138,4073,5
3557,3659,22
550,941,4
1768,2651,3
1607,1650,5
2321,3925,21
2541,3667,2
3347,3743,19
153,746,5
1192,3925,21
2430,2878,2
4102,3844,4
596,3352,17
986,3413,3
1709,3766,3
355,1184,1
3491,3603,13
711,1014,14
1185,3601,3
2345,3844,6
5,1923,19
1509,3219,4
3313,3356,3
1825,2253,1
2373,3180,4
240,3527,3
331,475,5
3588,3964,3
2091,2192,22
1615,2397,2
2094,3310,3
338,1474,17
311,3789,21
595,600,22
1705,3176,3
3407,3743,5
4138,236,3
2361,3954,2
1059,1777,13
705,3491,13
2466,3723,4
1014,1140,14
2998,3707,14
227,1190,3
394,1778,3
1758,2161,4
2156,3494,3
6,1419,19
2776,3925,21
1944,2554,5
565,1234,1
105,3791,2
426,2903,22
917,3347,19
1295,3941,6
47,782,3
1528,4049,3
227,1192,15
2156,3376,3
179,1140,5
432,471,3
176,1328,3
475,1014,14
790,2362,2
72,2374,3
2032,3613,19
3603,3637,13
317,576,2
360,3879,2
2723,3273,8
127,2676,2
778,1226,21
1252,1840,2
65,354,8
2138,3669,5
1608,2943,5
1796,3222,4
2645,3722,4
1518,1768,3
5,1783,19
925,3264,8
1315,1816,4
2570,2630,2
424,2081,22
1597,1813,3
1677,4073,3
3023,3577,1
3312,3491,13
810,3124,2
1798,2802,2
1335,1531,7
796,2749,22
1994,2211,19
603,2210,3
2138,3503,5
569,1237,13
4129,2782,22
4096,458,3
707,2399,14
2897,3126,14
117,3714,19
2553,3244,2
2767,3637,10
1312,1353,3
1888,2161,6
43,67,10
878,2754,3
2812,3386,2
1103,2211,19
3571,4003,5
618,2909,6
2061,2917,4
742,2126,3
387,707,14
996,2896,4
1636,1720,4
988,1182,5
3091,3742,4
1237,3550,13
157,707,14
939,2007,3
2672,3320,3
4122,2445,2
85,330,4
605,3510,10
1128,3310,4
180,1099,10
1576,3435,2
2320,2357,21
2211,3714,19
3089,3844,4
1051,2291,22
1213,2199,4
440,3075,4
2128,2558,3
1203,1901,3
157,239,14
1796,2612,4
2091,3659,22
3601,3786,3
3339,3652,3
52,1324,1
1923,2211,19
67,169,10
471,2772,3
4154,2802,2
3087,3491,13
532,2549,6
596,1160,17
7,432,3
141,836,7
2693,3400,4
3506,4067,3
1374,2210,3
1752,2180,2
1396,3944,1
3764,4047,3
600,1348,22
1407,3155,7
458,3930,3
499,1737,1
3400,3840,4
737,1553,19
1231,1566,3
2355,2896,4
387,2196,14
1103,1266,19
1421,3140,3
2064,3008,2
746,789,4
1946,2138,5
356,2938,3
1841,3020,3
2284,2746,3
2797,3275,2
2486,2657,1
713,2584,2
1507,3708,3
3337,3810,2
925,1546,8
1191,2476,4
1670,1816,4
1453,2576,3
3153,3587,2
196,283,5
11,2680,2
778,1169,21
1103,2004,19
2477,3282,1
2954,3114,2
604,2099,3
3411,3802,2
1453,3716,3
827,2385,3
1945,3591,21
748,2098,3
1174,2679,2
444,2301,17
340,3705,6
3205,3503,3
4101,2861,3
2711,3290,10
71,3448,2
167,3763,3
507,1267,2
570,596,17
396,1529,2
440,839,3
2077,3117,4
2549,3573,6
2094,3154,4
706,1945,21
3180,3952,4
491,1288,6
973,2499,3
2429,3789,21
710,2873,3
1940,3901,6
412,1707,2
1464,3169,3
426,600,22
366,1485,21
4148,3945,3
1370,2493,3
1786,3800,2
1551,2264,3
1891,3932,1
2284,3631,3
444,1935,17
1824,3290,5
1781,3257,2
253,2320,21
547,2203,4
424,3894,22
2705,2902,1
153,3308,5
785,1407,7
1191,3214,4
1945,2357,21
4122,1219,2
32,3125,2
2067,2743,6
459,2199,4
678,1134,3
801,3960,1
1473,3362,3
1559,2321,21
85,1620,4
3347,3775,19
2182,2278,6
12,1412,1
1731,2585,2
3453,3535,1
239,1014,14
1266,3074,19
1480,3503,3
1589,3289,4
3054,3491,13
2497,3146,2
2808,3945,3
1923,3653,19
472,3743,5
1417,1938,2
2903,3659,22
213,782,3
518,595,22
732,1152,2
2298,2356,3
1160,3971,17
3288,3925,21
226,3386,2
444,3352,17
1531,3560,7
1393,1768,3
922,1083,5
746,2620,4
2060,3264,8
153,922,5
1759,4020,19
1762,3765,4
112,1173,3
1424,3411,2
1665,1881,3
1956,2525,5
3669,4047,3
4129,2780,22
575,2061,3
3001,3045,2
489,3776,2
2780,2903,22
251,866,3
101,1260,4
856,1922,1
1478,1731,2
2015,3829,3
432,3419,3
896,2555,3
595,2903,22
985,3074,19
706,3027,18
1435,1541,6
2578,3638,2
594,2941,7
857,3264,8
354,2723,8
1077,3423,3
3065,3270,1
2210,4027,3
998,2263,3
973,3312,13
2539,2542,2
2289,2626,3
3763,3842,3
2119,2614,2
800,1762,4
2126,3097,3
1182,2762,5
1553,2405,19
1115,3886,2
941,3794,4
2211,2386,19
65,1078,8
477,3520,3
363,1859,1
533,1923,19
2144,3241,3
2374,2923,3
55,219,3
168,3309,1
2357,3287,21
1192,3789,21
1518,2649,3
813,2289,3
750,3816,3
4121,1018,10
1180,2356,3
3003,4060,2
1230,2903,22
1419,3074,19
2357,3591,21
972,1946,4
788,3143,2
1777,3762,13
1173,1272,3
189,2024,6
1239,2261,3
274,2636,2
2991,3298,2
812,3855,3
1994,2386,19
2264,3797,3
1493,2829,4
157,2290,14
1201,2128,3
2320,2355,21
146,4037,3
2206,3883,2
1226,1981,21
2886,3500,3
157,1883,14
481,2355,4
2301,3971,17
366,2320,21
85,3278,4
1881,2077,4
2182,2575,6
340,2203,6
874,2411,3
239,2897,14
65,4020,8
1419,3653,19
6,1553,19
1345,2015,3
1556,2731,2
2782,3557,22
15,2247,21
223,2367,4
2626,3787,3
866,3947,3
1512,3947,6
733,2144,3
739,1759,19
759,3536,2
995,1238,4
1572,2514,5
2081,3557,22
2289,3543,3
135,398,3
1182,2296,5
1528,4081,3
1919,2292,2
2261,3242,3
50,754,2
3357,3358,2
3362,3526,3
2492,3806,2
3146,3520,2
5,1064,19
47,213,2
4129,796,22
995,3593,4
4134,2116,2
109,356,3
426,2192,22
2369,2744,14
691,1173,3
1555,2156,3
1288,2067,6
4128,4134,2
569,3312,13
2995,3231,17
3745,3945,3
2643,2712,2
952,1709,3
2730,3180,4
796,1051,22
1607,3918,5
1435,3941,6
330,1665,3
3125,3581,2
1269,1288,6
215,1173,3
3486,3934,6
496,1665,3
3362,3652,3
604,2683,3
1972,2955,2
778,1485,21
2457,4015,2
287,315,3
312,3347,19
1384,3486,6
339,3209,2
1242,2831,3
2091,2749,22
2247,3288,21
464,2454,2
1348,2749,22
1468,1541,6
1864,1940,6
497,1127,3
227,1077,3
995,2378,4
951,2462,2
1620,1665,3
1205,1409,4
1289,3363,2
1222,3938,3
85,1720,4
2983,3164,2
3646,4003,5
1274,2405,6
861,3887,2
1773,3091,3
2366,2989,5
2476,3530,3
1209,1999,22
4105,2786,5
2457,3448,2
366,3378,21
1169,2233,21
1566,2448,3
2514,4074,5
1078,3714,19
778,1559,21
1412,3601,3
2081,3894,22
827,2774,3
753,1266,19
1095,1246,4
228,2166,7
792,986,3
1531,3962,7
1981,2560,21
2079,3177,2
2081,2782,22
86,1383,2
1063,2251,17
4136,604,3
590,3352,17
1461,1622,3
15,3287,21
1407,1531,7
153,1555,5
43,2767,10
1882,3987,5
5,2386,19
773,3154,4
3357,3369,2
420,3877,4
2689,3699,1
1035,1176,4
2119,3178,2
1140,3227,5
1401,3844,4
2030,3702,1
227,3241,3
790,2541,2
986,1507,3
5,1994,19
1725,3514,2
1841,3983,3
1493,2411,3
2345,3366,6
2953,3613,19
3155,3560,7
738,3603,13
366,2357,21
2953,3347,19
3347,3714,19
513,2358,3
426,3557,22
3407,3646,5
2071,3512,1
1591,2764,3
4129,3659,22
2809,3251,2
3203,3208,3
366,1169,21
704,2432,3
1409,2204,4
3124,3357,2
2423,3476,2
2403,3507,2
1714,2122,2
2114,3844,4
778,2233,21
4131,806,2
1233,3601,3
1981,3591,21
477,3686,3
1883,3739,4
1546,4020,8
878,3851,3
1281,3292,2
2320,3889,21
1367,1407,7
621,660,3
2531,3078,2
683,685,2
3020,3284,3
304,3362,3
1237,3491,13
2126,3091,3
2723,3264,8
590,3971,17
311,2233,21
1103,3714,19
595,2782,22
178,1670,2
1635,2058,2
538,3526,3
3425,3867,2
778,2429,21
2204,3140,4
3671,4015,2
3034,3058,3
1064,1923,19
2711,3922,10
100,1037,2
1641,3603,13
1274,1531,7
1419,1783,19
1783,2211,19
656,3616,3
147,2263,3
387,3707,14
1882,1923,19
338,1935,17
3591,3925,21
533,3180,5
542,2337,1
2045,4037,3
796,3894,22
1783,3074,19
1231,3568,3
866,3830,3
1546,3074,19
335,1064,19
1461,2957,3
2222,3887,2
363,2614,1
2731,3609,2
71,1626,2
3278,3279,2
3743,4003,5
4138,3904,3
228,541,7
813,2411,3
1609,3945,3
517,1994,19
2488,3311,1
2457,2914,2
2220,2412,4
2675,3761,3
3834,3945,3
26,3852,2
1226,3027,21
2203,3593,4
2004,3613,19
352,2941,7
2220,3500,4
1757,3673,4
2367,3752,4
3310,3629,3
157,3707,14
1438,3307,6
259,922,5
1622,2002,3
85,1665,4
796,1209,22
326,1632,2
2501,4053,3
2517,2701,6
417,2585,3
1553,1994,19
866,1231,3
3613,3959,19
231,1663,2
660,2128,3
1349,3886,2
2291,2903,22
1103,1923,19
1274,3155,7
523,1682,3
876,2273,3
417,2913,3
2247,3287,21
366,2560,21
590,2995,17
1597,2379,3
2555,3933,3
2756,3289,4
2897,3707,14
737,3347,19
2057,2472,2
1909,1912,3
1688,3203,3
302,3592,3
1018,3922,10
866,3254,3
2860,3720,3
239,2290,14
2056,3494,3
1435,1512,6
929,1453,3
1908,2514,5
511,4034,2
1192,2357,21
827,2157,3
2961,3782,10
1566,3764,3
267,3304,2
444,1160,17
444,570,17
1034,3499,7
1230,2780,22
2386,3653,19
387,2369,14
1051,1348,22
1608,2565,5
694,3686,3
1792,2358,3
746,2993,4
812,2095,5
827,1555,3
1641,1997,13
941,1191,4
2698,3998,1
327,2462,2
2723,3661,8
988,2525,5
1169,2320,21
706,3288,21
15,3288,21
618,1882,5
559,2339,3
792,1507,3
1474,3971,17
1969,2306,1
317,3696,2
549,1933,1
133,2680,2
227,3797,3
2064,2932,2
2961,3660,10
1160,3231,17
239,2744,14
3661,3673,3
1540,3025,1
2182,2549,6
2193,3131,3
1559,2247,21
2430,2922,2
1250,1923,19
1049,3699,1
2247,2321,21
170,1950,3
1180,3235,2
247,3705,6
412,1553,19
477,1215,3
1063,2971,17
2135,2465,2
1553,2562,19
2993,3220,3
2484,3942,3
704,1329,3
1930,2547,3
705,3087,13
2913,3601,3
1512,2570,6
4114,381,1
559,3405,3
978,2731,2
1945,1981,21
27,1343,2
2627,2675,3
366,2233,21
117,2977,19
266,3317,2
1802,3317,2
2768,4071,1
523,1231,3
583,3476,2
1937,2756,4
989,1384,6
311,1559,21
179,3242,3
2022,2977,8
742,2699,3
737,2854,18
1801,1816,4
1407,1647,7
154,2483,3
839,841,3
739,1783,19
4129,2091,22
157,1014,14
228,1446,7
806,1870,2
1185,2686,3
3358,3373,2
922,4021,5
1129,3058,3
3081,3789,21
335,2909,6
1675,2967,2
187,1613,2
2015,2676,3
2305,3971,17
1250,3733,5
1999,2291,22
1230,3659,22
1237,3054,13
2600,2643,2
226,2886,3
1018,2711,10
302,2626,3
4140,191,3
896,916,3
1077,3970,3
2211,3653,19
2043,3449,3
1759,3653,19
1274,3683,6
4151,660,3
4151,1621,3
1367,3155,7
1629,3327,4
590,1935,17
585,2303,4
1320,2944,10
1209,1348,22
1946,2958,4
15,3378,21
183,190,6
2367,4005,4
3442,3990,3
375,3599,2
85,1563,4
3497,3559,3
1730,2977,8
3054,3762,13
5,2977,19
523,3876,3
1209,1230,22
988,1956,5
2128,3783,3
77,245,2
1647,3582,3
1180,1728,2
4135,1648,2
65,3264,8
1683,4063,2
1274,3606,6
189,2985,6
3800,3930,3
106,3475,5
1518,1767,3
2410,3126,14
1191,3080,4
236,827,3
1176,3742,4
2437,2917,4
1182,2525,5
2211,3613,19
382,2188,6
346,3787,3
2646,2831,3
1434,2884,3
227,2144,3
920,3676,1
2843,3125,2
2192,2780,22
799,1185,6
1144,1899,3
2854,3714,19
635,2054,2
1078,2204,6
2235,2861,3
374,635,3
2169,3541,6
3404,3966,1
1288,1302,6
1209,3894,22
561,3593,4
1176,3632,4
2529,4046,3
2767,2837,10
523,2235,3
1785,3397,3
1160,2301,17
806,1184,2
4137,1880,2
169,2944,10
1209,3659,22
228,2941,7
1192,2320,21
2263,3635,3
527,2043,3
2299,2793,3
180,3925,21
1824,2977,8
311,366,21
1016,2022,5
2196,2410,14
1710,3723,4
3422,3925,21
789,2373,4
1930,3251,3
518,2780,22
1783,3613,19
1169,1192,21
998,2627,3
117,2032,19
580,1206,2
844,995,4
1873,3971,17
693,2104,1
2114,2345,6
2002,3617,2
2744,3707,14
4101,3686,3
67,289,10
4124,3863,1
898,1402,2
486,1063,17
63,2284,3
1378,2345,6
106,2958,5
3495,4063,2
491,1269,2
2366,3347,19
973,3092,3
1597,3405,3
1266,1783,19
1464,3956,3
2001,2762,5
4140,660,3
558,1627,3
583,3839,2
1531,3120,7
1873,3352,17
996,2320,21
338,3971,17
1981,3789,21
2077,2466,4
37,3208,3
806,2960,2
2301,2305,17
396,1699,2
1169,2357,21
7,1062,3
2675,3500,3
2294,3644,1
53,4065,2
2247,3789,21
1062,2206,3
2450,3176,3
26,2928,2
340,3579,6
228,836,7
2776,3378,21
1209,2081,22
1169,2321,21
2094,4017,3
1191,2140,4
1272,2238,3
1096,2764,2
236,3514,3
474,1409,4
1644,3506,3
3058,3064,3
366,2776,21
117,2953,19
792,3708,3
564,2824,2
4140,3783,3
432,3338,3
1950,2095,5
283,3813,5
420,3462,4
3360,3627,2
387,2290,14
85,1636,4
3510,3660,10
641,2675,3
1893,3673,3
952,3777,3
1782,3257,2
737,1266,19
737,3653,19
2903,3557,22
2572,2953,7
1059,3087,13
356,1650,3
799,2016,6
838,2175,2
1266,1923,19
590,3231,17
2230,3561,3
296,3994,1
1946,2046,4
1777,1997,13
3541,3705,6
1997,3762,13
1553,3155,19
644,2045,1
43,3637,10
191,1512,6
2429,3287,21
604,1553,19
731,929,2
98,3124,2
678,2136,3
111,3058,3
138,3623,3
2069,2355,6
444,1063,17
236,2377,3
588,1303,2
366,1192,21
518,3894,22
1806,2734,2
117,2004,19
300,427,4
1730,3733,4
2767,2944,10
766,2126,3
1653,3748,3
1764,4078,2
854,2991,2
2626,3328,3
347,3514,2
2719,3825,3
182,3281,3
1571,3673,3
2238,2422,3
2247,3378,21
4105,196,5
65,2720,8
839,890,3
2296,2762,5
3673,3903,3
1189,1553,19
4105,724,5
652,3613,19
2357,3288,21
1937,3313,4
2291,2749,22
4122,507,2
725,3877,4
766,3145,2
1288,2345,6
43,2944,10
101,2062,4
1559,2560,21
462,1708,3
1164,3808,4
1994,3154,19
2837,2944,10
192,3959,5
1708,1799,3
127,2015,3
618,1923,19
1559,1945,21
242,3903,3
3806,4053,3
1230,1999,22
1574,2002,2
2886,3449,3
744,3217,1
932,3008,2
1416,2641,2
1935,2305,17
862,3938,3
1759,3074,19
559,1134,3
527,3500,3
1059,3312,13
3382,3736,3
570,1935,17
1103,1783,19
1709,3777,3
1134,3514,3
43,3603,13
1685,3661,3
1553,3653,19
2055,3970,3
56,3839,2
45,1950,3
1608,3074,19
117,1783,19
1012,1410,2
604,3968,3
6,117,19
6,1759,19
1320,2767,10
2321,3789,21
1818,2934,2
1824,1923,19
3087,3762,13
3154,3835,4
2606,3818,4
2012,2912,3
2001,2220,4
909,3887,3
313,1265,2
2399,3126,14
2428,3154,4
846,3844,4
2629,3101,2
1759,4003,19
1594,3580,3
3054,3312,13
259,2953,7
2247,3081,21
2210,2239,3
707,2897,14
707,2290,14
595,2192,22
493,563,1
680,2836,1
1818,2755,2
3808,4005,4
2780,3894,22
2337,2807,1
1999,3894,22
932,2064,2
477,2332,3
1177,3191,3
778,2776,21
2627,3019,3
569,1603,13
21,2612,4
532,2575,6
2886,3197,3
1981,2776,21
1180,3710,2
824,3165,6
4129,1051,22
3347,3959,19
117,189,19
841,2105,1
2081,2749,22
3203,3264,8
739,2386,19
1018,3782,10
2901,2971,3
1018,3660,10
3848,3934,6
1563,1720,4
1594,2467,3
468,2099,3
4101,723,3
1238,2917,4
1225,2508,1
106,1635,5
1553,2386,19
189,2953,7
762,3720,3
2185,3154,4
1705,2450,3
432,909,3
932,3265,2
1139,1533,1
190,2069,6
2752,3776,3
1170,2905,3
432,839,3
1492,3613,19
3411,4040,2
453,1902,1
112,691,3
171,837,4
1014,2410,14
2873,3990,3
3407,3657,5
189,533,6
1099,2711,10
2067,2345,6
1597,3503,3
1677,1967,3
1994,2147,19
778,3287,21
245,3078,2
778,3288,21
635,3159,2
6,1064,19
194,3264,8
1067,3601,3
1923,2953,19
827,1718,3
214,2493,3
1226,2320,21
1230,2081,22
2169,2896,4
3362,3884,3
1945,3288,21
486,596,17
717,1186,2
1919,1995,3
710,1669,3
574,1556,2
1759,2211,19
2912,3559,3
1665,3965,4
3074,3613,19
2565,3443,3
4129,2192,22
200,3222,4
1134,3601,3
1595,2052,2
1035,1315,4
3451,3535,1
1160,3352,17
423,1937,4
4140,1186,3
3407,3959,5
2477,2939,1
171,2068,4
1559,3288,21
1659,2675,4
2886,3878,3
2429,2776,21
18,2407,3
184,3922,10
366,3925,21
2848,2876,2
1226,2321,21
518,2749,22
596,1474,17
1230,2091,22
3288,3591,21
4145,112,3
1018,1099,10
1292,3252,3
301,3645,2
588,2530,2
259,1016,5
1937,3593,4
196,3813,5
1682,2108,3
65,3273,8
106,2075,5
415,1453,3
919,3808,4
1107,3489,2
617,1594,3
918,1078,6
329,1203,3
533,2977,8
595,3557,22
196,2287,5
632,3244,2
854,2877,2
1384,3934,6
472,2095,5
1018,3510,10
1940,2069,6
3409,3641,6
1527,3675,3
236,2378,4
941,1903,4
1923,3475,19
340,1940,6
948,1708,3
974,989,6
77,2416,2
703,732,2
1349,3098,2
15,1559,21
898,2158,2
3287,3288,21
3001,3108,2
1653,2303,4
3219,3877,4
1571,1893,2
1787,2002,2
656,3503,3
1958,3818,4
1392,2303,4
1730,2075,4
1981,3925,21
1546,2183,8
106,1247,5
1572,1597,5
1994,2977,19
1160,2251,17
1424,3233,1
806,1950,3
171,2645,4
481,995,4
2525,2762,5
3126,3707,14
2655,4047,3
128,3455,1
518,2091,22
763,1080,2
957,2107,1
825,3209,2
1407,3980,7
2740,2757,4
2562,3968,3
2316,2529,3
1464,1622,3
2012,3527,3
1505,4005,4
1467,3930,3
707,2369,14
1266,1994,19
289,2837,10
342,558,3
462,732,2
778,2320,21
169,738,10
1168,2933,3
532,2278,6
715,1546,8
1284,3100,6
404,1044,3
2214,2909,6
374,3214,4
153,827,5
2357,2776,21
101,1958,4
424,2192,22
2004,3653,19
1940,3472,6
739,1103,19
1231,2752,3
3629,4034,3
417,1677,3
510,1792,3
2157,3256,3
1485,3288,21
2399,2410,14
1427,1566,3
1461,1464,3
831,1509,4
191,2002,2
1946,2128,4
1663,3732,2
2068,2890,4
1903,3873,3
2953,2977,8
394,915,3
1759,1783,19
55,413,3
1278,1608,5
1384,1888,6
2560,3591,21
1930,2809,3
157,1112,14
854,3298,2
533,1882,5
1140,2507,5
2977,3733,8
2204,3777,4
423,547,4
3023,3607,1
2169,2355,4
1239,3242,3
3188,4094,1
289,738,10
1668,2322,2
5,3074,19
1064,2479,19
2022,2204,5
2320,3091,21
169,1320,10
536,1180,2
2808,3745,2
2289,2411,3
1266,1419,19
260,2864,3
1555,2230,3
2369,2410,14
2399,3707,14
4113,3862,3
150,531,2
472,2194,5
2695,2752,3
321,1923,19
825,3030,2
120,2200,1
2367,3808,4
1868,1967,3
444,1474,17
1169,2247,21
3200,3403,2
227,2718,3
67,2837,10
444,486,17
1673,3943,2
1592,2147,3
651,3320,3
1168,1319,3
387,1014,14
2015,3956,3
4129,2749,22
2004,3074,19
15,2321,21
518,1230,22
1937,3924,4
883,1591,3
160,2864,3
895,1938,2
253,3794,3
3284,3422,3
1759,3347,19
2266,3860,3
750,2403,3
1771,3503,3
3102,4005,4
1468,1512,6
690,862,3
1173,3038,3
356,1607,5
1419,1759,19
2138,3215,5
1226,2429,21
1320,3603,13
85,2077,4
1134,1233,3
569,3945,13
1453,3058,3
375,1710,2
2095,2953,7
2164,3290,4
2744,2897,14
475,707,14
421,2349,1
48,2626,3
256,4037,3
1623,2057,2
4121,3782,10
302,3787,3
4121,3510,10
182,746,4
590,1873,17
2216,2923,3
1653,2562,3
652,1402,2
1078,2702,6
432,3530,3
2128,3439,3
2410,2998,14
513,2418,3
3546,3616,3
240,939,3
647,3244,2
567,3883,2
227,2128,3
1752,2534,2
168,438,1
883,3116,2
827,829,3
1226,3081,21
1176,1816,4
1641,3087,13
424,2903,22
2719,3212,3
1461,2220,4
153,2466,5
1064,1419,19
311,2560,21
1333,2606,4
2457,2546,2
1453,3969,3
2098,2680,3
1401,3481,3
1636,3965,4
2258,2273,3
1206,3091,3
570,1160,17
1168,2204,4
604,3748,3
2429,3027,21
211,3180,4
444,2995,17
55,2920,3
1945,2320,21
1226,3789,21
739,1064,19
656,3673,3
1463,1728,1
368,941,4
1445,3818,4
1842,2733,3
331,2074,6
1266,3653,19
921,2284,3
1409,2351,4
1479,3570,2
1529,1699,2
2247,3027,21
775,3273,8
181,3313,3
189,3347,19
2627,3469,3
1231,4008,3
825,2397,2
738,2944,10
1274,2015,6
1607,1608,5
330,496,3
1682,3032,3
2251,2305,17
3673,4053,3
1485,2429,21
1651,1755,1
1354,3008,2
1237,3603,13
2303,3120,7
1938,2845,2
1553,3714,19
850,3319,1
588,2799,2
600,2091,22
749,1898,4
2203,3160,4
15,3027,21
1045,3933,3
1464,2785,3
2457,2607,2
1431,3982,1
4101,603,3
737,3074,19
2066,3613,19
617,1930,3
2004,2386,19
2320,3288,21
1014,2744,14
1209,3557,22
223,4005,4
3287,3591,21
1226,1945,21
1044,2371,3
1231,1458,3
1381,2983,2
2358,3313,3
313,3043,2
3664,3665,2
1046,3455,1
2621,3883,2
382,1230,22
1219,2643,2
3347,3663,19
1103,1419,19
1946,3344,4
2675,3956,3
663,3613,19
753,2977,8
432,2152,3
1279,3313,3
1409,2834,4
4100,2113,2
1923,2977,19
1034,3155,7
2479,3686,3
2859,2864,3
15,2429,21
424,2091,22
2749,2782,22
925,2909,8
1064,1103,19
3616,4073,3
2554,3663,5
1266,1759,19
3720,3938,3
227,806,3
1559,2357,21
3074,3714,19
424,1999,22
2399,2897,14
574,742,3
101,1878,4
785,1367,7
2386,3714,19
989,1888,6
1348,2782,22
1531,2405,7
292,2002,2
2091,3557,22
3074,4080,19
1348,2081,22
1288,2188,6
2128,3797,3
815,3125,2
1522,3215,2
112,2802,3
547,1937,4
1261,2733,3
3440,3818,4
1432,2548,3
157,2998,14
3639,3665,2
2068,3903,3
4139,3338,3
1035,3742,4
3275,3763,3
1796,3143,4
1203,2092,3
2776,3287,21
2284,3960,3
3120,3155,7
85,3890,4
426,2081,22
829,2157,3
2403,3682,2
1653,3517,3
6,1783,19
551,2241,2
596,2995,17
2291,3894,22
983,3541,6
427,2834,4
890,3767,2
2044,3500,3
2536,3269,1
533,3347,19
1841,3867,3
497,1806,3
1857,2283,2
676,2731,2
1516,3313,3
236,1680,4
3444,4005,4
569,2733,13
710,3338,3
1302,2188,6
1788,2751,1
1607,3264,8
2998,3126,14
1771,4061,2
2196,2399,14
1051,3894,22
1014,3707,14
1940,3705,6
1471,1566,3
595,2081,22
985,3840,4
4154,112,3
753,1923,19
1160,1474,17
1464,2957,3
2782,2903,22
2098,3017,3
4121,3660,10
364,2408,2
962,3038,3
1945,2429,21
5,3653,19
738,1320,10
221,742,3
253,2144,3
302,3125,3
1215,3526,3
706,2560,21
424,2780,22
3559,4073,3
150,3964,3
3027,3288,21
338,486,17
2320,3284,21
2345,2743,6
141,594,7
2776,3027,21
1493,3630,3
2789,4003,5
180,2638,3
179,2507,3
1745,3082,1
706,1226,21
706,2429,21
1938,2356,3
6,737,18
3956,4037,3
55,2358,3
335,1078,6
763,2000,2
1238,2203,4
5,1103,19
15,1981,21
1688,3419,3
117,2211,19
117,1419,19
579,1062,3
1064,1783,19
2776,3081,21
2780,3659,22
475,2074,6
462,3403,2
1174,1784,2
43,1320,10
3840,4080,4
1809,3531,5
2782,3659,22
1594,1930,3
1608,2366,5
475,1140,5
1141,1464,3
2233,2560,21
1348,2192,22
600,2291,22
1353,2844,3
3659,3894,22
1419,1553,19
1945,3287,21
2776,3789,21
3058,3969,3
1824,3475,5
988,2762,5
1816,3742,4
2192,3659,22
839,3767,3
763,2991,2
801,4084,1
518,600,22
2844,2886,3
2797,3763,3
569,3694,13
565,1294,1
2357,3925,21
1407,3499,7
1743,3763,3
1797,3599,2
685,1768,3
1514,4001,2
1348,2780,22
1783,1923,19
2267,3978,2
399,3154,4
423,1191,4
646,2367,4
1718,2157,3
222,2957,3
571,2358,3
1482,2211,19
2443,2901,3
2015,2464,3
1464,2824,3
356,4003,5
2064,3943,2
2204,2466,4
5,2004,19
601,3334,1
2081,2903,22
2429,3081,21
579,3883,2
1421,2124,3
444,1873,17
705,1059,13
1732,3401,3
1783,3653,19
18,1750,3
2320,3422,21
1070,1338,1
1335,1438,6
1682,3616,3
1983,4060,2
1078,2701,6
192,3743,5
2776,3591,21
2852,3904,3
2627,2993,3
3159,3426,1
1213,2834,4
3399,4049,3
1347,4087,2
289,3603,13
2002,2803,2
317,3357,2
432,2220,4
1891,2220,4
342,2371,3
3081,3288,21
1995,3844,4
16,3244,2
553,1659,4
1078,2909,6
796,2782,22
1546,3273,8
1348,1999,22
1758,1888,6
444,596,17
595,1230,22
2549,2575,6
799,2909,6
1783,3347,19
1685,3673,3
2128,2335,3
762,3938,3
3241,3566,2
2588,3818,4
2020,3243,1
1209,2192,22
317,1090,2
1680,3274,4
108,2456,1
974,1384,6
1182,1956,5
2094,3140,3
283,2786,5
1594,3635,3
85,3984,4
147,666,3
595,1999,22
739,1923,19
749,2284,4
706,778,21
487,2356,3
190,2640,6
778,3027,21
1927,3999,1
446,4056,2
796,2081,22
866,3699,3
1055,2752,3
1591,3064,3
862,863,3
1230,2782,22
1309,2022,5
1313,2035,3
1673,3244,2
2299,3736,3
1348,2291,22
547,1589,4
737,1759,19
274,2638,3
2531,3903,3
523,1946,4
2287,3813,5
1103,2386,19
1056,2069,6
1173,2238,3
782,2266,3
2653,3661,3
2138,4047,5
398,2866,3
1485,3378,18
2864,3652,3
995,2203,4
109,1353,3
1051,2192,22
232,2977,8
1410,3808,4
1731,2169,4
569,1202,13
916,3933,3
2103,3844,4
3407,4003,5
1677,1755,3
2095,2289,5
2004,3347,19
2600,2712,2
1315,3559,4
806,1449,2
1945,2560,21
1177,2901,3
1170,2844,3
311,706,21
382,2345,6
2263,3019,3
424,796,22
357,3903,3
916,2555,3
3209,3981,2
750,3546,3
388,3526,3
617,2547,3
1438,3962,6
1546,3400,8
2196,3126,14
1958,2606,4
533,2095,5
1089,3043,2
135,2671,3
1242,2646,2
1180,1920,2
775,1078,8
1712,2509,2
2454,2781,2
240,2411,3
2393,2654,6
951,2411,3
1758,3934,6
356,4020,8
426,2782,22
652,2027,2
2115,2258,3
424,1051,22
3328,3787,3
497,2734,3
1059,1237,13
1818,3139,2
1994,3714,19
2861,3347,19
3541,3912,6
590,2305,17
596,2305,17
1479,2135,2
1764,1983,2
2386,3613,19
2192,2782,22
2756,4032,4
1063,2301,17
444,590,17
2560,3789,21
227,2035,3
411,911,1
1432,2298,3
1710,4022,2
2128,3203,3
1176,1315,4
1169,1945,21
1967,3397,3
1732,3664,3
1905,2964,3
1141,2714,3
705,3312,13
356,1841,3
1715,3494,3
1627,2371,3
430,1282,1
1509,3877,4
2298,2548,3
3092,3686,3
775,2723,8
595,3894,22
2251,3352,17
423,2756,4
1553,3120,19
4135,2117,2
3081,3287,21
2428,2869,3
355,2591,1
472,3613,19
1899,4049,3
922,3619,5
1950,2136,3
2314,3877,4
1677,3708,3
2084,3732,2
788,3132,2
2301,3231,17
2844,3844,4
605,1434,10
1873,2301,17
117,1923,19
2320,2560,21
1192,3442,15
1784,2679,2
3066,3313,3
1589,1937,4
2204,3629,4
117,3743,19
3660,3922,10
251,3128,3
1528,1601,2
3352,3971,17
1768,2770,3
338,596,17
1677,2035,3
2098,2913,3
1975,2220,4
1099,3510,10
1665,3890,3
2861,3003,3
2913,3633,3
1940,3948,6
1474,1873,17
424,595,22
2321,2429,21
1527,3405,3
1063,2995,17
1237,1997,13
467,1555,3
239,2369,14
967,2408,2
830,3464,1
707,3227,14
17,483,1
1783,3714,19
120,401,1
228,594,7
426,2291,22
1937,3289,4
785,3560,7
737,2211,19
2864,3526,3
1353,2861,3
55,3763,3
1386,3043,2
2500,3579,2
444,2251,17
1553,2683,19
1767,1768,3
2138,3532,5
1073,2263,3
1997,3603,13
1168,2022,5
605,3660,10
446,2263,3
3203,3534,3
117,1759,19
115,3121,1
796,1348,22
2410,2744,14
328,657,1
2094,2267,3
2534,2545,2
1488,1768,3
1882,2953,7
3274,3763,3
3588,3820,3
1034,1367,7
831,3877,4
2366,3074,19
2203,3340,4
2562,3748,3
2164,2493,3
1453,3697,3
0,3957,3
1203,3599,3
533,3663,5
541,594,7
1284,3962,6
169,289,10
2320,3591,21
496,1881,3
497,704,3
1238,2378,4
1935,2995,17
518,2903,22
2320,3789,21
1176,1325,4
1680,2454,4
190,2223,6
1781,2775,2
85,729,4
1591,2493,3
2545,2731,2
2850,3394,2
3074,3840,19
387,2399,14
1383,1853,2
4111,510,2
335,799,6
2944,3637,10
176,1247,2
2554,3347,19
1078,3588,6
1233,2059,3
1266,3347,19
621,943,2
746,2373,4
3613,3646,19
973,2199,4
1759,2854,19
1051,2903,22
127,3153,2
536,2009,2
1169,1226,21
1419,2386,19
200,2612,4
575,2638,3
1392,1653,3
1732,2719,3
3120,3862,7
2850,3310,3
1467,3597,3
1468,3941,6
2119,2876,2
1550,2278,6
829,2077,4
1202,3945,3
223,3102,4
1015,2792,1
939,2011,3
2095,2977,8
15,3081,21
1192,3287,21
223,3808,4
1907,3824,6
2995,3352,17
2138,2529,5
65,775,8
3930,4018,3
148,826,2
366,1981,21
517,3733,4
1809,1908,5
604,695,3
1622,2957,3
2914,4008,2
426,3659,22
426,1348,22
705,1641,13
1134,2339,3
2357,2429,21
28,3074,19
362,1549,3
1548,3934,6
1528,3259,2
9,2368,1
779,1383,2
919,1410,2
2545,3070,2
737,2386,19
117,1266,19
678,3885,3
783,3571,3
981,1901,3
486,3971,17
2081,2091,22
2733,2861,3
1749,1816,4
2886,3386,3
4102,3035,3
271,2158,2
564,3884,2
113,3745,2
1563,1636,4
518,796,22
1767,2770,3
2373,2730,4
2035,2220,4
2416,2675,3
2247,2357,21
707,2196,14
387,3126,14
1967,3454,3
1368,3903,3
2003,2416,2
1728,4092,1
2964,3264,8
2674,3559,3
1062,1749,3
1677,3454,3
2164,2210,3
4121,2961,10
1572,1908,5
4106,2069,6
742,1556,3
3646,3743,5
354,925,8
2301,3352,17
4153,3008,2
595,1348,22
2233,3378,18
426,796,22
989,3486,6
1134,1950,3
3252,3942,3
585,1451,4
1226,3288,21
891,3454,3
778,3591,21
366,778,21
678,1950,3
2192,3557,22
2476,3903,3
1371,3906,3
426,518,22
1633,2585,2
15,706,21
4128,1648,2
803,1840,2
3142,3722,4
791,2817,2
2220,2957,4
1226,2357,21
5,1266,19
2782,3894,22
1103,3653,19
472,3663,5
509,2627,3
1064,1531,19
778,3081,21
1997,3087,13
744,3903,3
1740,3463,2
834,2094,3
621,3914,2
452,1456,1
311,2247,21
1901,2092,3
2035,2126,3
2091,2903,22
3459,4003,5
2223,2844,3
941,1962,4
1226,1559,21
1594,2547,3
723,1884,3
830,1607,5
579,2621,2
1509,3462,4
2560,3287,21
4132,1142,1
833,3347,19
833,3613,19
1381,3621,2
1559,3287,21
3646,3959,5
1755,2911,1
1901,2850,3
5,117,19
2157,3360,3
432,1769,3
1343,3800,2
3154,3683,4
1946,2890,4
2321,3591,21
227,3160,3
989,3934,6
1945,3081,21
1994,3613,19
362,1055,3
2241,2680,2
1750,2407,3
785,3499,7
842,2055,2
939,3097,3
2061,2638,3
1427,2483,3
1474,2301,17
891,1967,3
1034,3560,7
1226,3591,21
1528,1712,2
1546,3264,8
1238,1680,4
3054,3603,13
1608,3613,19
1908,3531,5
2571,2977,8
2233,2429,21
396,1938,2
1908,3684,5
141,228,7
796,1230,22
3087,3550,13
568,3043,2
179,1239,3
4066,4087,2
4129,600,22
1258,3385,1
2199,2834,4
2233,3027,18
7,2043,3
2113,3118,2
2178,3710,2
1348,2091,22
2429,3288,21
941,2034,4
289,2944,10
117,1064,19
447,3241,2
2483,3365,3
2336,3844,4
486,2305,17
2643,3122,2
605,1099,10
2263,3837,3
2355,3246,4
1553,2211,19
2251,3231,17
731,3154,4
117,3775,19
983,1940,6
2538,3366,2
114,2238,3
184,3782,10
824,1531,7
15,2357,21
1216,2043,3
360,1347,2
1443,1936,2
7,1216,3
869,1110,2
2290,2897,14
590,1160,17
838,2720,2
184,605,10
1103,1994,19
1677,3623,3
1958,2062,4
1128,3400,4
775,1546,8
2219,2289,3
343,2445,2
2159,3354,2
356,3224,3
595,1051,22
2223,2640,3
117,312,19
842,3970,3
1488,2770,3
3419,3777,3
225,3357,2
2140,2858,2
1189,1994,19
1328,2060,3
1213,3869,4
215,1272,3
2929,3630,2
228,1439,7
1629,3290,4
1923,3714,19
596,2251,17
2098,3633,3
335,2016,6
338,1063,17
571,1792,3
468,775,8
289,1320,10
3045,3108,2
742,743,3
15,1192,21
1512,2358,6
1677,3633,3
1683,3495,2
600,2192,22
72,2923,3
1181,2923,3
2547,2809,3
1834,2515,3
2786,3813,5
893,1745,1
1266,2211,19
1627,3138,3
1856,2210,3
1851,3351,1
1140,2074,6
1180,1938,2
3557,3894,22
4123,3940,2
432,3777,3
423,1589,4
1891,2442,1
117,1553,19
4129,1999,22
889,2472,2
4145,1173,3
1138,1546,8
2813,3527,3
1287,3554,2
2711,3660,10
2105,2678,1
866,1613,3
1014,2369,14
1348,3894,22
2138,2483,5
157,2744,14
240,2128,3
3903,3934,6
707,3707,14
1981,3288,21
746,3068,4
1144,4081,3
424,2291,22
2909,3459,6
1451,2303,4
76,3403,2
1288,2743,6
3407,3613,19
311,2357,21
105,3058,3
594,2166,7
1552,2733,3
2303,3987,4
705,3603,13
449,2165,2
748,3017,2
3218,3363,2
1553,1923,19
1692,1818,2
2210,3884,3
301,3969,3
1064,3120,19
221,2035,3
1051,1209,22
3132,3741,2
2320,3027,21
259,2022,5
2377,3904,3
1555,2987,3
985,1701,4
4122,2643,2
1999,2081,22
569,3087,13
1983,4068,2
579,2286,2
2793,3382,3
820,3304,1
3748,3856,3
665,2493,3
1589,3593,4
2405,3120,7
2230,2627,3
302,3222,4
336,3810,2
1051,3557,22
1295,1541,6
1945,3925,21
3320,3796,3
939,3686,3
362,2752,3
1169,3591,21
311,1485,21
1067,3786,2
1584,1864,1
339,2063,2
3335,3337,2
707,1191,14
1930,2467,3
1839,4008,2
387,2998,14
486,2995,17
3641,3824,6
15,366,21
739,2004,19
1409,4005,4
1134,2733,3
3406,3506,3
458,3064,3
2858,3091,3
432,1664,3
1981,2429,21
1644,3406,3
2366,3494,5
596,1063,17
973,2011,3
963,2565,3
1292,2787,3
705,1777,13
2091,3894,22
559,1316,3
167,1743,3
2263,2437,3
919,1069,2
3338,3990,3
595,2749,22
1668,3954,2
486,3231,17
173,3776,2
1824,1883,5
85,3965,4
1878,3818,4
992,1274,6
2094,4008,3
3510,3922,10
101,2829,4
1186,2187,2
1635,2720,2
339,2668,2
513,571,3
444,3231,17
1923,2386,19
83,3043,2
382,1378,6
2475,2656,3
424,1230,22
1512,1541,6
85,2241,4
2438,2901,3
3120,3987,7
368,471,3
1559,2776,21
497,2432,3
585,3120,7
876,3031,3
1215,1627,3
891,1677,3
2429,3925,21
4145,691,3
236,3904,3
331,707,14
1994,3074,19
366,706,21
1512,2220,6
2320,2776,21
1008,3904,3
1168,2977,8
844,3530,3
426,3894,22
526,1042,3
1382,3472,2
739,2211,19
106,799,6
600,2749,22
2321,2357,21
2196,2744,14
311,3081,21
85,496,4
1051,2081,22
1994,3653,19
1485,2776,21
513,1792,3
1818,3052,2
547,561,4
117,1103,19
219,413,3
387,2897,14
1464,2505,3
590,1063,17
789,3180,4
540,1613,2
1615,3030,2
2501,2656,3
2263,3906,3
5,2953,19
184,3510,10
338,3231,17
1051,1230,22
1641,3054,13
105,1533,2
1912,3388,3
1945,3789,21
1559,3789,21
586,3379,1
3816,3844,4
2204,2977,8
354,775,8
2126,2165,3
1809,2138,5
2428,3839,3
1453,3830,3
1777,3491,13
1419,1994,19
67,3637,10
1626,3448,2
724,3964,3
1393,2310,2
1148,1681,1
1064,1759,19
216,485,1
1169,3287,21
2264,3783,3
2344,2751,1
2287,2786,5
331,711,5
707,3126,14
925,3273,8
394,507,3
585,3987,4
2321,3288,21
3032,3546,3
3503,4061,3
4127,432,3
1785,1967,3
866,1453,3
4060,4068,2
1751,2613,3
569,705,13
1230,3557,22
472,917,5
1996,3943,2
2060,2964,3
1572,3503,5
1762,1768,4
852,1930,3
117,3613,19
236,2557,3
1402,2158,2
1348,2903,22
1824,3327,5
1284,1438,6
1845,3851,2
2103,3128,3
138,891,3
1192,1226,21
2015,3076,3
1078,3964,6
106,1824,5
2320,2896,21
863,3938,3
2467,3580,3
232,1168,3
153,3723,5
2410,2897,14
0,2407,3
632,1501,2
2399,2744,14
1759,1994,19
471,2235,3
792,1329,3
666,1370,3
15,3591,21
289,3637,10
1638,3333,1
2074,2711,10
663,4039,2
618,3690,3
1749,3742,4
3820,3964,3
2321,3081,21
2357,3789,21
4137,1708,3
1284,1335,6
1854,2110,2
1898,3877,4
1443,3262,2
3032,3616,3
1531,3100,7
3075,3844,4
1945,3378,21
1078,3820,6
2321,3287,21
4129,424,22
1845,2752,3
837,3142,4
1160,1935,17
1176,2126,4
2961,3510,10
1051,2749,22
1697,3360,2
939,973,3
739,3653,19
796,2091,22
1438,3100,6
569,3762,13
594,1446,7
1065,1384,6
2675,3222,4
1107,3933,3
1383,3751,2
2138,3407,5
2572,2977,8
995,2917,4
2815,3599,2
1257,2061,3
2805,3903,3
1197,3154,4
1266,1592,19
83,1089,2
2305,3352,17
1538,3546,3
2305,3231,17
2645,2890,4
1732,3212,3
354,1546,8
758,1257,2
3273,4020,8
2299,3382,3
2890,3142,4
2196,2290,14
72,2216,3
778,3789,21
2263,2428,3
705,3550,13
985,3400,4
2320,2429,21
468,1959,3
1382,1940,6
518,2291,22
486,590,17
297,2284,3
2977,3613,19
189,2977,8
2290,2410,14
2876,3154,4
3789,3925,21
379,3347,19
1783,2004,19
4121,184,10
595,3659,22
1446,2941,7
664,2523,2
1682,1851,3
123,394,3
1663,3237,2
1904,4036,1
4121,2074,10
974,1758,6
1225,3252,3
758,2864,3
3723,4013,4
1757,2740,4
2064,3265,2
2393,3824,6
2249,2760,2
706,1169,21
1915,2878,2
1868,4001,2
838,919,2
739,1419,19
778,1945,21
1278,1607,5
1451,3987,4
2128,3526,3
2428,3723,4
382,1302,6
1417,1920,2
3871,4025,2
424,600,22
812,3663,5
446,1180,2
266,1453,3
1682,3773,3
340,2069,6
3613,3714,19
1215,2128,3
4151,621,2
743,2638,3
1697,2157,3
322,1824,5
1641,3491,13
574,1191,4
825,1615,2
785,3155,7
1103,1553,19
1231,1565,3
1243,3455,1
203,3357,2
1059,3603,13
2357,2560,21
723,2210,3
1981,3081,21
2247,3925,21
4129,3894,22
2961,3922,10
153,1016,5
1847,2576,2
983,2069,6
1527,1572,5
1553,3074,19
1196,2882,2
2199,2499,4
3743,3775,5
160,260,2
486,3352,17
1209,2091,22
1474,1935,17
184,3660,10
799,1064,19
1266,2147,19
1392,2277,3
2928,3834,2
2668,3903,3
497,1061,3
71,2317,2
432,1352,3
2861,3649,3
706,2320,21
920,3808,4
3397,3596,3
2291,2780,22
2482,3360,2
2063,3981,2
227,1813,3
3100,3962,6
3333,3597,3
317,2236,2
1692,3671,2
1398,1950,3
424,1348,22
570,3971,17
1999,3659,22
472,1944,5
949,1923,19
891,3623,3
2457,3402,2
1295,1512,6
1378,2188,6
2731,3383,2
2223,3903,3
1591,3116,3
1873,1935,17
2571,2953,7
1841,3284,3
169,3637,10
772,1941,2
2220,2358,4
233,3091,3
382,1288,6
2043,2152,3
570,2995,17
420,1509,4
2645,3142,4
2995,3971,17
6,3347,19
723,3686,3
1065,1888,6
514,3499,7
2289,3177,3
4105,3813,5
1553,2004,19
311,2429,21
1575,3753,1
2016,2701,6
1128,1844,4
1901,2315,3
1783,2386,19
1391,3257,2
695,3492,2
2760,2890,4
1064,1266,19
948,3313,3
2128,3072,3
366,2429,21
472,3347,19
3213,3412,1
780,3940,2
1956,2762,5
1563,3965,4
