index creation time:0.0059703958
2837,3603,13
256,527,4
1266,2250,27
1376,1686,2
2457,3402,3
2821,3915,18
150,3556,3
2319,3881,4
1559,3378,24
3123,3789,23
44,3996,5
97,1002,29
350,3297,29
1461,3170,3
1266,3714,27
1561,2216,5
3535,3755,2
846,972,3
556,2741,9
2453,3714,4
523,2235,3
1873,2305,18
2094,2160,2
2114,3147,2
2514,3531,3
1524,2502,3
1433,2980,3
767,3573,9
1063,2301,18
583,3476,3
2627,3996,5
223,1104,2
1546,3264,10
2780,3659,18
789,3937,5
1266,1942,28
623,3930,2
3357,3358,3
113,3745,2
573,1946,3
380,2711,8
2776,2970,23
470,1783,30
2912,2970,2
2730,3180,5
2251,2301,18
293,3136,3
637,877,2
590,1160,18
866,1453,3
1461,1622,4
600,3659,18
864,2637,2
1974,2787,4
812,1129,2
344,1878,6
1348,2821,18
191,3330,3
1623,2753,3
1950,3238,3
4101,723,3
3802,4040,3
101,155,6
426,3915,18
3163,3749,3
169,3603,13
2017,2066,3
2016,2201,6
757,2741,8
1707,2947,6
227,2496,3
2254,3520,4
1559,2321,23
811,2861,3
662,4060,4
3671,4015,4
1146,2637,3
350,1266,28
408,2455,4
283,3387,4
1030,2290,9
918,1078,2
1078,1546,4
2356,2637,4
2290,3126,9
2660,3825,4
685,1766,3
4102,1401,4
153,3308,2
777,3033,3
1779,3518,3
2280,2776,23
408,458,4
301,3595,2
3422,3925,4
2737,3250,4
1048,2970,23
2759,3418,26
884,1625,3
3231,3483,18
590,3134,18
25,2220,3
1827,2595,3
3123,3925,23
2290,3935,9
192,3743,3
2867,3168,23
3714,3964,4
44,3347,6
1024,2233,23
1117,2846,13
1072,1706,4
1024,2906,23
2204,3723,3
1122,1531,7
2763,3844,2
44,472,6
1553,3487,25
153,332,2
138,891,3
850,3846,2
871,1249,2
65,1844,2
932,2064,2
455,2912,3
969,1473,3
1748,3752,5
1854,2110,2
1213,2304,2
1677,2673,3
2856,3491,12
2662,3401,3
2114,3844,3
405,1024,23
1266,2211,28
547,2197,3
2360,3447,4
4151,2798,3
863,1222,2
2861,3686,3
227,3241,2
418,635,3
2232,2957,4
204,2798,2
1512,2220,2
1537,3410,2
250,4011,27
1559,2233,24
1378,2067,5
1266,2209,8
233,2879,2
2140,2579,4
213,2825,3
725,3238,3
491,1269,4
1468,2634,9
1407,1531,6
2654,3409,5
1082,1137,9
1506,2749,18
2782,3915,18
954,3416,3
366,1024,23
548,3387,4
3132,3236,2
479,964,3
1331,2245,3
587,782,3
3603,3637,13
2223,2685,4
2251,2446,18
1168,1172,2
233,3091,3
3174,3297,29
97,3653,29
1229,2141,3
3126,3707,9
2211,3653,29
546,2428,3
866,1231,3
4107,2151,4
2356,3780,5
2247,2970,23
1955,2361,4
472,2250,6
581,1438,8
2172,3234,3
2560,2970,23
1446,2941,6
3173,3555,9
1002,3951,28
838,919,2
1374,2239,3
2593,3944,4
1815,1845,4
4100,3585,3
2567,2841,2
738,1117,13
345,999,3
2753,3174,27
974,2898,4
1679,2734,6
908,1953,3
3827,3944,3
1394,2776,23
3482,3594,6
623,1043,4
2753,3418,26
2996,3603,13
458,2455,4
1067,2948,3
167,1680,2
612,828,3
495,1191,4
1381,2983,2
1169,2776,23
1742,2181,2
407,3123,23
1451,3874,5
2419,3290,5
2741,3935,9
1394,3081,24
922,1083,3
2025,2047,3
570,572,18
436,3951,25
2382,2562,4
2903,3915,18
789,2730,5
131,379,4
470,2753,27
85,1881,4
6,2753,27
2885,3258,3
1939,2079,2
1033,3343,3
185,2731,2
1031,1474,18
117,1266,28
2568,3112,3
2213,3603,13
3487,4011,29
230,2241,3
925,3264,10
681,2506,2
626,1320,13
1117,3603,13
1789,3525,2
4107,1622,3
2410,3126,9
2953,3347,5
366,2320,23
1792,2847,3
877,2955,3
497,1327,6
2782,3659,18
796,3915,18
3338,3990,3
570,2251,18
2519,2659,5
1546,2999,10
973,3092,4
1401,3628,2
2855,3119,3
1942,2386,29
2426,3260,3
1318,1780,5
2360,3250,4
1042,2711,5
880,2002,2
2028,2127,2
366,407,23
2753,4002,3
510,1792,5
1715,3494,2
183,3853,3
2250,3487,27
289,2846,13
3414,3757,2
1288,2611,3
1994,2386,27
2996,3637,13
1981,2320,22
1553,1942,25
182,2684,2
2755,3139,3
1946,3109,2
569,3603,12
497,1679,6
985,3578,3
1226,2247,23
266,1453,2
124,2140,4
3250,3447,4
1752,3391,2
463,1674,3
1942,3297,29
3840,3843,3
2233,2320,23
1307,1913,2
914,3717,2
4109,3792,3
734,3131,3
1818,3052,2
956,3787,4
1062,2343,4
1024,1169,23
2791,3686,3
122,3173,9
3027,3123,23
1676,2525,3
3120,3987,5
2247,3123,23
3069,3143,2
474,1409,2
1351,2825,3
2737,3043,3
1796,2612,5
846,1946,3
2220,2844,3
3134,3483,18
836,1446,6
883,3116,3
2386,3297,29
2757,2842,3
516,2102,2
616,2856,12
1132,3683,2
1226,3123,23
2250,3653,27
63,2727,3
547,1039,4
572,3483,18
452,1456,3
350,1783,30
482,3546,2
1320,2996,13
1438,3100,8
2250,4079,27
122,532,9
426,832,18
2181,2534,3
702,1992,2
557,2888,2
251,866,3
1890,4055,4
1816,2962,4
1002,2211,30
1129,3058,2
67,2837,13
776,2999,10
939,1491,2
1710,3723,2
773,2831,2
877,3264,2
1043,1854,2
2782,3894,18
866,1111,2
133,1405,3
1386,2737,3
2844,2912,2
1348,1506,18
382,1302,4
228,836,6
56,3839,2
2903,3894,18
254,796,2
426,2749,18
4157,302,4
850,1135,2
922,3619,3
85,91,4
121,1078,6
2795,3680,4
2405,2481,3
245,1011,3
885,1997,12
1405,2680,3
2859,2864,3
88,2636,4
1331,2130,5
250,3174,27
914,3629,3
1407,1532,3
2089,2440,2
1122,3307,6
1651,1755,3
971,2281,4
1024,2867,23
452,914,3
1783,4011,29
1553,3120,6
1667,3454,5
302,1470,4
1567,2440,2
409,2284,2
3297,3714,27
827,2385,3
1939,3476,3
6,4011,29
1113,2749,18
2201,3387,3
651,3320,3
1086,2282,3
3858,3903,3
3347,3572,4
1303,2530,2
720,2281,4
996,2320,4
284,772,6
117,3951,28
6,3387,25
7,1216,2
670,848,3
1995,3844,3
1192,3789,18
1660,3686,3
1485,3378,25
6,436,25
2176,3545,2
1453,1662,2
807,3464,3
2479,3686,3
44,3837,5
2284,2625,3
2301,2446,18
2394,2519,5
383,2560,23
1983,4057,2
4137,364,2
616,885,12
3305,3648,5
1160,3483,18
2290,3707,10
2077,3117,3
1760,2912,3
1706,2309,4
1659,1796,5
2280,3027,23
941,3794,3
1674,3766,3
1067,3786,3
366,1169,23
552,2037,2
31,3727,3
847,3925,23
572,1873,18
6,3714,27
1317,1894,3
332,2946,2
1209,2903,18
3495,4063,4
600,2903,18
250,1266,27
137,1134,4
1674,1816,4
1788,2751,3
2575,3173,9
2327,3549,2
523,3395,4
1063,1873,18
720,2522,4
370,919,2
1078,2204,2
1213,3869,2
3198,3260,3
2522,2754,5
63,980,3
1224,3881,3
885,3603,12
93,3277,2
635,2054,2
2854,3714,3
554,4023,2
436,753,8
1048,3168,23
2405,2943,3
3897,3915,18
706,1024,23
2314,3238,4
250,4079,27
1939,2899,3
3732,3779,2
846,2108,3
1394,3168,23
514,1407,6
3659,3894,18
497,3485,3
1531,3594,6
825,3209,2
1122,1438,7
350,3487,30
1209,2782,18
2301,3134,18
2432,2551,2
266,3317,3
2556,4037,2
772,1941,6
2266,3611,2
3092,3692,4
891,3454,5
1274,1553,6
470,1266,28
4143,4011,3
2883,3502,3
973,3686,4
3043,3248,3
250,1546,4
4137,1344,3
1692,2281,4
432,1062,3
2233,2867,23
160,2864,2
436,3653,25
1614,2502,3
2109,3594,7
1122,1284,9
1084,2713,3
1274,2910,4
1325,1909,4
1981,2429,23
1206,3091,3
3881,3889,4
2575,3555,9
386,2166,3
717,1011,3
1055,1549,2
1226,2906,23
1407,3594,3
77,2003,4
523,1682,2
1003,3808,2
497,2259,3
1400,2137,2
3264,3989,10
548,2604,4
350,4011,29
1011,2003,3
807,3358,3
472,1513,6
1474,2251,18
3125,3936,3
1507,3413,2
490,3387,2
1668,2322,3
405,2280,23
536,3221,3
1644,3185,4
2521,2544,4
2047,4060,2
2305,3134,18
1274,3120,6
1587,1937,3
85,1720,4
3014,3256,2
2928,3073,4
2035,3326,3
3117,3278,3
3387,4011,25
1873,3352,18
383,2429,24
1274,2015,2
587,2266,3
407,3168,23
259,4021,6
430,1744,3
101,2606,2
407,1024,23
767,2182,9
763,2991,4
2749,3915,18
147,2869,2
1512,2570,2
2733,2861,2
723,2861,3
1271,3846,3
169,2837,13
2780,2821,18
2290,2410,9
2731,3554,3
426,1999,18
383,2233,25
3036,3469,3
1994,3418,26
325,2157,3
604,2683,4
1002,3174,30
706,1559,24
227,2035,3
1756,2327,2
600,2821,18
199,270,2
626,2996,13
1783,4079,29
2558,3590,3
380,1018,8
2560,2776,23
381,925,3
1166,2638,3
1930,2547,4
1024,2247,23
4106,2069,2
3051,3058,3
3451,3535,2
122,2182,9
2321,2867,23
440,3075,3
1683,3495,4
616,1777,12
1180,2172,3
1944,2554,5
590,2301,18
1474,2013,18
436,3714,25
436,2004,25
796,2782,18
2873,3338,3
1117,2213,13
1113,3897,18
674,4079,3
626,2846,13
1981,2321,24
366,1559,23
1553,3653,25
2296,2525,3
1796,3143,3
2109,3482,6
885,1641,12
1531,3560,6
1753,3284,3
1983,3185,3
1524,2096,3
1506,3894,18
121,2016,6
380,3782,8
985,3840,3
556,3707,10
426,3659,18
227,3797,2
2502,3776,3
2970,3123,23
301,2415,3
2584,3885,3
2821,2903,18
150,3964,3
44,3578,5
1180,3710,3
72,1561,5
2711,3875,8
4120,3638,3
3081,3123,23
914,1456,3
1546,3989,10
939,2011,3
1407,2736,4
1531,2405,6
1409,4005,3
95,2907,2
174,1011,3
1331,1420,3
350,1592,6
832,3659,18
3387,3714,25
894,3602,2
7,2476,3
319,567,4
1878,3479,6
97,1973,2
2579,3033,3
284,2451,6
2036,3092,4
2072,2948,3
2612,3222,4
3058,3745,2
2861,3784,2
2211,4079,29
1537,1689,2
1573,3415,2
827,1231,2
2305,3483,18
3102,4005,3
1476,2722,3
1671,1771,3
1984,2568,3
1556,2731,2
1024,2776,23
1803,3950,3
1999,3894,18
3284,3925,4
1594,2547,4
1266,2386,28
1710,3321,3
65,1539,2
1292,2484,3
1975,2220,3
1063,3352,18
1063,2901,2
411,3846,4
67,738,13
617,1930,4
117,470,29
1349,3098,2
1320,2837,13
914,1231,3
2883,3905,3
1574,2002,2
2079,2424,2
1823,2647,2
471,941,2
1092,4036,2
2844,3089,3
2505,3250,3
2876,3178,3
1337,2415,2
228,2941,6
106,3874,3
1483,1897,3
2211,3714,27
1394,2280,23
1513,2367,5
1018,2711,8
1030,2410,9
1384,3486,6
382,1288,4
1944,3347,5
2560,3027,23
366,3081,23
1677,2049,2
153,1879,5
407,1559,23
1224,4021,3
180,1099,4
77,2416,4
2563,3834,2
3659,3915,18
3250,3956,4
922,4021,5
2753,2759,27
250,3400,4
572,1031,18
1785,3397,4
3219,3877,4
1371,3906,2
775,3989,10
1537,2766,2
3075,3794,3
850,1204,2
126,3956,2
1211,2522,5
846,1155,3
2504,3042,3
73,2544,4
1553,2759,25
911,3846,4
479,1191,3
97,3347,24
1002,3347,24
832,3897,18
1263,2401,3
2140,3605,3
523,835,3
1117,1320,13
847,1981,24
1470,3592,4
2483,3365,3
4148,1387,2
162,864,2
581,3594,7
2654,3824,5
532,767,9
407,2321,23
4109,781,3
1031,3352,18
448,1210,2
796,2749,18
694,3686,4
97,470,29
2245,2561,3
470,2386,30
514,3499,7
2741,2744,9
306,1263,3
1999,2903,18
44,3327,2
1288,1302,4
2560,2906,23
556,2399,9
158,273,2
1231,1524,3
1024,2970,23
2780,3897,18
1376,3752,5
2211,3418,26
2284,3326,3
3902,3921,2
1011,3772,3
409,1328,2
2273,3031,4
3073,3834,4
1506,3915,18
155,344,6
1293,3936,3
1752,2534,3
1117,2837,13
1231,3568,3
1155,2108,3
894,2823,3
2065,3957,2
420,831,5
3409,3824,5
3174,3487,30
1470,3919,4
2237,3192,5
1348,3897,18
65,1078,4
1994,2250,27
1635,2058,2
847,2321,24
1890,3684,2
6,1994,27
106,1247,2
409,2771,3
1953,2023,3
405,1048,23
1427,1766,3
2903,3659,18
1614,3882,2
1169,1394,23
2813,3133,2
135,2866,4
1939,3936,3
407,1226,23
556,2744,10
250,1553,25
1766,2179,2
2446,3352,18
383,3123,23
1003,2544,4
35,1290,2
2476,3903,3
626,738,13
2119,3178,4
985,3400,3
1942,2211,29
250,2795,4
117,3347,22
2906,3378,24
1506,3897,18
1862,3503,2
4109,736,3
1796,2089,4
1513,3727,6
2410,2744,9
2321,2560,23
182,3281,2
3387,3653,25
223,3102,3
436,1091,6
1373,3489,4
228,541,6
2350,2711,8
776,3264,10
1692,3671,4
2355,3246,2
1475,3260,3
427,1084,4
153,922,5
706,2247,23
626,3637,13
21,2612,3
1359,2558,3
2480,2926,3
1407,1780,5
209,1007,2
44,1513,6
250,3297,27
713,2584,3
2390,3877,3
479,3605,3
516,667,2
885,2856,12
919,3808,2
407,1981,23
1212,3992,2
220,557,2
405,3123,23
3797,3832,2
3555,3573,9
1029,3526,2
1266,1994,26
1132,1994,3
1174,2679,3
1099,1610,2
1707,1949,6
775,2999,10
1413,4053,3
2905,4012,2
2220,3844,3
253,3794,5
825,3071,4
2480,3919,3
1169,3925,23
97,2250,27
1438,3307,6
3297,3387,25
514,3560,7
2254,2413,4
868,3219,5
407,2970,23
1553,2004,25
1461,2220,3
2604,3387,4
215,1272,3
2250,3297,27
681,3058,3
1245,2094,4
1476,3946,3
1024,2429,23
2321,3123,23
1984,3877,4
432,954,3
423,1039,5
2280,3123,23
2319,2670,2
405,2776,23
1934,3387,3
315,819,2
941,2034,2
1559,2280,23
2846,2996,13
405,407,23
757,2399,8
210,2351,3
807,3734,3
205,1072,2
1513,1748,5
382,2611,3
2140,3881,4
1641,1997,12
1168,2204,3
1226,3027,23
866,3332,3
188,433,3
516,3956,2
842,2055,2
106,2958,4
1475,3673,3
1783,1994,27
427,2199,4
85,2143,3
407,1394,23
2372,2517,3
1509,3219,5
350,1942,29
885,3054,12
2821,3659,18
395,3903,2
511,4034,2
3160,3340,4
420,1509,5
2821,3894,18
559,2339,4
4157,956,4
3347,3418,24
470,2004,30
2759,3714,27
2955,3359,3
3388,3740,4
2386,3714,27
2741,3126,9
385,3230,2
2660,3401,4
3624,3853,3
698,4007,2
3832,3874,2
13,1399,2
1583,3159,2
3673,3685,4
1780,3305,5
1066,4063,4
2543,3918,2
3358,3373,3
1995,2114,3
3081,3168,23
1063,3231,18
989,1384,6
1512,2605,9
2011,3827,3
1331,2474,5
2016,3634,6
556,2410,9
6,1553,25
2867,3925,23
827,1555,3
289,1320,13
2004,2250,27
1335,3100,9
757,3935,8
569,1603,2
256,2737,4
1356,3347,6
1485,2233,25
1788,1896,3
2953,3987,4
6,1266,28
1169,1226,23
2637,3780,4
189,3347,5
371,1710,2
1218,2202,3
1540,3025,2
11,2680,2
1407,3582,4
1209,1506,18
39,2794,3
137,3725,4
848,3412,3
1674,1709,3
2429,3168,23
184,3782,8
2361,3954,4
1266,3347,24
1140,2507,2
1729,2135,3
2197,3094,3
3174,3387,25
2759,3951,28
2135,3570,4
1427,3415,3
839,3767,2
1570,2964,3
785,1780,7
1335,1438,8
1553,2209,8
898,2158,2
1946,3260,2
1213,2199,4
1764,1983,3
1169,1192,18
681,1165,4
3220,3611,3
2036,3837,2
1485,2429,24
1506,1999,18
2130,4056,3
600,2749,18
231,3237,2
44,436,6
97,2004,29
1384,3172,6
570,1873,18
939,2199,3
1670,1816,3
180,197,4
3387,3680,4
3787,3936,4
117,3714,27
224,1727,2
91,1563,5
706,1485,25
2867,2970,23
1263,1703,2
97,3487,29
1334,3683,2
2001,3844,3
796,1113,18
62,3391,2
3411,3802,3
250,3951,27
549,3157,3
109,356,2
948,3467,2
289,738,13
284,1941,6
1269,1288,4
332,902,2
1023,1058,5
1433,1776,2
464,982,3
1932,1965,3
1394,2321,24
1534,3776,2
2525,3546,3
1622,2957,4
88,2061,3
2846,3603,13
495,2001,3
44,3951,6
825,1615,4
250,3950,3
1383,1760,2
1994,2004,27
3957,4085,2
1764,4078,3
1839,4008,2
91,2077,3
2405,3594,6
3231,3352,18
3032,3546,4
423,1937,5
1513,3418,5
289,2213,13
1209,2780,18
573,839,3
1488,1689,2
255,2948,4
570,1063,18
1024,3123,23
1757,2757,3
1909,3346,2
1506,3659,18
514,1780,7
847,2776,23
2004,3714,27
1997,3491,12
1942,4011,29
825,3218,3
2069,3921,3
2832,3441,4
1209,3897,18
2856,3550,12
2015,2676,2
2280,2970,23
1741,3016,4
2730,3135,5
3347,4002,3
147,1370,3
1086,2140,4
2036,2593,2
569,1495,3
4146,906,3
1809,3531,3
696,1483,3
303,1542,2
1236,2999,10
2280,2429,23
922,2022,5
2247,2280,23
876,1116,4
510,3192,5
4111,623,5
3284,3422,4
1099,3782,7
2233,3027,25
1208,1392,4
405,2233,23
470,2250,27
656,3616,2
3132,3805,3
203,3357,3
807,1850,2
436,3727,6
1994,3174,27
54,3239,2
919,3322,2
3020,3877,3
2346,3388,2
2008,2281,2
228,2166,3
680,2637,2
1909,3740,4
169,626,13
106,1823,2
1748,2367,5
472,3743,6
3120,3874,5
350,436,25
570,1031,18
3780,3926,4
2247,2429,23
413,3284,3
2999,3264,10
1763,1764,3
3016,4042,4
706,2867,23
117,250,27
3134,3231,18
405,2970,23
3347,3387,24
3135,3937,5
615,2007,4
491,1288,4
3578,3743,5
1194,2575,9
1506,2903,18
1559,2320,23
461,646,3
395,3119,3
85,2159,3
101,1836,6
877,3874,2
1056,1296,3
1793,3290,2
1004,3119,2
470,1942,29
31,2981,3
274,2638,4
3629,4034,3
250,2753,27
1919,1995,3
153,2874,2
1113,1999,18
574,1556,3
426,3894,18
1435,3941,9
4120,236,3
274,2636,4
2843,3936,3
925,1546,10
21,2089,3
931,3400,4
1815,2777,4
150,745,3
1191,3881,4
2884,3131,4
1815,2754,2
259,2953,4
1318,3499,7
569,705,12
807,2480,3
532,3573,9
580,3091,3
241,2284,3
4101,3167,2
1225,3252,2
827,1224,3
1099,2711,5
2299,2330,4
292,2002,2
875,3476,3
1749,1816,3
2049,3673,3
471,909,4
2522,4015,4
589,1180,3
407,2233,23
866,3699,2
1291,3853,3
306,2401,3
1296,2203,3
1608,2943,3
3673,3903,2
757,3126,8
1122,3100,9
884,2613,3
106,2753,3
1553,1949,6
4101,2861,3
383,1485,25
821,1744,2
470,3347,24
1180,3501,4
1066,1683,4
941,3881,4
1679,2992,6
1397,2561,3
626,2837,13
2067,2831,2
436,3297,25
117,1994,27
6,2386,30
42,3485,3
72,2216,5
572,590,18
2247,3081,23
1752,2181,3
1757,2842,3
1891,2220,2
2690,2862,3
674,763,2
250,2211,27
3418,3951,26
1141,2714,3
679,3851,3
1984,2650,3
3400,3661,4
1967,3454,5
366,2560,23
757,2410,8
1160,3134,18
1243,3455,2
2574,3874,2
2957,3250,3
2305,3231,18
2833,3502,2
3409,3685,5
2917,3881,3
2462,2802,4
939,3097,2
1559,2247,23
4115,679,3
2280,2320,23
3387,3418,25
3553,3554,3
561,1937,3
4117,2992,6
426,2821,18
408,3930,3
3808,4005,3
1394,3925,23
828,1931,3
2204,3629,2
1117,2996,13
2284,2828,3
1974,2376,4
436,1783,25
2284,3960,2
2970,3168,23
1810,2532,3
2780,2903,18
2290,2741,9
1024,1981,23
1091,3431,3
2182,3173,9
1474,3352,18
2069,2281,2
2416,3500,3
2035,3330,4
738,1320,13
2825,3863,3
169,738,13
2753,3387,25
12,1317,3
1553,3714,25
1524,2204,3
1553,2683,4
77,245,3
742,1556,3
569,616,12
2386,4079,29
1341,3017,2
847,3789,24
255,1779,4
1594,1930,4
6,470,30
57,1036,2
344,1836,6
1506,2782,18
941,3214,4
88,274,4
1286,1779,4
97,350,29
1468,2605,9
300,427,2
2560,3081,23
1692,2342,3
2453,3573,2
478,764,3
2035,3302,2
1066,3495,4
738,2846,13
20,919,2
1432,2356,4
338,572,18
263,681,2
779,1383,3
1078,3634,6
1559,3925,23
369,2450,3
4111,2237,5
907,3766,2
2532,3411,3
2233,2280,23
1138,1513,3
1082,2605,9
1983,1985,3
1777,3491,12
777,2579,3
3686,3692,4
1417,1920,2
545,547,3
1048,2867,23
2636,2638,4
1692,2522,4
3146,3520,2
2372,3400,4
2069,2355,2
974,3486,6
1335,3594,7
753,1994,8
106,3578,3
2453,3964,5
2149,3881,3
470,1994,27
2567,2625,3
1159,3584,3
1132,1266,3
1160,2301,18
250,1002,27
122,1194,9
2233,2247,23
383,706,25
472,2554,5
97,674,3
2140,3832,4
1284,3594,7
1572,3531,4
999,2265,3
908,2023,3
2181,3370,2
470,3951,28
356,2924,2
17,483,2
1783,3653,29
971,4015,4
250,1942,27
396,1529,2
1235,2898,4
971,2673,4
1348,1999,18
1987,2948,3
546,853,3
556,3126,9
1344,1880,3
1684,2162,3
2235,2772,4
1169,2280,23
1002,3418,26
2193,3131,4
1209,2749,18
441,1505,2
122,3555,9
706,1226,23
2321,3081,24
569,1116,3
1680,1760,3
1675,1725,2
472,3578,5
1169,2233,23
1266,3487,28
262,1085,2
559,2613,4
65,1236,10
1816,3800,4
86,1383,2
1592,1994,6
2035,2165,2
1732,3664,4
2056,2127,2
356,3224,3
2483,3415,3
744,3903,2
1132,2566,2
523,3571,3
2321,2776,23
1048,1226,23
3519,3536,2
1506,2780,18
1675,1726,2
663,2017,2
604,2133,4
289,1117,13
1468,1512,9
1968,2191,3
1440,2284,3
436,1942,25
1579,3387,2
807,1974,3
3100,3594,7
1048,3027,23
1615,3071,4
1026,1251,2
569,1202,3
2330,2793,4
2247,3168,23
3400,3415,3
495,2673,3
1636,1720,5
2295,3339,2
724,3387,3
3465,4025,4
405,1169,23
4102,3035,5
1192,3168,18
717,3250,4
776,1546,10
1732,2719,4
740,2802,4
1457,1869,2
789,3135,5
1365,2842,3
289,626,13
21,2375,3
3260,3673,3
2620,3220,3
36,3685,4
996,2896,4
2776,3789,23
65,3120,4
105,681,4
2247,2867,23
97,250,27
259,1942,4
1620,1665,4
350,3174,30
1148,1890,2
85,752,4
939,2007,4
1039,3022,2
1099,2638,4
2266,2440,2
3496,3932,4
2730,3937,5
3418,4079,26
1524,3800,2
1538,3546,2
2627,3469,2
153,2077,2
1084,3757,3
227,2773,2
379,3347,4
1063,3483,18
46,1346,3
3902,3912,2
3032,3616,4
1362,3358,2
2078,3387,2
877,1446,2
1622,2002,3
2003,2416,4
1755,2502,3
1975,2035,4
1285,2212,2
1335,2109,7
1386,3248,3
3579,3921,3
939,3686,3
1407,3305,5
651,3796,3
1122,3594,7
570,1160,18
2867,3789,23
138,1677,3
2453,3300,5
171,2645,3
169,3637,13
939,973,3
1674,2708,3
1394,3123,23
250,1783,27
856,2502,3
3782,3875,8
807,2609,2
2149,2862,3
383,2867,23
1994,3297,27
116,2774,2
2203,3160,4
1920,2130,5
330,1665,3
313,3043,2
426,2780,18
1137,2707,2
1487,3903,2
65,3395,4
1296,3921,4
581,1531,7
432,770,4
97,2759,29
122,2575,9
286,1614,2
1211,2754,5
1042,3290,5
1553,3951,25
1676,2973,2
1692,2673,3
1078,1733,6
144,1168,2
1231,3182,2
432,2151,4
1361,3578,4
1168,1319,3
1011,3078,3
785,3560,7
2429,2776,23
259,3987,4
1400,3871,4
228,1446,6
338,1873,18
612,2481,3
909,2235,4
51,2056,3
1002,2004,30
263,3336,2
2108,3961,3
2004,3951,28
172,1180,3
117,1942,29
433,3377,3
740,2462,4
3187,3956,4
1507,3708,2
2050,2348,3
97,4011,29
1476,3954,4
178,1670,3
600,1113,18
250,3387,23
717,1512,2
1083,3619,3
1226,2776,23
3159,3426,2
156,846,5
41,2098,2
2119,2876,3
557,2680,3
785,1367,7
405,2560,23
2113,3585,3
174,703,3
705,3550,12
97,2211,29
749,1440,3
3054,3550,12
432,3419,2
1288,2763,4
1011,1152,3
495,1086,4
3260,3415,3
3173,3573,9
172,2130,3
135,398,4
495,2319,5
2004,2386,30
2953,3120,3
26,3834,4
309,1662,2
1890,3664,4
1105,2257,2
245,3772,3
2685,3903,3
97,3714,27
153,259,5
520,3192,3
1587,3924,3
514,1531,6
2634,3941,9
406,2339,2
740,2829,2
85,3354,3
1994,3387,25
883,1591,3
3327,3874,3
1226,2321,23
3556,4030,3
1722,2999,10
436,2759,25
399,3494,2
2077,3890,4
366,1485,23
1553,2250,25
1532,3594,3
412,3418,6
1113,3915,18
1909,3388,4
31,153,2
528,1270,2
1559,3789,23
1135,3055,2
2341,3367,2
3397,3596,3
2004,3487,30
536,589,3
6,2004,30
1365,3911,3
847,3081,24
532,3173,9
470,3653,29
449,2165,2
742,1191,3
227,494,2
2519,3679,5
3600,4029,2
302,346,4
706,3378,25
846,3844,4
357,482,2
1317,3428,3
569,3054,12
1967,3397,4
2250,2386,27
3300,3964,5
909,2772,4
1078,3820,4
2719,3825,4
2250,3174,27
1169,2970,23
105,1533,4
1063,3134,18
2223,2844,2
250,3207,4
1327,2992,6
1386,3043,3
3075,3844,3
623,1792,5
839,3891,2
3162,4033,2
2926,4042,3
184,2350,8
432,3338,2
2245,3250,2
670,3412,3
941,3075,3
1722,3989,10
189,2024,2
1555,2627,2
3297,3347,24
1474,3231,18
1754,1846,2
395,3629,3
202,736,3
693,1588,2
1056,2069,3
1235,2161,4
180,2254,4
832,1113,18
570,3231,18
249,573,3
831,1984,5
2749,2821,18
1644,1983,3
1376,2367,5
1615,3030,4
973,2199,3
2846,3637,13
1039,1937,5
369,3176,3
1284,1531,7
3444,4005,2
357,2685,3
1122,3482,6
2211,4011,29
505,1595,2
1076,1617,2
3075,3214,4
2233,3123,23
1075,4064,3
711,1140,2
65,3264,10
3629,3853,2
1981,3081,24
1145,3503,2
227,1466,2
420,868,5
1591,1993,2
2498,3580,4
3714,3951,27
2233,3168,23
1485,2867,23
1145,1813,2
366,3027,23
1209,3894,18
972,1946,3
2320,2896,4
2446,3483,18
2321,3925,23
846,1401,4
418,1317,3
432,839,3
670,4075,2
328,657,2
12,1894,3
398,2671,4
3174,4079,29
1356,2978,2
1680,2454,2
1549,1662,2
2320,2867,23
312,3347,7
796,1209,18
1140,3227,2
1942,3987,4
1777,3054,12
570,2305,18
2771,3036,2
3491,3603,12
2251,2305,18
1879,4021,6
541,1446,6
1941,2451,6
1348,3915,18
2211,2250,27
578,2235,2
1033,3686,4
88,743,3
562,3714,3
742,2625,3
1024,1394,23
706,1169,23
1409,2367,3
767,3555,9
46,1628,3
1296,2069,3
943,1660,4
3546,3616,4
1942,3951,28
3465,3673,4
195,1998,2
1180,1433,4
2367,3418,5
1078,3588,4
941,3889,4
117,3418,26
4118,2096,3
284,1100,6
2749,3897,18
903,2613,2
1890,3826,3
366,405,23
1204,1395,2
44,2753,6
2579,3091,4
3126,3935,9
491,3578,3
2118,2160,3
210,1409,3
1023,1359,4
155,1836,6
3588,3820,4
985,2594,3
2675,3956,2
1113,1348,18
772,2451,6
4155,2254,2
1422,2036,2
2320,3881,4
1981,3168,23
604,3968,4
178,1816,3
612,1210,4
436,3387,25
184,380,8
1288,2743,4
945,2678,2
1450,1950,3
21,126,3
1376,3184,2
3400,3674,2
1433,3780,4
1284,2109,7
1873,2251,18
1741,3927,4
2645,3142,3
1689,2502,3
528,1300,2
97,2386,29
273,875,3
1635,2053,2
1559,3123,23
477,2254,4
1364,3750,3
1537,3469,3
189,472,4
1065,3486,6
1057,1312,2
570,2301,18
3134,3352,18
1134,2339,4
937,3112,3
1072,2729,4
3487,3714,27
4111,3192,5
1078,2453,4
97,1553,25
65,2999,10
1659,2612,5
394,915,3
1116,3031,4
381,2453,3
366,1394,23
1048,1559,23
188,3377,3
1563,1636,5
1099,3290,5
472,3347,6
1553,2211,25
2094,4017,2
395,1092,3
3135,3180,5
407,706,23
2759,4079,29
1816,2906,2
3701,3805,3
1942,2953,4
572,1160,18
436,2753,25
2753,3297,27
3769,3987,5
3487,4079,29
472,1356,7
1048,3123,23
85,1636,4
1741,4042,4
2309,2729,4
155,1878,6
2450,3176,3
1356,3951,6
958,3147,2
2659,3679,5
44,3743,5
1474,1873,18
985,3843,3
721,4060,4
1011,3214,2
1674,2966,3
1176,3388,4
497,2502,3
2476,3571,3
706,2776,23
426,2903,18
2061,2917,3
581,1284,9
1176,2049,3
1427,2483,3
2065,2127,2
600,832,18
2201,3634,6
1910,2356,4
723,1374,3
215,3919,2
4100,2113,3
1944,3743,5
2017,3620,2
956,3295,2
2233,2970,25
3418,3487,26
2753,3431,3
2290,2744,10
405,2320,23
2299,3736,4
1048,2776,23
51,432,2
1528,3408,2
54,3005,2
1873,3134,18
67,1117,13
1225,3014,2
470,2211,30
1493,2829,3
426,600,18
344,3479,6
722,1225,3
2399,3707,9
407,1192,18
1485,3123,23
546,3114,3
1733,2016,6
36,3673,4
3520,3919,2
2247,2560,23
1409,2351,3
547,2203,3
1078,3714,4
405,847,23
772,1100,6
67,3637,13
117,189,5
250,2759,27
332,1322,3
1561,2753,5
796,2821,18
1553,4079,25
2736,3582,4
866,2932,3
2741,3707,9
338,2013,18
273,2535,2
2094,4008,2
1192,2280,18
2320,3794,5
1695,2551,2
2749,3659,18
1116,2733,3
1497,1692,3
346,3936,4
600,1999,18
1896,2751,3
141,836,6
2298,2356,4
2537,2539,4
751,1909,2
4157,3787,4
6,350,30
718,2071,2
412,1707,6
2321,3789,24
3401,3825,4
1474,3483,18
528,3149,2
1493,2411,3
1559,2429,23
132,1877,3
198,1007,3
135,2671,4
3297,3487,29
682,3416,3
204,3358,4
1308,2281,2
1786,3800,2
1227,1229,3
180,2638,4
1777,3550,12
1493,3630,3
1169,1559,23
3837,3996,5
3462,3552,2
906,3132,3
1983,4060,3
1031,1873,18
420,1984,5
153,3683,3
121,3634,6
1137,3127,9
2332,3686,3
3853,4065,3
213,782,3
980,2284,3
350,3418,26
1207,3260,3
312,2250,7
1666,3596,3
1210,3418,5
2064,3943,2
1048,1394,23
604,2099,3
867,1660,4
2787,3734,3
1373,2800,4
3214,3881,4
409,2094,3
978,2731,3
357,3903,3
775,3120,4
1126,3143,2
1844,3578,2
1075,3746,2
916,2555,3
1078,3964,4
2013,3352,18
3685,4052,5
1680,2355,2
2429,3925,23
753,1553,8
3387,3951,25
182,1867,3
1921,2802,3
1433,2130,4
2250,3951,25
1274,3683,2
679,1815,3
338,3134,18
2386,3487,30
1641,3550,12
2320,3168,23
3045,3108,4
1555,3872,3
590,3483,18
1485,3027,25
1113,1506,18
470,1553,25
153,1555,3
2211,3487,30
969,2643,2
971,2388,4
1091,3347,6
1292,2787,4
1113,3659,18
7,4033,3
2429,2560,23
117,1783,29
35,107,2
1994,3714,27
2376,2991,4
3177,3800,2
920,3808,2
1002,1783,30
2281,2754,4
2970,3378,25
2562,3968,4
470,3297,29
1139,1533,4
461,2367,3
1143,3685,2
2320,2355,4
2224,3513,2
407,2280,23
1361,1608,4
2211,3347,24
621,1660,4
405,1226,23
477,939,3
932,2926,3
742,743,2
2049,3800,3
807,4048,2
925,1804,2
161,2964,3
681,851,4
2277,2341,4
1022,2388,5
832,1209,18
379,2250,4
1673,3943,2
3030,3071,4
2241,2680,3
2837,3637,13
3683,3827,3
1036,2949,2
250,3714,27
669,1479,4
1891,3496,4
2954,3114,4
4154,2802,3
853,1614,3
1867,2876,2
2805,3903,2
2391,3877,3
1208,2341,4
338,2446,18
906,3805,3
696,1952,3
338,590,18
1048,1192,18
528,3721,2
1879,2202,3
3046,3538,3
2428,3114,3
1011,2812,3
1180,2130,4
1553,3297,25
738,2837,13
3411,4040,3
289,3637,13
91,1720,5
1266,3418,26
2386,3174,30
1328,2964,3
2776,3378,23
32,3125,3
2237,3178,3
2061,2638,3
3347,3653,24
738,3637,13
3143,3771,2
767,3173,9
380,3875,8
1432,2298,4
1169,1485,23
750,869,2
1167,2002,2
2035,2220,3
2022,3723,4
2367,3752,5
366,3168,23
1169,2867,23
590,1474,18
2446,3134,18
2209,3418,8
750,3972,2
2094,2771,3
551,2241,3
3125,3196,3
3582,3980,4
3174,3418,26
3238,3877,3
470,3714,27
2251,3483,18
2108,3975,2
382,2763,4
1031,2301,18
648,3302,2
3054,3491,12
1760,3465,3
866,3947,2
2280,3081,23
1528,1581,2
3416,3820,2
535,2673,3
679,1845,3
706,2560,23
1942,3347,24
3088,3833,2
2714,2957,3
4107,3001,4
394,1756,2
2321,2429,23
617,2547,4
1660,3465,2
3180,3952,2
1706,2729,4
44,1091,6
885,3550,12
2281,2388,4
128,3455,2
2145,2990,3
1949,2947,6
763,1974,4
2753,3347,22
2980,3799,3
3172,3486,6
1373,2842,4
3476,3936,3
2793,3736,4
1226,3925,23
675,3357,3
2861,3518,3
911,3467,4
1994,2753,27
1796,3222,4
2759,3487,30
2250,2759,27
1048,3378,23
2094,2204,3
472,3951,6
383,2280,23
1811,3647,2
2749,2903,18
412,1553,6
1471,1566,2
1328,3264,3
2213,2846,13
2013,3231,18
2620,3611,3
4151,1621,3
2133,2683,5
1018,1099,7
463,2040,2
796,3894,18
1415,2836,2
234,4025,4
2731,3383,3
3297,3653,29
555,2002,2
1011,3537,2
2022,4021,5
1226,1485,23
2594,3843,3
1513,2989,2
2066,3668,3
200,302,4
122,3573,9
2753,3714,27
1764,1985,3
1332,3161,2
1768,2770,3
206,1011,2
173,3776,2
443,1359,4
1409,2204,3
2906,3534,3
3806,4053,2
2685,3433,4
2045,4037,2
852,1930,2
532,1194,9
2172,2356,3
827,4048,2
2413,3148,2
110,2953,2
264,933,4
1445,1952,3
1818,2755,3
2314,3877,3
1572,3503,2
420,749,4
4114,381,2
742,2035,4
1100,1941,6
312,3487,7
1231,1565,2
111,3058,3
1818,2673,4
77,2195,3
338,1160,18
73,2521,4
617,1594,4
366,2429,23
3226,3584,2
3664,4055,4
3951,4011,28
6,2211,30
1692,1818,3
2753,3653,27
189,2953,5
246,1011,2
2280,3378,23
4137,414,2
600,2782,18
2861,4060,4
1065,1384,6
3352,3483,18
4101,603,3
1809,2514,3
1488,1766,3
1331,3780,5
2250,3387,25
1226,1981,23
750,1231,2
1113,1209,18
2233,2429,24
2848,2876,2
302,956,4
1392,2277,4
1320,3637,13
3347,4011,24
2593,3827,3
2423,3839,4
662,2861,4
2847,3474,3
1493,2929,3
1122,2109,7
644,2045,2
1665,3890,4
3085,3975,2
470,4011,29
3653,4079,29
1813,2483,3
426,1348,18
3058,3827,2
3157,3466,2
547,3160,3
2372,3673,4
25,621,3
2220,3170,3
2305,2446,18
1113,2780,18
1537,2802,3
723,3686,3
2320,2906,23
933,1274,4
2749,3894,18
477,2413,4
1722,3400,3
572,3352,18
259,1879,6
811,3523,3
1356,2953,4
803,1761,2
2476,3881,3
1058,1359,4
63,241,3
3330,3710,3
763,2376,4
2251,3134,18
4102,3844,4
472,3727,6
3798,4033,3
941,1191,4
85,2241,3
1306,2023,2
2004,2211,30
3418,3714,26
1930,3251,3
2475,4053,3
1030,3126,9
847,3168,23
338,2301,18
1792,3192,5
1024,1226,23
1488,2770,3
65,775,10
1763,2431,3
2753,4011,27
2610,3544,3
1556,1557,2
6,3347,24
366,2321,23
2457,2502,2
458,1467,3
407,3081,23
2259,2432,3
44,1371,5
2737,3500,4
1141,2957,3
1435,1468,9
1160,2251,18
2782,3897,18
464,2454,3
1165,3629,3
2842,3911,3
356,3715,3
383,3378,25
3387,4079,25
2658,3793,2
2035,2036,3
569,3550,12
1048,1981,23
262,2120,3
933,2910,4
1732,1890,4
1169,3378,23
573,2958,3
1608,3578,4
241,1692,3
1515,2473,2
1989,2766,2
2320,3789,22
2203,3921,3
2609,3687,2
556,1030,9
1226,3081,23
1011,3250,3
752,2077,4
1383,1761,2
1189,1553,3
2502,2992,3
97,4079,29
931,3387,4
600,3897,18
2182,3573,9
2394,2659,5
471,839,3
2700,3936,2
1186,2187,4
681,2415,3
1584,2226,2
577,2885,3
1002,3653,29
350,1553,25
227,3160,2
2539,2542,4
3180,3937,5
2280,2321,23
65,1722,10
6,3487,30
3260,3661,4
383,3571,2
432,471,3
265,2202,3
1755,2911,2
338,3231,18
2220,3214,3
1771,3503,3
2522,3540,2
546,2954,3
383,1169,23
3027,3168,23
776,3327,2
2120,3192,3
553,2742,2
1572,3684,4
283,548,4
1192,2560,18
312,3951,7
250,3347,24
1138,1546,3
1485,2970,25
1266,4011,26
1538,3990,2
1987,3975,3
1512,3127,9
350,2753,27
1476,2361,4
133,2680,3
411,3467,4
305,1674,3
2275,4037,2
4151,621,3
616,1641,12
1011,2870,3
1592,3653,6
3670,3832,2
3001,3045,4
1732,3825,4
356,2938,2
517,1994,3
656,2483,3
1202,1495,3
1284,1438,8
2625,3133,3
4102,846,5
1873,3483,18
1433,1437,2
2719,3401,4
121,1733,6
1078,2201,6
1209,3915,18
1314,3416,3
2428,3839,3
2208,3677,3
2320,3925,21
1559,2560,23
1169,2247,23
366,2867,23
2381,3438,2
98,2036,3
3801,3966,3
405,706,23
562,3297,3
2867,3378,23
1997,2856,12
2568,2650,3
971,1211,4
106,3547,3
3487,3653,29
350,1994,27
1236,3989,10
1160,1474,18
750,3546,2
1721,3966,3
574,742,3
51,3494,3
1453,3058,2
1461,2232,4
25,1971,4
1621,2798,3
1376,1748,5
1169,2429,23
2776,3027,23
3418,3733,3
432,573,3
2415,3791,3
383,3534,3
2319,3832,4
131,2250,4
14,864,2
1209,1348,18
706,3168,23
1682,2108,3
738,2213,13
338,2251,18
443,1023,5
796,1999,18
545,1937,3
1176,1909,4
2235,3103,5
440,2220,3
3143,3502,2
4000,4025,2
706,2280,23
232,1168,3
900,3997,2
2429,3378,24
1921,2204,3
815,3125,2
781,3792,3
2213,3637,13
3673,3871,4
2782,2903,18
1994,3487,27
1783,1942,29
656,3503,2
1783,3174,30
1007,3386,3
1269,3578,3
939,1201,2
773,4070,2
1931,2481,3
6,2759,30
375,3321,3
249,3395,3
407,3789,23
1816,2483,2
2067,2743,5
2042,2593,4
67,1320,13
1018,3875,8
1226,2429,23
666,3903,2
581,3100,9
3769,3874,5
1007,2537,4
2416,2675,3
1043,1231,4
2036,3686,4
1169,3081,23
776,925,10
616,1997,12
1475,3198,3
1000,1011,2
88,2638,4
1063,2305,18
153,1867,3
2410,2741,9
666,1370,3
1665,2077,4
1981,2280,23
1224,2385,3
65,776,10
1023,3931,2
2004,3297,29
44,2554,5
1921,2829,3
1040,2179,2
2365,3334,2
63,2828,3
380,2350,8
1999,3915,18
250,3487,27
4102,3350,2
1531,3120,6
1873,2013,18
227,924,3
721,2861,4
118,165,3
1169,3789,23
6,3653,29
3874,3987,5
1129,1691,2
3664,3831,2
1281,2454,2
3300,3714,4
2320,3091,2
105,3791,3
2247,2321,23
713,3885,3
1226,3168,23
567,1062,4
571,1792,2
589,2009,3
807,1660,2
1761,2141,2
1293,2340,3
1994,4011,26
44,2627,5
1007,3638,3
1231,1566,3
1974,2991,4
1553,2133,4
2638,2917,3
2634,3127,9
2500,3579,3
2204,3140,3
807,3812,2
24,497,2
2064,2932,2
312,436,7
527,2737,4
3187,4037,4
1274,3594,6
1096,1591,2
426,1506,18
2411,3919,3
2780,3894,18
2250,3347,20
775,1078,4
2281,4015,4
3174,3347,24
626,1117,13
1327,1679,6
1176,1816,3
2490,3619,2
198,3386,3
1084,2199,4
101,1445,2
2731,3553,3
2637,3326,4
383,405,23
1635,1911,2
471,2235,4
600,1506,18
2162,3412,3
1154,1212,2
153,2022,5
184,1099,7
223,773,2
1063,2251,18
3327,4004,2
1766,3185,4
1954,3538,3
1134,2613,4
1194,3555,9
366,706,23
1524,3357,2
3020,3284,3
383,2906,24
807,2479,2
117,1553,25
775,1236,10
1335,1531,7
1099,3875,7
1024,3789,23
1031,1160,18
2409,3363,2
4107,2002,3
2759,3297,29
1086,3832,4
706,3123,23
1474,2446,18
2049,3091,2
2182,3555,9
1024,1559,23
2160,3059,3
3653,4011,29
1291,4065,3
989,3486,6
250,2250,27
2211,2753,27
901,1418,2
604,2562,4
1168,2022,3
1763,1768,3
682,1314,3
583,904,4
915,1778,3
3531,3684,4
117,4011,29
623,2237,5
1242,2831,2
1757,3673,2
1760,2094,3
1641,2856,12
866,3568,3
4107,3045,4
436,4079,25
1191,2476,3
3789,3925,23
1166,2061,3
50,3356,2
1531,2109,7
2627,3837,5
590,2013,18
289,2996,13
2257,4007,3
835,3571,3
1783,3418,26
968,2612,4
1160,1873,18
1692,2934,3
111,3051,3
621,867,4
796,1506,18
2854,3297,3
1433,1920,4
1518,2770,3
1220,3218,2
2022,2204,3
2391,3238,4
2514,4074,2
570,1474,18
2390,3238,4
250,2386,27
2612,3447,5
392,775,2
3207,3387,4
319,1062,4
2675,3021,2
1748,3418,5
1317,3159,3
2320,2776,23
2537,3667,2
250,931,4
1167,1180,2
528,3577,3
2484,3252,3
2109,3100,7
2089,3222,4
1427,1566,3
1783,2386,30
604,1532,3
1641,3054,12
1048,2906,23
375,1710,3
1534,2695,2
1263,2593,3
3653,3714,27
723,2239,3
1091,1623,3
2004,3418,26
1137,1435,9
477,1215,2
2211,3174,30
523,3564,4
2419,2711,5
2906,3168,23
169,2996,13
2280,3168,23
1048,2280,23
1783,3297,29
436,470,25
183,4065,3
925,1236,10
450,3944,2
1356,2217,2
77,1011,3
407,2906,23
2708,3766,4
1919,2292,2
612,1748,4
2776,3925,23
2428,2954,3
876,2273,4
2280,3789,23
1361,2943,3
4109,202,3
1088,3419,2
1169,3168,23
1485,2320,23
497,2432,3
3502,3905,3
45,1950,2
262,623,4
1531,1780,6
211,3180,2
2753,3487,27
407,847,23
407,2429,23
1709,2204,3
638,3357,3
1479,2135,4
1048,1485,23
718,1473,2
1249,3021,2
202,1453,3
1191,3093,2
1942,3653,29
249,3844,3
2281,2522,4
3447,3956,4
6,97,29
2780,3915,18
2560,3123,23
117,436,25
667,1985,2
1331,1433,4
2203,3094,3
398,2866,4
2159,3354,3
1941,3919,6
2254,2407,2
2799,3677,2
1033,2036,4
1910,2637,4
1677,3454,4
230,557,3
1942,2753,27
2049,3260,3
1438,2109,7
2575,3573,9
65,925,10
1180,1920,4
1341,1558,2
141,1446,6
643,742,2
4102,1939,5
193,2504,2
3297,3418,26
2209,2257,3
2211,2759,30
286,429,2
1266,3951,28
717,1186,4
2753,3951,27
501,3058,2
1134,1150,3
117,2753,27
1994,3951,27
925,2453,3
1087,1364,3
3222,3447,4
722,807,3
405,1192,18
284,3919,6
1953,2007,4
249,1231,3
2223,3433,4
1320,2846,13
436,1002,25
2301,2305,18
2372,3260,4
569,3491,12
1721,3801,3
1553,2753,25
1401,3844,4
168,438,2
832,3915,18
717,2187,4
2350,3875,8
3081,3789,24
118,198,3
1711,3933,2
1176,2426,2
753,1266,8
3387,3487,25
1553,1707,6
391,1891,4
1022,2522,5
681,3467,2
2394,3679,5
1291,3624,3
3707,3935,9
147,666,3
348,3872,3
350,2250,27
832,2782,18
1048,2560,23
2069,2203,3
1329,1507,2
259,2022,5
847,2247,23
1486,1635,2
527,3500,4
573,2844,3
664,2523,2
681,1139,4
3297,4011,29
1359,2528,3
767,1194,9
2266,3544,3
195,1967,2
2280,2867,23
801,3960,2
982,2454,3
546,1370,3
477,2332,3
416,1720,3
1633,3436,2
1205,1409,3
623,1674,4
191,2002,2
3159,3740,2
2864,3526,2
411,911,4
106,121,2
44,384,3
1732,3268,2
2399,2410,9
973,3827,3
2774,3920,2
121,2201,6
1245,2204,3
2927,4042,2
1873,2301,18
1890,3614,3
2133,2562,5
1284,1335,9
1063,2013,18
2837,2996,13
847,2560,23
1950,3885,2
68,3761,4
1003,2521,4
279,1546,3
131,3572,4
379,3951,4
867,943,4
1792,2237,5
1266,3387,25
2410,3707,9
2203,3340,4
532,3555,9
1559,2906,24
534,2281,4
2386,2759,30
1226,2970,23
419,4064,3
789,3180,5
1592,4011,6
2247,2906,23
250,2004,27
28,2365,2
141,2941,6
1493,4079,2
2305,3352,18
1561,2250,6
436,3347,19
405,3168,23
807,2753,2
180,3925,4
83,3043,2
1688,3419,2
572,2446,18
569,2733,3
1493,3919,3
1165,1533,4
4157,3936,4
705,3491,12
572,1063,18
65,1546,10
117,2211,29
661,2721,2
1011,2195,3
2637,3926,4
750,3396,2
2453,3578,2
941,2320,4
203,638,3
1383,1853,2
88,180,4
1682,3961,3
2001,2673,3
1676,2090,2
1065,3172,6
1049,3699,2
1042,1099,5
2245,3020,3
106,1946,4
3347,3951,22
2832,3943,4
832,2903,18
3839,3888,3
165,198,3
3433,3903,3
736,3792,4
899,1381,2
1930,3580,3
3383,3553,3
1709,2708,4
1453,3895,3
1086,3605,4
1137,2605,9
1348,2749,18
436,3174,25
436,4011,25
1114,3650,2
1598,3228,2
3592,3919,4
1024,2321,23
85,1563,4
2049,2476,2
2711,3290,5
253,733,2
7,1062,3
2736,3980,4
1433,2637,4
2429,3789,23
1024,3925,23
405,2906,23
796,3897,18
1784,2679,3
2976,3732,3
1367,1531,6
6,117,29
1002,4079,29
1400,3669,2
1087,3750,3
91,1636,5
2794,2876,3
19,530,2
2098,2680,2
1226,2233,23
1011,2416,3
2135,2465,3
117,3174,29
1002,3487,30
1010,2177,2
1933,3157,3
256,4037,4
227,253,2
2250,2753,25
1176,2035,2
109,2825,3
749,3877,4
2322,3954,3
3001,3108,4
1881,2077,4
648,1682,2
971,2754,4
2344,3578,3
479,2476,3
904,3839,4
1943,2266,2
1848,2637,2
2663,3666,2
251,1453,3
1097,1932,3
2928,3834,4
1024,3378,23
420,3219,5
1002,2386,30
3163,3932,3
2301,3231,18
2211,3297,29
1485,2776,23
405,3378,23
973,3692,4
656,1400,3
3491,3550,12
67,169,13
1024,3027,23
117,312,7
1018,3782,8
1981,3789,24
1999,2821,18
405,1981,23
85,1665,4
1512,2634,9
182,2491,2
3871,4025,4
3718,3953,2
831,1509,5
1891,2442,2
2705,2902,2
1420,2245,3
616,3603,12
1559,2970,24
405,3789,23
2861,3523,3
1485,2247,23
989,3172,6
813,2411,2
36,3661,4
705,1777,12
436,1553,25
1528,1601,2
527,3449,2
1783,3347,24
1677,2319,2
2285,2462,2
3894,3897,18
6,2250,27
738,3603,13
382,1125,4
1146,2659,5
4115,1815,3
2734,2992,6
383,2320,23
2844,3330,3
2049,2966,3
3202,3723,2
782,2825,3
1322,2902,3
1082,1468,9
1192,3925,18
1677,3397,4
413,1753,3
436,1561,6
1531,1553,6
1236,1722,10
810,2036,3
1754,2921,2
209,1186,4
1641,3603,12
656,3673,3
1999,3659,18
265,1879,3
989,1065,6
2254,3709,2
1996,3441,4
1950,3877,3
3174,4011,29
866,2019,2
2145,2525,3
3659,3897,18
227,2718,2
3260,3400,4
117,3743,4
2314,2391,4
1024,3168,23
984,3339,2
1768,2431,3
1011,3386,3
1084,1213,4
916,3933,3
366,3123,23
117,3297,29
1365,1570,3
2429,2970,24
250,3653,27
4122,708,2
623,1231,4
420,3877,4
338,1474,18
1614,3120,2
2637,3161,3
153,2204,3
289,2837,13
262,503,2
9,774,2
2737,3956,4
483,1738,2
1543,3431,2
775,925,10
1479,3570,4
569,1777,12
2382,3968,4
569,1997,12
2235,3794,5
3042,3330,3
851,1165,4
3020,3238,3
236,827,2
646,2367,3
703,1007,2
1078,2016,6
436,1266,25
1942,3418,26
156,1939,5
1608,3743,5
1474,3134,18
2744,3707,10
1674,2049,3
1266,1783,28
483,557,2
2921,3361,2
97,3418,26
2130,3501,5
560,756,2
471,2772,4
4107,2015,2
516,1644,2
3075,3330,3
1739,2040,2
4120,1134,3
44,1356,6
346,956,4
436,2250,24
117,2386,29
250,1994,27
405,3925,23
3400,3673,4
1497,2934,3
4132,432,2
159,2864,2
1433,3926,4
2301,3483,18
1370,3114,3
590,1873,18
1461,2957,4
706,2970,25
2247,2320,23
228,386,3
2280,3925,23
85,3278,3
1946,3844,3
1292,1974,4
1954,3046,3
4101,3686,3
1996,3943,4
705,2856,12
2776,3168,23
1011,1186,3
2042,3944,4
495,2140,4
1561,2957,2
1996,2832,4
559,1134,4
590,2446,18
1092,2855,3
4111,451,4
1282,1744,3
365,2022,3
973,2036,4
1666,3397,3
2321,3168,23
97,3297,29
1411,1789,2
42,497,3
477,3686,3
1288,1378,4
126,1525,3
2795,3387,4
1043,1674,4
1302,3674,4
2362,2537,2
1168,3371,3
753,4011,8
572,3134,18
1559,2867,23
706,2233,25
1445,1483,3
419,1075,3
851,1533,4
405,2429,23
2653,3661,2
935,1023,2
432,1352,3
1413,2475,3
962,1173,2
3425,3867,3
3685,3824,5
1400,1722,3
1711,1797,2
3307,3594,6
1266,3174,28
1328,2220,2
38,1409,3
825,3363,3
470,4079,29
3866,3937,2
3661,3685,4
1114,3542,2
2013,3134,18
1512,3331,3
1512,3947,3
2457,4015,3
2514,3684,3
2245,2474,3
1680,2917,2
1677,2502,3
3832,3881,4
740,1376,3
2089,2220,3
184,2711,8
2843,3125,3
2113,3118,2
3956,4037,4
705,885,12
2247,3378,23
1451,3769,5
1320,2213,13
2429,3081,23
141,228,6
1949,3418,6
1930,2498,3
547,561,3
547,2172,3
443,3190,5
383,3027,25
520,708,3
1509,3877,4
2797,3275,2
2320,2560,23
2842,3489,4
2022,2470,3
1676,3546,3
753,3418,8
379,3572,4
1002,4011,29
604,3492,3
2247,3027,23
423,3881,3
407,2247,23
3858,4012,3
2367,3808,3
1649,3924,2
1007,2539,4
675,1632,3
2627,3222,3
31,193,2
705,1641,12
1763,4078,3
2532,3954,3
831,3877,4
2372,3661,5
570,2013,18
2800,2842,4
832,2821,18
1288,3674,4
1318,1367,7
3127,3941,9
366,1226,23
1062,1749,2
1031,2446,18
21,1525,3
1266,4079,28
90,286,2
590,2305,18
1873,3231,18
1409,1921,3
3060,3157,2
338,1063,18
757,1030,8
962,1033,3
2296,2762,3
97,1994,27
3007,3919,2
3441,3943,4
996,2355,4
332,1980,2
1215,3526,2
2692,2725,2
350,4079,29
25,3170,3
68,3500,3
3800,3930,2
827,2157,3
2359,2825,2
2675,3761,4
93,1387,2
922,1224,3
1732,4055,4
1323,1409,2
2906,3027,24
1392,2341,4
1667,1677,4
604,2308,2
126,2375,3
604,2382,4
479,1086,3
97,1387,2
3749,3932,3
894,1387,3
1553,3174,25
681,1533,4
98,810,3
1031,3231,18
1048,2320,23
1845,2777,4
2643,4078,2
1591,3113,2
382,3674,4
556,757,8
1553,3418,24
552,1957,2
432,2025,3
1451,3987,5
2386,3653,29
1376,2462,3
2435,2883,2
2233,3378,25
952,1709,3
97,117,29
1320,3603,13
832,2749,18
2717,3571,2
973,3944,3
293,2625,2
2675,3222,3
2187,3250,4
1287,2282,2
68,2675,4
3320,3796,3
1371,3837,5
2361,2532,3
2130,3502,5
85,557,3
250,436,25
2332,2601,2
1033,1971,4
458,1543,3
2567,3133,3
1048,2321,23
405,1559,23
1099,2419,5
832,1348,18
161,3129,2
436,1994,25
140,2476,3
1561,2923,5
97,3951,28
1400,3400,3
4098,2842,2
742,954,2
283,2604,4
4117,497,6
937,2568,3
477,3520,4
742,2036,3
197,2254,4
451,510,4
407,1485,23
479,3881,3
97,1266,28
706,2906,24
1155,1827,3
3465,3871,4
366,1048,23
832,1999,18
1568,3874,2
2689,3699,2
1231,2049,3
770,2151,4
1553,1783,25
117,2004,29
227,3211,2
785,1531,6
775,3264,10
6,4079,29
528,1687,2
1134,3638,3
738,2996,13
2567,4008,2
2415,2552,2
1371,3996,5
3136,3703,3
2555,3933,3
1292,3252,3
1485,3168,23
497,2734,6
1621,2335,2
1159,1505,3
1433,3799,3
1644,1766,4
1254,2946,2
4117,1327,6
1297,2923,2
1660,2332,3
971,1692,4
1169,1981,23
662,721,4
72,1091,5
380,1099,7
2211,2386,30
2497,3146,2
2250,3572,4
42,1048,2
590,1063,18
405,2321,23
775,1722,10
679,1163,2
1165,4034,3
2284,2727,3
2233,2776,23
2004,2753,27
1680,3274,2
1192,2776,18
1226,2560,23
1192,2867,18
547,3340,3
1082,2634,9
154,1427,3
227,2284,3
365,2470,3
600,1209,18
67,3603,13
974,3172,6
407,2560,23
556,2290,10
1091,2216,5
3027,3378,25
276,3386,2
1934,2201,3
253,2320,5
4155,277,2
2042,3827,3
4109,1453,3
302,3592,4
1677,2035,2
1566,3415,3
1048,3889,3
570,3483,18
2753,3578,5
288,634,2
388,3526,2
1818,2934,4
2084,3732,3
1210,1513,5
1173,1272,3
1191,3214,4
689,1109,2
1604,3933,2
97,1942,29
1376,1513,5
1733,3634,6
1553,2562,4
2388,2522,5
3347,3578,5
264,1274,4
1459,1483,2
1152,2870,3
1091,2250,6
2223,3084,2
1559,3168,23
63,2284,3
706,1048,23
407,3925,23
964,1086,3
2399,3935,9
1915,2430,2
293,3250,2
2423,3476,3
1845,3851,3
2525,2762,3
1063,1474,18
2867,2906,23
153,4021,5
1378,2743,5
877,2543,2
1692,4015,4
2004,3347,24
2320,3284,4
67,2996,13
407,2776,23
3400,3840,4
1994,2211,27
1078,3300,4
141,541,6
2089,3536,2
2056,3494,3
1274,1531,6
4142,3571,2
2266,2610,3
366,2906,23
192,3347,3
679,2777,3
3207,3400,4
39,2119,3
2049,2348,3
1524,2098,2
345,2265,3
2525,2990,3
974,1235,4
109,1351,3
6,1942,29
1383,3751,2
346,3787,4
1318,3305,5
495,3832,4
974,1065,6
262,3192,3
1682,3546,4
1677,1967,4
399,2876,2
1561,1971,4
724,3964,3
65,479,2
734,1434,3
133,557,3
2562,2683,5
1451,3120,5
1981,3123,23
581,1335,9
2480,4042,3
1474,2305,18
1194,2182,9
3295,3785,2
523,1946,2
1002,3714,27
236,1134,3
1796,3167,3
1169,2906,23
1042,2419,5
1116,2273,4
7,3798,3
952,1524,3
426,1113,18
1191,2149,3
253,2235,5
1777,1997,12
2284,3631,2
1836,1878,6
366,2233,23
291,666,2
3043,3686,2
137,2098,4
1348,3659,18
169,289,13
85,1620,4
4060,4068,3
1937,3924,3
436,1513,6
1367,1407,6
495,649,2
904,2423,4
338,1031,18
1792,3474,3
2098,3725,4
391,3932,4
2744,3935,9
122,767,9
494,1048,2
423,547,4
106,1635,2
1438,3594,7
67,2213,13
725,3877,3
3824,4052,5
684,3091,2
1031,2013,18
1002,1942,29
1359,3590,3
302,3787,4
2280,2906,23
1191,2319,4
53,4065,2
876,3031,4
2864,3056,2
2885,3082,2
169,1117,13
2157,3256,3
1122,1335,9
1186,3250,4
1780,3560,7
2948,3786,3
1160,3352,18
1356,2250,6
1974,2148,2
1024,2320,23
430,1282,3
974,2161,4
470,3387,25
2130,2474,4
97,3387,25
350,3653,29
1586,4005,2
1031,3134,18
572,1474,18
1191,3832,4
497,2992,6
250,3680,4
1180,2356,4
1524,3776,3
200,3222,4
1082,1512,9
749,2284,3
1167,2015,2
1209,2821,18
1234,2036,2
1950,2577,2
590,3231,18
85,330,3
91,2143,3
2247,3925,23
1048,2247,23
679,1211,3
569,885,12
1091,2753,5
1327,2734,6
198,3638,3
1964,3065,2
1394,2429,23
2776,2906,23
1211,2281,4
1367,3499,7
1137,2634,9
1058,3190,5
1999,3897,18
1563,1720,5
3387,3964,3
1266,3653,28
706,2320,23
436,1356,6
470,3418,26
580,1206,3
1912,3388,4
846,3035,5
2161,2898,4
1191,2140,4
1174,1784,3
3347,3727,6
2829,3107,2
567,2343,4
1732,3401,4
477,3827,3
1677,1785,4
2013,2305,18
827,2774,2
1024,1192,18
2562,3387,3
105,1165,4
1038,3373,2
2045,3524,2
846,1939,5
1146,2394,5
1048,3789,23
184,1018,8
2776,3081,23
2906,3123,23
3238,3353,3
847,1024,23
2247,3789,23
2976,3780,3
256,3500,4
2627,2675,3
1031,1063,18
1608,3347,5
925,1722,10
2254,3091,3
3347,3714,24
510,623,5
583,2423,4
1091,1361,4
338,3352,18
1167,2325,2
1555,2987,2
832,1506,18
2346,2969,2
2191,3418,3
2903,3897,18
304,1500,2
2290,2399,9
753,2209,8
885,3491,12
2753,4079,27
2220,2232,3
2867,3027,23
1082,3127,9
2776,2867,23
109,2844,2
2430,2922,2
1288,2067,4
302,1796,4
2084,3780,3
432,2220,2
3409,4052,5
3092,3686,4
4111,510,5
616,3491,12
2069,3705,2
804,3946,2
1134,3725,4
1236,1546,10
155,3479,6
1766,1985,3
2446,3231,18
1134,1950,3
1092,3119,3
1785,1967,4
1227,2141,3
669,3570,4
409,2076,2
1075,1791,2
4120,1150,3
2711,3782,8
1176,2050,3
65,523,4
2759,3653,29
3844,3972,3
1733,2201,6
836,2941,6
2970,3027,25
2560,2867,23
1488,1768,3
2873,3990,3
1024,3081,23
2314,2390,4
1987,2072,3
2481,2943,3
318,2628,2
4107,770,4
3014,3358,2
686,3264,2
3168,3378,23
2089,2612,4
1371,2627,5
412,2947,6
463,2708,3
1995,3972,4
796,1348,18
328,877,2
727,2958,4
1709,3766,4
2213,2996,13
3168,3925,23
1519,3576,2
2981,3727,3
407,3027,23
1524,1614,3
383,2970,25
516,1322,2
1226,2867,23
117,350,29
2713,3757,3
426,796,18
553,1659,2
1113,2821,18
2999,3989,10
2837,2846,13
1485,2280,23
1325,3388,4
2413,3520,4
1473,2141,3
1909,1987,3
847,2280,23
827,3256,3
1572,2514,3
1194,3573,9
451,1792,4
796,3659,18
583,3839,4
3714,4011,27
971,2522,4
3120,3594,6
1192,2320,18
2320,2321,22
1779,2861,3
249,523,4
776,1236,10
1594,2498,4
569,2685,2
101,344,6
133,2241,3
169,2213,13
1030,2399,9
536,1180,3
302,3222,4
2749,2782,18
4143,1266,3
2426,3673,3
3387,3840,4
209,3250,4
2025,2045,2
2004,3387,25
2313,2440,2
44,1944,5
1224,2917,3
2320,3889,4
85,1156,3
84,3177,2
1434,2884,3
541,836,6
546,1614,3
1561,3347,6
2812,3386,3
202,3895,3
590,1031,18
1062,2206,2
1401,3481,2
4124,3863,3
26,2928,4
434,3956,2
891,1677,4
2317,2708,2
2311,2859,3
366,383,23
358,3147,2
1002,2759,30
2800,3489,4
2947,3418,6
1506,2821,18
2320,3081,22
1319,3371,3
3168,3789,23
1331,2980,3
968,3222,4
366,1981,23
1942,3487,29
1133,1816,3
1137,3941,9
2759,3387,25
470,3487,30
1169,2321,23
3357,3373,3
1588,2245,2
2312,3502,2
2429,2906,24
1512,2806,3
800,1987,2
1509,1984,5
1879,2022,5
2929,3630,3
3425,4044,3
703,1167,2
656,1585,3
590,2251,18
405,3081,23
2330,3736,4
2320,3123,23
426,2782,18
2041,3480,2
420,543,3
1160,3231,18
1433,3324,3
1493,1921,3
523,1231,3
1226,3378,23
1134,3908,2
1483,3152,3
1983,4068,3
3347,4079,24
295,3839,2
491,1676,2
273,3476,3
1432,1433,4
432,1769,2
105,3058,3
1209,1999,18
2140,3091,4
1682,3616,4
1192,2247,18
236,1760,3
1732,2662,3
1919,2114,3
3300,3387,3
470,1002,30
1760,2473,3
2902,3892,2
2119,2237,3
435,1124,2
1169,3123,23
532,2182,9
350,3714,27
1433,2474,4
1483,2088,2
3123,3378,23
2013,2251,18
895,2845,2
1125,1288,4
1659,2675,3
1394,1981,24
3894,3915,18
903,1754,2
2311,2864,3
2340,3936,3
97,3174,29
2247,2776,23
2517,3260,3
2654,3685,5
1030,2741,9
1132,1543,3
153,827,3
3494,3524,2
1677,1818,3
191,2798,3
338,3483,18
1537,3036,3
227,1192,2
2457,2546,2
1667,1967,5
3196,3812,2
412,1949,6
906,3701,3
632,1961,2
3218,3363,3
1261,2733,2
3081,3925,23
1133,2049,3
1444,1677,2
442,2926,3
350,2759,30
2220,2957,3
652,2027,2
1483,3690,2
1400,3673,4
1788,3551,2
589,3677,3
3402,4015,3
2560,3789,23
2237,2876,3
3588,3964,4
1684,3412,3
1024,1048,23
189,436,5
1394,1559,23
4118,1524,3
785,3499,7
1766,1983,3
1007,2542,4
153,3611,2
3228,3534,2
1318,1407,5
4102,156,5
4141,2029,2
443,1058,5
570,590,18
581,1122,9
540,938,2
383,1226,23
97,2753,27
603,723,3
1559,3027,24
350,2004,30
717,3878,3
635,1317,3
847,3123,23
1317,1477,2
706,2429,24
1048,3081,23
1383,1595,2
1113,2903,18
1113,2782,18
1997,3550,12
3487,3951,28
1134,2733,2
3673,4053,3
409,877,2
569,2856,12
153,3723,3
2211,3951,28
2980,3324,3
405,1394,23
3123,3168,23
1994,3733,3
931,3840,5
847,2429,23
1002,2753,27
612,2367,4
2250,3418,26
1802,3317,3
266,1802,3
2356,3502,5
1210,2367,5
2906,2970,24
3653,3951,28
807,830,3
24,1306,2
847,2320,22
117,2759,29
1168,2933,2
1433,3161,3
426,1209,18
742,2284,3
1783,2753,27
2673,2934,4
1387,2823,3
1777,3603,12
1677,3708,2
2245,3284,3
1113,3894,18
656,3804,2
1580,3238,2
1002,3297,29
998,2627,2
169,2846,13
256,3956,4
1981,2247,23
302,3125,3
243,1729,2
742,2699,2
2552,2872,2
581,2109,7
263,3650,2
474,1387,2
1180,3330,3
1261,3713,2
1897,1952,4
1622,2505,3
407,2320,23
914,1524,3
44,2250,6
1063,1160,18
1002,1266,28
600,3915,18
1427,1985,3
2149,2690,3
124,2579,4
3174,3714,27
2079,3177,2
775,1546,10
1445,2433,2
236,2557,2
315,2923,2
495,3881,4
1783,2004,30
302,2612,4
2605,3941,9
856,1922,3
383,3168,23
1509,3462,4
1659,3447,5
2355,2896,4
2744,3126,9
436,2386,25
457,801,2
1209,3659,18
1462,2628,2
2076,2146,3
1883,3739,2
2299,2793,4
868,3877,4
349,3218,2
2223,3903,3
279,2198,3
117,2953,5
1176,1325,4
1417,1716,2
1783,3387,25
1002,1994,27
987,1711,2
1625,2613,3
1433,3502,4
1553,3594,6
968,2089,4
534,2522,4
1428,2065,2
236,1680,3
1348,2782,18
332,1383,3
2476,2685,3
1997,3054,12
1226,3789,23
600,1348,18
455,1760,3
1968,3418,3
293,3703,3
1266,3297,28
2455,3930,3
2114,3972,3
234,3871,4
366,3378,23
2964,3264,3
1546,3400,4
750,1952,2
1614,1689,3
2002,2803,2
1763,1983,3
1394,3789,24
616,3054,12
2330,3264,2
1999,2782,18
472,1944,5
3307,3482,6
1531,3100,7
4122,2643,2
2004,3653,29
1022,2281,4
1485,1559,24
3347,3743,5
2429,2867,23
1313,2036,3
1920,3501,5
26,3852,2
2766,4078,3
1231,2908,2
2627,3611,2
132,1248,3
1468,3127,9
215,1173,3
1394,2247,23
1779,2948,4
1641,3491,12
922,1879,5
2356,3234,3
1376,2802,3
2386,3347,24
1566,4054,2
1207,3673,3
2015,3900,2
302,2089,4
1231,1674,4
868,1509,5
1048,2429,23
366,2247,23
776,1722,10
117,4079,29
687,924,3
547,3094,3
3159,3428,3
1483,1952,3
3550,3603,12
38,1205,3
1561,2611,2
319,2343,4
117,3487,29
615,1953,4
569,1641,12
2356,3326,4
1137,1512,9
3395,3564,4
1155,2595,3
2209,4007,3
348,1555,3
1271,3563,3
1796,3447,5
1468,3941,9
897,2086,2
1674,2050,3
974,1384,6
3089,3844,3
472,1091,7
350,3347,24
2537,2542,4
4132,1142,2
25,1561,4
626,2213,13
2099,2562,3
197,3925,4
3867,4044,3
1776,3438,2
2211,3387,25
1212,2891,2
1532,3492,3
2751,3578,3
2844,3844,3
2560,3378,23
3387,3400,4
832,3894,18
690,863,2
2049,2050,3
1910,3326,4
2233,2906,24
2885,2892,3
1836,3479,6
1189,1994,3
1024,1485,23
407,1169,23
407,2867,23
1091,3743,6
67,626,13
2004,2759,30
383,407,23
1062,1340,2
383,1559,24
1559,1981,23
405,2247,23
2004,3174,30
1002,2250,27
1394,2867,23
96,3125,2
1476,1955,4
7,432,3
1318,3560,6
2337,2807,2
2216,2923,5
2429,3123,23
263,1698,2
1150,2355,2
204,807,3
2386,3387,25
73,1003,4
2220,3500,3
901,2223,2
1048,3925,23
1078,3120,4
479,3571,3
573,3844,3
2753,3547,3
782,2266,3
1453,3332,3
847,1169,23
4137,1880,3
407,1048,23
978,3553,3
1169,3027,23
432,2047,3
97,436,25
1157,3846,3
1433,2356,4
2482,3358,2
2339,2613,4
1194,3173,9
1192,3123,18
1783,3487,30
1266,1553,25
685,1768,3
1024,2560,23
105,2415,3
830,3464,3
764,2220,2
1777,2856,12
1018,2350,8
105,1591,2
2411,2462,3
1553,3347,24
1810,3411,3
2806,3947,3
46,2537,2
397,2929,2
1505,3584,3
250,470,27
471,1352,3
1346,1628,3
2386,3418,26
309,3050,2
307,1445,2
954,2772,2
2861,3347,3
532,2575,9
2892,3258,3
2044,3500,2
3418,3653,26
248,2146,3
1263,3827,3
1231,4008,2
612,3204,2
743,2638,3
2220,3330,3
569,1696,2
4134,2580,2
613,3357,2
517,3733,3
794,866,3
3563,3846,3
382,1378,5
1763,1985,3
2284,3392,2
1435,1512,9
2362,3004,2
150,4030,3
420,3462,4
25,4151,3
1288,3578,3
3661,3673,4
405,1485,23
1467,3930,3
2066,3504,2
1693,2158,2
2109,3307,6
1955,3954,4
547,1937,3
262,1674,3
1632,3357,3
1677,1755,3
1137,1468,9
1433,2245,3
2399,2744,9
2251,3231,18
864,3322,2
1823,2632,2
1394,2320,22
1294,1400,2
3418,4011,26
572,2013,18
2759,4011,29
234,3465,4
1999,2780,18
441,1093,2
1942,4079,29
314,3386,2
807,1225,3
954,1314,3
2560,3925,23
436,2211,25
1038,3385,2
734,2193,3
600,796,18
250,1803,3
2856,3054,12
520,1792,3
1883,3327,2
2182,2575,9
1139,1165,4
308,3125,2
1350,2601,2
656,3415,3
2500,3921,3
621,943,4
1939,3035,5
1039,3289,5
2320,2970,23
925,3989,10
384,3347,3
891,1967,5
366,2776,23
1671,3503,3
600,2780,18
572,3231,18
1433,2298,4
694,1033,4
478,4041,3
350,3951,28
170,1950,2
1703,3232,2
1546,3387,4
1764,2766,3
2722,3946,3
1942,1994,27
767,2575,9
1033,1561,4
1318,1531,6
557,1156,3
687,2496,3
436,2953,5
1226,2320,23
2233,2560,23
691,1173,2
1146,3161,3
694,2036,4
1286,2948,4
2759,3174,30
1546,2198,3
1438,3482,6
1818,3139,3
338,570,18
1125,2763,4
2504,3330,3
2861,3103,3
1594,3580,4
2013,3483,18
106,3327,3
807,1292,3
1585,3673,3
1660,1883,2
248,2076,3
3174,3653,29
1946,2958,4
1435,2605,9
764,4041,3
615,939,4
705,3054,12
1722,3374,2
3903,4012,3
1172,2953,2
1208,2277,4
734,2884,3
3297,4079,29
832,2780,18
1031,3483,18
1231,3415,3
1248,1877,3
1060,1605,2
2429,3027,24
1331,2356,5
1553,3387,25
2235,3395,3
1942,3387,25
265,1218,3
1553,4011,25
44,473,2
3174,3951,28
626,3603,13
2473,3465,3
423,1191,3
81,2066,2
3820,3964,4
2822,4034,2
1072,2309,4
1909,3975,3
1942,3174,29
1873,2446,18
1783,2250,27
1134,1450,3
2130,2356,5
772,3919,6
153,3827,3
4124,2825,3
2199,3797,2
350,2211,30
2017,3668,3
4011,4079,29
381,3065,2
3260,4053,3
2250,3714,27
2035,2284,3
472,2753,6
1981,2776,23
1266,2004,28
1970,2035,2
560,2552,2
31,3299,2
794,2932,3
2213,2837,13
3920,3933,2
25,1033,4
85,2077,4
674,2415,2
1031,2305,18
245,3078,3
1180,3502,4
720,971,4
1994,2759,27
703,1011,3
436,3418,25
3347,3487,24
85,3890,4
925,2999,10
1389,3584,2
1622,3250,3
940,1983,2
597,864,2
1937,3289,5
1818,2414,2
227,687,3
445,1499,2
241,2342,3
1942,2759,29
4125,1693,2
1211,3851,3
705,1997,12
2703,4005,2
106,727,4
1816,2049,3
1011,3878,3
1117,3637,13
1030,2744,9
101,1928,2
3211,3616,2
2386,3951,28
117,3387,25
1348,3894,18
1553,2405,6
458,1132,3
1780,3648,5
202,3792,3
209,2187,4
432,2152,3
366,3789,23
2428,3723,2
153,182,3
572,2251,18
1226,1394,23
1394,2560,23
1400,3211,2
470,2759,30
6,1002,30
1007,2286,3
2220,3075,3
2320,3103,5
1513,3347,6
734,2711,2
1079,2022,2
3661,3664,2
1348,2780,18
1524,3658,2
1524,3140,3
962,3343,3
3732,3780,3
1002,3387,25
2749,2780,18
332,2902,3
293,3357,2
1537,3577,3
26,3073,4
727,1946,4
962,3877,2
2320,3422,4
1091,3578,5
2280,2560,23
1783,2759,30
715,1546,2
825,3030,4
1134,2098,4
1813,3365,3
2826,3956,2
65,3989,10
124,3091,4
2806,3331,3
551,557,3
1651,2502,3
574,1191,3
969,2141,3
305,2708,3
2386,2753,27
1184,2637,3
6,3951,28
1097,1965,3
2675,3500,3
182,223,2
4113,153,2
440,839,3
1266,1592,6
1999,2749,18
535,1677,3
350,1002,30
577,2892,3
2554,3347,5
1266,2759,28
1407,3560,5
1922,2502,3
161,1570,3
877,3359,3
101,3479,6
847,1394,24
2498,3251,3
2004,4079,29
2067,2703,2
140,3571,3
1274,2405,6
796,2903,18
2856,3603,12
1674,3800,4
425,3715,2
1658,1760,2
435,1453,2
2320,3378,23
669,2135,4
2782,2821,18
514,785,7
1317,1921,2
2094,3140,3
1942,2004,29
169,1320,13
204,3357,3
1100,2451,6
847,1048,23
1587,3998,2
2598,3956,2
759,3536,2
247,3705,2
974,989,6
894,2111,2
172,3710,3
1313,2035,3
223,2367,3
2605,3127,9
547,3289,4
1559,2776,23
1513,3350,2
262,1097,2
382,2743,5
2759,3347,24
570,3134,18
1167,3930,2
954,2152,3
2671,2866,4
2344,2751,3
350,3387,25
332,779,3
1656,3578,3
1365,2964,3
2049,2962,3
458,3930,3
785,1318,7
1099,2350,7
776,3989,10
1766,1768,3
534,971,4
416,3117,3
67,289,13
1981,2560,23
2609,2731,2
745,3964,3
456,4033,2
1381,3621,2
383,2247,23
72,2923,5
1513,3752,5
4107,3108,4
1531,3499,6
1768,3211,2
807,3919,3
2737,3447,4
1011,1562,2
1355,1636,2
4111,1792,5
223,4005,3
394,1778,3
3224,3715,3
350,2386,30
1559,3081,23
6,250,27
255,1286,4
3120,3769,5
2176,2362,2
3614,3826,3
302,3936,4
1226,1559,23
4102,2724,2
2135,3194,2
2482,3627,2
250,350,27
1287,3554,2
383,1048,23
723,1971,2
436,3487,25
1030,3935,9
731,1028,2
2130,2637,4
117,3146,2
198,2286,3
3054,3603,12
1659,3222,4
250,3840,4
2011,3526,2
1226,2280,23
817,1317,2
973,2011,4
705,3603,12
3927,4042,4
325,827,3
1146,3341,2
405,2867,23
3951,4079,28
572,2305,18
4117,2734,6
470,3174,30
2015,3829,2
1897,3152,4
171,3142,3
4107,432,4
847,1559,23
1665,1881,4
1210,1748,5
391,3496,4
1512,3941,9
409,807,2
32,3196,3
101,1878,6
259,922,5
1192,1226,18
3225,3584,2
436,472,6
616,3550,12
407,3378,23
3500,3761,3
1331,2637,4
2209,4011,8
1975,3330,4
85,3117,3
223,3808,4
847,1226,23
1359,3190,4
17,2364,2
1553,1994,25
1585,3674,2
1284,3100,9
436,2861,3
2798,3330,3
1912,3740,4
232,1319,3
1783,2211,30
1505,4005,2
2119,2794,3
1191,3080,2
1474,2301,18
1169,2320,23
1348,2903,18
6,3418,26
559,764,2
1160,2305,18
971,1677,3
885,1777,12
101,2829,2
985,1288,3
2022,2801,2
1981,2867,23
1994,3347,24
200,2612,4
549,1933,3
752,1881,4
2867,3081,23
264,2910,4
436,2209,8
2015,3956,2
2428,2869,2
2737,3044,2
1485,2906,24
714,1002,2
2821,3897,18
1435,3127,9
423,3289,5
1048,1169,23
1668,3954,3
366,1192,18
1722,3264,10
1298,3708,2
1461,3250,3
706,3027,25
26,3579,2
117,1002,29
1160,2013,18
1133,1950,2
3462,3877,4
1513,1546,3
1091,2923,5
1524,3714,2
1783,3714,27
1017,1615,2
1682,3032,4
44,3727,6
907,1511,2
4117,1679,6
2004,4011,29
708,1792,3
2172,2203,3
117,3653,29
3714,4079,27
2098,3017,2
4146,1167,3
479,2282,3
2089,3500,3
1453,2589,2
366,3925,23
623,3192,5
514,1367,7
154,2483,3
1356,3949,2
1749,2049,3
510,2237,5
477,973,5
2798,2957,2
1435,2634,9
2036,3710,3
2013,2301,18
1091,1561,5
1524,3977,2
1546,2183,2
1180,2036,3
2428,3888,3
1236,3264,10
2451,3919,6
1591,3116,3
906,1167,3
2015,3076,2
1524,1602,2
701,1674,2
971,1022,4
1002,1553,25
2399,3126,9
1407,3499,6
847,2867,23
761,2266,2
570,2446,18
635,3159,3
1180,4056,3
426,3897,18
440,471,3
894,1760,2
2254,3925,4
939,1953,4
1148,1681,2
1797,3294,2
2235,2320,5
807,2787,3
2320,2429,23
1071,3919,2
2320,3027,23
1023,3190,5
1082,3941,9
6,1783,30
2950,3931,2
2001,2762,2
1245,1760,3
2001,2220,3
2250,4011,27
1433,3501,4
233,2254,3
589,3221,3
2560,3168,23
3103,3794,5
1997,3603,12
2367,4005,3
1891,3932,4
6,3174,30
600,3894,18
1981,3925,23
536,2009,3
796,2780,18
2013,2446,18
1146,3679,5
366,847,23
405,3027,23
382,2067,5
156,3035,5
2405,3120,6
88,1099,4
1994,3653,27
2794,3856,2
2360,3956,4
253,3103,5
1485,2560,23
1180,2615,2
442,932,3
1397,2245,3
514,1318,7
41,1340,2
1376,2411,3
1553,2947,6
785,1407,6
1031,2251,18
589,2208,3
2776,3123,23
3211,3267,2
1438,1531,7
1732,2660,4
2077,3688,2
1959,4079,2
543,3877,3
1553,2386,25
1524,1709,3
703,1427,2
604,1553,4
570,3352,18
1091,1608,4
1184,1433,3
1784,2022,2
2118,3059,3
3016,3927,4
257,1883,2
1169,2560,23
2802,3469,3
302,3919,4
665,3656,2
350,470,30
147,546,3
1400,3465,4
227,1813,2
2753,3526,2
1030,3707,9
572,2301,18
1407,3980,4
192,3326,2
1357,2341,2
432,2476,3
680,2836,2
929,1453,2
616,705,12
1063,2446,18
1048,2233,23
856,1760,2
2036,2149,2
97,1783,29
556,3935,9
1641,1777,12
1952,3152,4
2399,2741,9
4154,1921,3
1524,1540,2
796,832,18
3467,3846,4
1231,3776,3
1266,2753,27
1023,2528,3
1909,1912,4
2780,2782,18
65,3564,4
383,1024,23
1207,3415,3
1024,2280,23
85,416,3
650,844,2
2899,3936,3
1157,3563,3
1082,1435,9
2386,4011,29
2251,3352,18
383,2776,23
338,2305,18
6,3297,29
2350,3782,8
541,2941,6
749,1509,4
2654,4052,5
2193,2884,4
1994,4079,27
1729,2465,3
106,1656,3
2479,2791,3
2605,2634,9
191,1512,2
1407,3648,5
1160,2446,18
2867,3123,23
301,681,3
427,1213,4
1674,2962,4
775,776,10
366,2280,23
731,929,2
2160,4005,2
1146,2519,5
1100,3919,6
2281,3671,4
1942,2250,27
1530,4010,2
1318,3648,5
2235,2861,3
1518,1768,3
2852,3881,2
67,2846,13
590,3352,18
1942,3714,27
117,2250,27
256,3187,4
1707,3418,6
432,909,3
289,3603,13
2250,3743,6
2410,3935,9
557,2241,3
893,2885,2
395,914,3
1994,2209,8
1267,2643,2
184,3875,8
1304,2457,2
3065,3270,2
1683,4063,4
3353,3877,3
941,1962,2
1546,1722,10
1483,3673,2
1156,2241,4
528,1537,3
2301,3352,18
3143,3167,3
891,1667,5
3297,3951,28
774,3706,2
1783,3951,28
250,3418,26
366,2970,23
2553,2721,2
612,1931,3
1620,1881,4
1290,2148,2
3513,3515,2
