4128,4134,2
4128,4135,2
4049,4081,2
4024,4034,4
4011,4143,2
4006,4014,6
4003,4020,4
3989,4020,13
3974,3986,1
3965,4083,3
3964,4105,5
3962,4006,7
3957,4085,2
3940,4113,2
3940,4123,1
3936,4157,4
3934,4043,7
3927,4042,3
3920,3933,2
3917,3935,13
3916,3935,16
3903,3934,4
3902,3912,2
3898,4007,1
3894,3897,24
3886,4029,1
3881,3889,3
3881,3904,3
3875,3922,8
3867,4045,2
3866,3937,2
3863,4124,2
3862,4113,2
3858,3903,1
3857,4110,1
3853,4065,3
3848,3934,4
3847,3883,3
3844,3972,3
3844,4102,3
3840,3843,1
3832,3881,4
3827,3944,3
3820,3964,4
3819,4008,2
3816,3844,3
3813,4105,5
3810,3913,4
3809,4128,3
3798,4033,2
3789,3925,16
3788,3848,4
3782,3922,8
3782,3875,8
3780,3926,3
3769,3778,4
3768,3862,2
3764,4047,2
3760,4086,1
3754,4052,6
3753,3798,2
3753,4033,2
3749,3932,1
3748,3856,2
3738,3846,1
3732,3779,1
3732,3780,2
3729,4030,7
3728,4016,2
3725,3828,4
3723,4013,2
3718,3953,4
3715,4026,2
3712,3753,2
3707,3935,16
3707,3916,16
3701,3805,2
3699,3976,2
3693,3729,7
3693,4030,7
3691,4052,6
3691,3754,6
3683,3827,4
3673,3871,3
3673,3903,4
3673,4051,2
3673,3728,4
3671,4015,4
3670,3832,4
3669,4047,2
3669,3764,2
3668,4086,2
3659,3897,24
3659,3894,24
3657,3764,2
3653,4011,28
3651,4106,2
3639,3665,1
3639,3831,1
3638,4120,3
3634,3728,8
3633,3725,4
3633,3828,4
3629,3853,3
3629,4024,4
3629,4034,4
3625,3762,15
3624,3853,1
3620,4086,1
3617,4107,2
3616,4073,3
3611,4110,1
3610,3684,2
3608,4085,2
3608,3957,2
3603,3625,15
3603,3762,15
3601,3725,4
3601,3786,3
3601,3850,1
3597,3930,4
3593,3790,3
3592,3919,3
3589,3788,1
3588,3964,4
3588,3820,4
3585,4100,2
3583,3673,4
3583,3955,4
3571,4003,4
3571,4142,1
3559,4073,4
3557,3897,24
3557,3894,24
3557,3659,24
3556,4030,7
3556,3729,7
3556,3693,7
3550,3762,15
3550,3625,15
3550,3603,15
3546,3616,3
3546,3693,3
3541,3705,5
3541,3902,2
3541,3912,2
3535,3755,1
3531,3640,1
3531,3684,2
3529,3611,4
3529,3629,4
3529,3808,4
3529,3862,3
3529,4034,4
3525,4019,2
3522,3765,3
3521,4015,2
3521,3651,2
3519,3536,1
3518,3649,3
3510,3922,8
3510,3875,8
3510,3782,8
3500,3604,1
3500,3761,2
3498,3937,5
3497,3559,2
3496,3932,3
3488,3573,9
3487,4011,28
3487,3653,28
3486,3934,6
3482,4014,6
3482,4006,6
3479,3818,3
3476,3936,2
3470,3522,2
3467,3846,3
3465,3871,3
3465,3673,3
3463,3958,2
3457,4017,2
3452,3536,1
3448,3788,2
3441,3943,2
3440,3818,1
3437,4062,2
3434,4035,1
3433,3903,3
3427,3626,2
3425,4045,2
3425,3867,2
3424,3437,2
3421,4041,1
3419,4093,1
3419,3777,2
3418,4152,3
3418,3487,28
3418,3653,28
3418,4011,28
3416,3820,3
3415,3764,2
3415,4049,2
3414,3757,2
3411,4040,1
3409,4052,6
3409,3754,6
3409,3691,6
3408,4081,1
3407,3657,2
3407,4003,3
3407,3415,3
3399,4049,2
3399,3415,2
3395,3564,3
3387,3680,2
3387,3813,5
3387,3840,4
3387,3964,5
3387,4072,3
3387,4105,5
3387,4108,3
3387,3487,28
3387,3653,28
3387,3418,28
3387,4011,28
3386,3509,1
3384,4130,1
3384,4135,2
3373,4001,3
3358,3369,1
3358,3373,3
3354,3651,3
3353,3877,1
3352,3971,15
3347,3572,3
3347,3578,6
3347,3727,4
3347,3487,28
3347,3653,28
3347,3418,28
3347,4011,28
3347,3387,28
3338,3990,3
3337,3810,4
3337,3913,4
3335,3337,3
3333,3597,1
3330,3710,2
3330,3995,2
3330,4140,4
3325,3818,3
3325,3479,3
3322,3958,2
3320,3796,2
3313,3750,1
3312,3550,15
3312,3625,15
3312,3762,15
3312,4011,15
3312,3653,15
3312,3603,15
3311,3995,2
3311,3330,2
3310,4034,4
3310,4024,4
3310,3629,4
3297,4011,28
3297,3653,28
3297,3487,28
3297,3418,28
3297,3387,28
3297,3347,28
3296,4003,1
3293,3833,2
3288,3789,16
3288,3925,16
3287,3789,16
3287,3925,16
3287,3288,16
3286,3538,3
3284,3925,2
3283,4011,28
3283,3653,28
3283,3487,28
3283,3418,28
3283,3387,28
3283,3347,28
3283,3297,28
3278,3279,2
3276,3323,2
3272,3761,2
3272,3500,2
3264,3989,13
3264,4020,13
3260,3415,4
3260,3583,4
3260,3822,1
3260,4051,2
3260,3955,4
3260,3673,4
3260,3728,4
3250,3447,4
3250,3698,3
3249,3889,2
3248,3698,3
3244,3441,2
3244,3943,2
3231,3971,15
3231,3352,15
3225,3584,1
3223,3398,1
3222,3447,4
3219,3877,4
3214,3881,4
3213,3412,2
3210,3673,2
3210,3503,2
3207,3759,1
3207,3407,3
3207,3387,3
3205,3503,2
3205,3210,2
3202,4013,2
3202,3886,2
3202,3723,2
3198,3260,1
3196,3812,2
3193,3514,3
3193,3998,2
3193,3358,3
3191,3741,3
3190,3304,2
3190,3880,1
3188,4094,2
3187,4037,2
3180,3498,5
3180,3937,5
3180,3952,1
3179,4043,7
3179,3934,7
3176,3505,3
3174,4011,28
3174,3653,28
3174,3487,28
3174,3418,28
3174,3387,28
3174,3347,28
3174,3297,28
3174,3283,28
3171,3562,2
3169,3250,2
3168,3287,16
3168,3288,16
3168,3789,16
3168,3925,16
3165,4014,6
3165,4006,6
3165,3482,6
3164,3809,2
3162,4033,1
3159,3428,2
3157,3466,1
3155,3560,8
3154,3494,1
3154,3683,4
3154,3723,3
3153,3587,2
3151,3155,8
3149,3887,1
3142,3722,2
3138,3232,2
3138,3827,2
3135,3937,5
3135,3498,5
3135,3180,5
3132,3236,1
3132,3741,3
3132,3805,3
3130,3246,2
3129,3626,2
3129,3427,2
3128,3548,4
3125,3196,2
3125,3581,1
3125,3936,3
3117,3278,3
3117,3965,4
3111,3941,12
3108,4107,2
3106,3603,12
3100,4006,7
3100,3962,7
3098,3886,3
3097,3516,3
3095,3671,4
3095,3695,3
3095,4015,4
3092,3692,2
3091,3742,4
3089,3844,2
3088,3833,2
3088,3293,2
3087,3762,15
3087,3625,15
3087,3603,15
3087,3550,15
3087,3312,15
3079,3756,2
3078,3642,3
3075,3214,4
3075,3844,4
3075,3330,4
3074,3578,6
3074,3840,4
3074,3174,28
3074,3283,28
3074,3297,28
3074,3487,28
3074,3653,28
3074,3418,28
3074,4011,28
3074,3387,28
3074,3347,28
3066,3313,2
3065,3270,1
3061,4105,4
3061,3964,4
3061,3387,4
3060,3157,1
3058,3064,3
3058,3291,2
3058,3745,1
3058,3827,3
3058,3969,3
3054,3762,15
3054,3625,15
3054,3603,15
3054,3550,15
3054,3312,15
3054,3087,15
3053,3154,1
3051,3291,2
3051,3058,2
3046,3538,2
3045,4107,2
3045,3108,2
3044,3698,2
3043,3248,3
3043,3698,3
3042,3330,2
3040,3559,1
3037,3485,3
3037,3622,1
3034,3058,1
3032,3616,3
3032,3546,3
3030,3071,2
3029,3316,1
3029,3387,2
3027,3288,15
3027,3168,15
3024,3708,3
3023,3607,2
3020,3877,2
3020,3284,2
3018,3191,3
3016,4042,3
3016,3927,3
3014,3358,2
3014,3256,2
3008,4153,4
3007,3919,1
3002,4150,2
2996,3603,12
2996,3106,12
2995,3971,15
2995,3352,15
2995,3231,15
2993,3611,4
2993,3635,4
2993,3940,2
2988,3313,1
2987,3430,2
2981,3727,2
2980,3324,1
2980,3799,1
2979,3125,3
2977,3171,3
2977,3180,5
2977,4011,7
2977,3418,7
2977,3347,7
2976,3780,2
2976,3732,2
2974,3780,2
2971,3817,2
2968,3911,3
2968,4098,2
2967,3575,2
2966,3417,3
2965,3767,3
2964,3264,4
2963,3513,2
2961,3922,8
2961,3875,8
2961,3782,8
2961,3510,8
2956,3836,2
2953,3347,5
2953,2977,5
2951,3737,1
2951,3094,2
2950,3931,2
2948,3786,3
2948,3601,3
2945,2946,2
2944,3603,12
2944,3106,12
2944,2996,12
2936,2964,4
2936,3264,4
2926,4042,3
2926,3574,4
2925,3846,1
2920,3284,2
2918,3251,3
2918,3347,3
2917,3910,2
2917,3881,4
2914,3819,2
2914,4008,2
2913,3725,4
2913,3828,4
2913,3633,4
2913,3601,4
2912,3559,4
2910,3606,2
2909,3260,4
2909,3634,8
2909,3731,2
2909,3919,4
2909,4003,4
2909,3728,8
2906,3027,15
2906,3534,2
2906,3559,4
2906,3288,15
2906,3168,15
2903,3897,24
2903,3894,24
2903,3659,24
2903,3557,24
2902,3892,1
2901,2971,2
2901,3018,3
2901,3817,2
2898,4043,7
2898,3934,7
2898,3179,7
2897,3707,16
2897,3916,16
2897,3917,13
2897,3935,16
2895,3755,1
2893,3156,1
2892,3258,2
2890,3142,3
2890,3528,1
2890,3728,4
2890,3601,4
2885,2892,2
2885,3082,1
2885,3258,2
2884,3131,3
2882,3832,3
2881,3059,3
2875,2935,1
2875,3046,2
2875,3538,2
2875,3264,2
2873,3990,3
2873,3338,3
2868,3881,2
2865,3002,2
2865,4150,2
2864,3056,2
2864,3526,2
2863,4108,3
2863,3387,3
2861,3003,2
2861,3103,3
2861,3518,3
2861,3649,3
2861,3784,3
2861,3347,3
2860,3720,2
2859,2864,2
2858,3286,3
2858,3538,3
2858,3091,3
2856,3762,15
2856,3625,15
2856,3603,15
2856,3550,15
2856,3312,15
2856,3087,15
2856,3054,15
2855,3119,3
2855,2909,3
2847,3474,1
2846,3603,12
2846,3106,12
2846,2996,12
2846,2944,12
2844,2912,4
2844,3089,2
2844,3559,4
2844,3330,4
2844,3844,4
2842,2968,3
2842,3489,3
2842,3911,3
2842,4098,2
2841,3728,3
2841,2890,3
2839,3925,4
2834,2865,2
2834,3869,2
2831,3154,3
2825,3863,2
2825,4124,2
2821,3897,24
2821,3894,24
2821,3659,24
2821,3557,24
2821,2903,24
2820,3386,1
2819,3490,3
2819,3560,8
2819,3155,8
2818,4126,2
2816,3546,1
2811,3568,2
2809,3251,3
2809,2918,3
2806,3331,2
2806,3947,2
2800,3489,3
2800,2968,3
2800,2842,3
2799,3677,1
2798,3121,2
2798,3635,4
2798,4140,4
2798,4151,3
2798,3330,4
2797,3763,1
2794,2868,2
2794,3856,2
2791,3199,1
2787,3734,2
2782,3897,24
2782,3894,24
2782,3659,24
2782,3557,24
2782,2903,24
2782,2821,24
2779,3805,3
2779,3132,3
2776,2906,15
2776,3027,15
2776,3287,16
2776,3288,16
2776,3789,16
2776,3925,16
2776,3168,16
2774,3920,2
2772,3530,3
2771,3457,2
2771,2811,2
2770,3506,3
2766,3461,2
2763,3844,4
2760,2890,4
2759,4011,28
2759,3653,28
2759,3487,28
2759,3418,28
2759,3387,28
2759,3347,28
2759,3297,28
2759,3283,28
2759,3174,28
2759,3074,28
2757,2842,4
2756,3463,2
2756,3289,4
2755,3139,2
2755,2882,2
2753,3072,3
2753,3431,2
2753,3475,3
2753,3526,3
2753,3578,6
2753,2759,28
2753,3174,28
2753,3283,28
2753,3297,28
2753,3487,28
2753,3653,28
2753,3418,28
2753,4011,28
2753,3387,28
2753,3347,28
2753,3074,28
2752,3574,2
2751,2931,1
2751,3865,2
2751,3578,2
2749,3897,24
2749,3894,24
2749,3659,24
2749,3557,24
2749,2903,24
2749,2821,24
2749,2782,24
2748,3642,2
2746,2828,2
2744,3935,16
2744,3916,16
2744,3707,16
2744,2897,16
2741,2744,16
2741,3707,16
2741,3916,16
2741,3917,13
2741,3935,16
2741,2897,16
2740,2842,4
2740,2757,4
2737,3043,3
2737,3044,2
2737,3447,3
2737,3698,3
2737,3500,3
2737,3250,3
2735,3909,3
2734,2992,4
2733,2861,3
2732,2765,2
2731,3553,1
2731,3609,2
2728,3683,3
2728,3154,3
2725,4084,2
2724,4102,2
2723,3327,6
2723,3841,4
2723,3989,13
2723,4020,13
2723,2909,8
2723,3264,13
2720,4015,3
2719,3401,2
2716,3846,1
2713,3757,3
2711,2961,8
2711,3290,4
2711,3510,8
2711,3782,8
2711,3875,8
2711,3922,8
2705,2902,1
2698,3998,2
2698,3597,2
2698,3193,2
2697,2928,2
2694,3412,1
2692,2725,3
2689,3699,1
2687,3958,2
2687,3322,2
2685,3433,3
2685,3903,3
2681,3651,3
2674,3559,2
2674,3497,2
2673,4073,4
2672,3796,2
2672,3320,2
2671,2866,3
2669,4109,3
2668,3903,4
2664,3267,1
2664,3405,2
2663,3666,1
2660,3401,2
2659,3679,5
2658,3096,1
2655,4047,1
2654,4052,6
2654,3754,6
2654,3691,6
2654,3409,6
2652,4075,3
2649,2770,3
2645,3722,2
2645,3142,3
2645,2890,3
2643,2712,2
2643,4122,2
2640,3529,3
2638,2917,3
2637,3161,2
2637,3711,1
2637,3780,3
2637,3926,3
2636,2638,2
2635,2643,3
2635,2712,2
2635,2901,3
2635,3018,3
2635,3180,3
2635,3191,3
2635,3741,3
2635,2977,3
2634,3941,12
2634,3111,12
2627,2993,4
2627,3019,2
2627,3222,4
2627,3469,3
2627,3611,4
2627,3635,4
2627,3837,4
2626,2681,3
2626,3295,2
2626,4157,4
2625,3133,2
2625,3696,2
2620,3611,1
2619,3578,2
2617,3060,1
2616,3118,3
2612,3222,4
2612,3447,4
2610,3544,3
2609,3687,1
2609,2731,2
2606,3818,3
2605,3941,12
2605,3111,12
2605,2634,12
2604,4105,5
2604,3813,5
2604,3387,5
2602,2977,5
2602,2953,5
2599,2731,2
2596,2731,1
2593,3944,3
2593,3827,4
2588,3818,3
2587,2635,1
2586,3018,2
2586,2635,2
2585,2760,2
2583,2948,3
2582,3278,3
2582,3965,4
2582,3117,4
2580,4134,2
2580,4128,2
2578,3638,3
2573,4030,7
2573,3729,7
2573,3693,7
2573,3556,7
2571,2977,5
2571,2953,5
2571,2602,5
2570,2630,2
2567,3133,2
2567,4008,2
2567,2841,2
2567,2625,2
2565,2831,3
2565,3443,2
2565,3683,4
2565,3154,4
2559,3330,3
2559,2844,3
2556,4072,3
2556,4037,3
2556,3809,3
2556,4128,3
2555,3933,2
2554,3347,5
2553,3244,2
2552,3049,1
2550,4011,7
2550,3418,7
2550,2977,7
2548,3438,1
2545,3070,1
2545,2731,2
2543,3918,2
2543,3909,2
2541,3667,3
2539,2542,4
2537,2539,4
2537,2541,3
2537,2542,4
2537,3667,3
2533,3788,2
2533,3448,2
2532,3411,2
2532,3954,2
2531,3903,3
2531,3642,3
2531,3078,3
2529,3764,2
2525,2990,1
2525,3693,3
2525,3546,3
2524,4048,2
2523,3914,2
2522,3026,2
2522,3255,4
2522,3540,2
2522,3929,3
2522,4015,4
2518,3465,3
2518,3804,2
2518,3871,3
2518,3415,4
2518,3673,4
2517,3260,2
2515,2713,3
2515,3414,2
2515,3757,3
2515,2518,3
2514,3531,2
2514,3684,2
2514,3407,2
2513,2819,8
2513,3151,8
2513,3560,8
2513,3155,8
2510,3064,3
2505,3250,3
2504,3042,2
2504,3330,2
2503,2657,2
2503,4128,3
2501,2656,3
2500,3579,1
2495,2861,1
2493,2564,2
2492,3806,1
2491,2893,2
2490,3619,1
2488,3311,1
2482,3358,1
2481,2943,2
2480,2926,4
2480,4042,3
2480,3919,4
2479,2791,1
2477,2939,2
2476,2685,3
2476,2965,4
2476,3530,3
2476,3571,4
2476,3788,4
2476,3903,4
2476,3881,4
2475,2656,3
2475,2501,3
2473,3465,2
2472,3431,2
2472,2753,2
2471,4141,2
2468,3139,2
2468,2882,2
2468,2755,2
2465,4147,2
2457,2546,1
2457,2607,1
2457,2914,2
2457,3448,2
2457,4015,4
2455,3930,3
2455,3597,3
2454,2781,2
2453,3573,6
2453,3964,5
2453,3578,6
2453,2723,6
2452,2952,5
2448,2518,1
2446,3971,15
2446,3352,15
2446,3231,15
2446,2995,15
2445,3567,1
2445,4122,2
2443,3817,2
2443,2901,2
2438,2901,1
2437,2883,2
2437,2917,3
2436,2732,2
2436,2765,2
2435,2883,1
2427,2437,2
2426,3673,3
2426,3260,3
2423,3476,2
2419,3290,4
2419,2711,4
2416,3500,3
2415,2552,1
2415,3791,2
2415,3969,3
2414,3651,2
2412,3170,3
2411,3023,2
2411,3919,3
2409,3363,1
2405,2481,2
2405,2745,1
2405,2943,2
2405,3155,3
2402,3788,1
2399,2744,16
2399,3707,16
2399,3916,16
2399,3917,13
2399,3935,16
2399,2897,16
2399,2741,16
2395,4014,6
2395,4006,6
2395,3482,6
2395,3165,6
2394,3679,5
2394,2659,5
2393,4052,6
2393,3754,6
2393,3691,6
2393,3409,6
2393,2654,6
2392,3764,2
2392,3669,2
2391,3877,2
2388,2522,3
2382,3968,2
2381,3438,1
2380,3784,3
2380,2861,3
2379,3405,2
2379,2664,2
2379,2515,2
2379,2518,2
2378,2917,4
2377,3904,2
2373,3937,5
2373,3498,5
2373,3180,5
2373,3135,5
2369,2744,16
2369,3707,16
2369,3916,16
2369,3917,13
2369,3935,16
2369,2897,16
2369,2741,16
2369,2399,16
2368,2623,2
2368,3955,2
2367,3808,4
2367,3986,2
2367,3529,4
2367,3418,4
2365,3334,1
2365,3074,2
2362,3004,2
2362,2537,2
2361,2532,2
2361,3954,3
2360,3447,2
2360,3250,2
2357,3925,16
2357,3789,16
2357,3288,16
2357,3287,16
2357,3168,16
2357,2776,16
2356,2548,2
2356,3234,1
2356,3780,3
2356,2637,3
2349,3722,2
2346,2969,1
2344,3578,2
2344,2751,2
2340,3936,2
2337,3355,2
2336,3844,3
2334,2434,2
2330,3736,2
2330,3264,2
2327,2436,2
2327,3549,1
2322,3954,2
2320,2357,16
2320,2776,16
2320,2896,3
2320,2906,15
2320,3027,15
2320,3091,4
2320,3103,3
2320,3168,16
2320,3284,2
2320,3287,16
2320,3288,16
2320,3789,16
2320,3881,4
2320,3889,3
2320,3925,16
2319,2670,1
2319,3881,4
2319,3832,4
2318,2477,3
2316,3764,2
2316,2529,2
2314,3877,2
2314,2391,2
2313,2440,1
2311,2864,2
2311,2859,2
2309,2729,3
2305,3971,15
2305,3352,15
2305,3231,15
2305,2995,15
2305,2446,15
2303,2452,5
2303,3769,4
2303,3778,4
2302,3587,2
2299,3736,2
2299,2330,2
2297,2993,2
2295,3339,1
2294,3063,2
2293,3254,2
2293,3568,3
2291,3897,24
2291,3894,24
2291,3659,24
2291,3557,24
2291,2903,24
2291,2821,24
2291,2782,24
2291,2749,24
2290,3935,16
2290,3916,16
2290,3707,16
2290,2897,16
2290,2744,16
2290,2741,16
2290,2399,16
2290,2369,16
2289,2411,3
2289,2424,1
2289,2626,3
2289,3177,1
2289,3543,1
2288,2916,1
2287,4105,5
2287,3813,5
2287,3387,5
2287,2604,5
2284,2334,2
2284,2625,3
2284,2746,2
2284,2828,2
2284,3392,1
2284,3631,1
2284,3960,2
2281,2388,3
2281,2522,4
2281,2758,2
2281,3095,4
2281,3255,4
2281,3651,4
2281,3671,4
2281,3929,3
2281,4015,4
2279,3380,1
2278,3573,9
2278,3488,9
2277,2952,5
2277,2452,5
2277,2303,5
2276,2367,4
2276,2550,7
2276,2977,7
2276,2759,28
2276,3174,28
2276,3283,28
2276,3297,28
2276,3487,28
2276,3653,28
2276,4011,28
2276,3418,28
2276,3387,28
2276,3347,28
2276,3074,28
2276,2753,28
2275,4037,1
2271,3898,2
2270,3823,2
2269,4081,2
2267,3978,1
2266,2440,3
2266,2610,3
2266,3544,3
2266,3611,3
2266,3860,3
2265,2986,3
2263,2427,2
2263,2437,3
2263,2627,4
2263,2901,3
2263,2993,4
2263,3019,2
2263,3635,4
2263,3837,4
2263,3906,1
2263,3907,1
2262,3242,2
2260,3108,1
2259,2432,3
2256,3538,3
2256,3286,3
2256,2858,3
2255,3884,1
2254,2413,2
2254,2839,4
2254,3314,1
2254,3709,1
2254,3091,4
2254,3925,4
2252,3639,1
2251,3971,15
2251,3352,15
2251,3231,15
2251,2995,15
2251,2446,15
2251,2305,15
2250,3572,3
2250,2759,28
2250,3174,28
2250,3283,28
2250,3297,28
2250,3487,28
2250,3653,28
2250,4011,28
2250,3418,28
2250,3387,28
2250,3347,28
2250,3074,28
2250,2753,28
2250,2276,28
2249,2760,2
2248,4020,13
2248,3989,13
2248,3264,13
2248,2723,13
2247,2357,16
2247,2906,15
2247,3027,15
2247,3287,16
2247,3288,16
2247,3789,16
2247,3925,16
2247,3168,16
2247,2776,16
2247,2320,16
2243,3679,5
2243,2659,5
2243,2394,5
2241,2680,3
2237,3178,1
2237,3192,2
2235,2772,4
2235,3103,3
2235,3395,4
2235,2861,3
2235,2320,4
2233,3288,15
2233,3168,15
2233,3027,15
2233,2906,15
2233,2776,15
2233,2320,15
2233,2247,15
2230,3561,1
2230,2627,3
2224,3513,1
2223,2640,3
2223,2685,3
2223,3433,3
2223,3903,4
2223,3529,4
2223,2844,4
2220,2232,3
2220,2412,3
2220,2559,3
2220,2844,4
2220,3075,4
2220,3170,3
2220,3214,4
2220,3330,4
2220,3500,3
2220,3844,4
2219,2289,1
2216,2374,3
2214,2909,1
2213,3603,12
2213,3106,12
2213,2996,12
2213,2944,12
2213,2846,12
2210,2218,1
2210,2239,2
2210,3458,3
2210,3884,2
2210,4027,1
2208,3677,2
2205,2284,1
2204,3140,2
2204,3529,4
2204,3629,4
2204,3723,3
2204,3777,4
2204,3788,4
2204,2977,4
2203,2951,2
2203,3094,2
2203,3460,2
2203,3593,4
2200,3494,1
2199,3368,2
2199,2834,3
2197,3094,2
2196,2290,16
2196,2744,16
2196,3707,16
2196,3916,16
2196,3917,13
2196,3935,16
2196,2897,16
2196,2741,16
2196,2399,16
2196,2369,16
2193,3131,3
2193,2884,3
2192,3897,24
2192,3894,24
2192,3659,24
2192,3557,24
2192,2903,24
2192,2821,24
2192,2782,24
2192,2749,24
2192,2291,24
2191,4152,3
2191,3418,3
2190,2725,1
2189,3573,9
2189,3488,9
2189,2278,9
2188,2743,5
2188,2763,4
2188,3674,4
2186,3373,3
2186,4001,3
2186,3788,4
2185,3154,1
2182,3573,9
2182,3488,9
2182,2278,9
2182,2189,9
2181,2408,3
2181,2545,2
2181,2618,1
2181,3370,1
2180,2408,2
2178,3710,1
2177,3029,2
2174,3639,1
2171,3234,1
2170,3924,2
2169,2896,3
2169,3593,4
2169,3541,4
2169,2320,4
2168,2192,24
2168,2291,24
2168,2749,24
2168,2782,24
2168,2821,24
2168,2903,24
2168,3079,2
2168,3557,24
2168,3659,24
2168,3756,2
2168,3894,24
2168,3897,24
2166,2262,4
2165,3955,3
2164,3458,3
2164,2493,3
2164,2210,3
2164,3290,3
2162,3657,2
2162,3412,2
2162,3764,2
2161,4043,7
2161,3934,7
2161,3179,7
2161,2898,7
2160,3059,3
2160,2881,3
2159,3651,3
2159,3354,3
2157,3256,3
2157,3468,2
2153,2421,1
2153,3445,2
2151,4107,3
2149,2690,2
2149,3881,2
2146,2477,3
2146,2318,3
2139,3424,2
2139,3437,2
2136,3885,3
2133,2683,3
2130,2356,3
2130,2474,2
2130,2830,1
2130,2974,2
2130,2993,3
2130,3501,2
2130,4056,1
2130,2637,3
2128,2264,2
2128,2326,1
2128,2335,2
2128,2558,2
2128,2798,4
2128,3072,3
2128,3260,4
2128,3439,1
2128,3526,3
2128,3670,4
2128,3692,2
2128,3735,1
2128,3827,4
2128,3832,4
2128,3955,4
2128,4140,4
2128,2753,4
2126,2165,3
2126,3097,3
2126,3145,2
2126,3583,4
2126,4035,2
2126,3091,4
2126,3955,4
2125,4020,13
2125,3989,13
2125,3264,13
2125,2723,13
2125,2248,13
2123,4030,7
2123,3729,7
2123,3693,7
2123,3556,7
2123,2573,7
2122,2609,2
2118,3059,3
2118,2881,3
2118,2160,3
2117,4135,2
2117,3384,2
2114,3972,3
2114,3844,3
2113,2616,3
2113,3118,3
2113,3585,2
2113,4100,2
2112,2283,2
2112,2930,2
2109,2395,6
2109,3100,7
2109,3165,6
2109,3482,6
2109,3962,7
2109,4014,6
2109,4006,7
2105,2678,1
2104,3893,2
2103,3128,4
2103,3844,4
2103,3548,4
2103,2220,4
2102,4128,2
2101,4042,3
2101,3574,4
2101,2926,4
2101,2480,4
2098,2680,3
2098,2913,4
2098,3017,2
2098,3633,4
2098,3725,4
2098,3828,4
2098,3788,4
2098,3601,4
2096,4118,1
2095,2289,3
2095,2473,2
2095,3347,5
2095,2977,5
2095,2953,5
2091,3897,24
2091,3894,24
2091,3659,24
2091,3557,24
2091,2903,24
2091,2821,24
2091,2782,24
2091,2749,24
2091,2291,24
2091,2192,24
2091,2168,24
2089,2440,3
2089,2612,4
2089,2748,2
2089,3222,4
2089,3500,3
2089,3536,1
2089,3642,3
2089,2220,4
2087,2522,1
2084,3780,2
2084,3732,2
2083,3886,3
2083,3098,3
2077,2582,4
2077,3117,4
2077,3890,2
2075,3418,4
2075,2977,4
2072,2948,2
2071,3512,2
2069,2169,4
2069,2203,4
2069,3541,5
2069,3651,4
2069,3705,5
2069,3864,2
2069,4106,2
2069,2281,4
2068,3903,2
2068,2890,2
2067,2703,1
2067,2743,5
2067,2831,3
2067,2188,5
2067,3154,4
2066,3504,2
2066,3668,2
2066,4086,2
2066,3728,2
2065,3957,1
2063,2818,2
2063,3341,2
2063,4126,2
2052,3323,2
2052,3276,2
2051,3913,4
2051,3810,4
2051,3337,4
2050,2348,2
2050,3633,4
2049,2050,4
2049,2348,2
2049,2476,4
2049,2962,3
2049,2966,3
2049,3091,4
2049,3260,4
2049,3417,3
2049,3559,4
2049,3633,4
2049,3673,4
2049,3742,5
2049,3955,4
2049,4073,4
2048,3748,3
2048,3841,4
2048,3856,2
2048,3327,5
2048,2723,5
2048,2453,5
2045,4037,2
2044,3500,1
2042,3944,3
2042,3827,3
2042,2593,3
2040,2258,2
2039,3418,5
2039,2550,5
2039,2276,5
2037,3722,2
2037,2349,2
2036,2149,2
2036,2593,4
2036,3092,2
2036,3710,2
2036,3837,4
2036,2263,4
2036,3955,4
2035,2036,4
2035,2126,4
2035,2165,3
2035,2284,4
2035,2334,2
2035,3302,1
2035,3330,4
2035,3583,4
2035,3955,4
2035,2220,4
2033,2980,3
2032,3487,5
2032,3347,5
2032,2250,5
2029,4141,2
2029,2471,2
2025,2045,2
2025,2047,2
2023,3816,2
2020,3243,1
2020,3841,2
2020,3728,2
2016,3728,8
2016,3634,8
2016,2909,8
2012,3216,2
2012,3527,2
2012,3559,2
2012,2912,2
2011,3526,3
2011,3827,3
2011,2128,3
2008,2281,1
2004,4011,28
2004,3653,28
2004,3487,28
2004,3418,28
2004,3387,28
2004,3347,28
2004,3297,28
2004,3283,28
2004,3174,28
2004,3074,28
2004,2759,28
2004,2753,28
2004,2276,28
2004,2250,28
2003,2416,3
2001,2103,4
2001,3844,4
2001,2673,4
2001,2220,4
1999,3897,24
1999,3894,24
1999,3659,24
1999,3557,24
1999,2903,24
1999,2821,24
1999,2782,24
1999,2749,24
1999,2291,24
1999,2192,24
1999,2168,24
1999,2091,24
1997,3762,15
1997,3625,15
1997,3603,15
1997,3550,15
1997,3312,15
1997,3087,15
1997,3054,15
1997,2856,15
1996,3943,2
1996,3441,2
1994,2550,7
1994,2977,7
1994,3154,4
1994,2004,28
1994,2759,28
1994,3174,28
1994,3283,28
1994,3297,28
1994,3487,28
1994,3653,28
1994,2250,28
1994,2276,28
1994,4011,28
1994,3418,28
1994,3387,28
1994,3347,28
1994,3074,28
1994,2753,28
1993,3064,2
1989,3461,2
1989,2766,2
1987,2072,2
1987,3975,2
1987,2948,3
1986,2640,3
1986,2223,3
1982,1990,1
1981,3925,16
1981,3789,16
1981,3288,16
1981,3287,16
1981,3168,16
1981,2776,16
1981,2357,16
1981,2320,16
1981,2247,16
1980,4144,2
1979,3727,2
1979,2981,2
1974,2000,2
1974,2376,2
1974,2787,3
1974,2128,3
1972,2955,2
1971,3873,1
1971,3884,2
1970,2035,1
1969,2306,1
1968,4152,3
1968,3418,3
1968,2191,3
1967,2225,1
1967,3397,3
1967,3454,4
1966,3597,4
1966,3930,4
1966,3673,4
1961,3244,3
1960,2720,1
1958,2588,3
1958,2606,3
1958,3325,3
1958,3479,3
1958,3818,3
1956,2525,3
1955,3954,3
1955,2361,3
1951,1998,1
1951,3432,1
1951,4001,2
1950,2136,3
1950,2577,1
1950,3885,3
1950,3877,4
1950,2095,4
1947,3651,1
1944,3347,5
1944,2554,5
1943,2266,1
1942,2953,5
1942,2004,28
1942,2759,28
1942,3174,28
1942,3283,28
1942,3297,28
1942,4011,28
1942,3653,28
1942,3487,28
1942,3418,28
1942,3387,28
1942,3347,28
1942,3074,28
1942,2753,28
1942,2276,28
1942,2250,28
1942,1994,28
1940,3472,3
1940,3541,5
1940,3651,4
1940,3705,5
1940,3901,1
1940,3154,4
1940,2069,5
1939,3476,2
1939,4102,3
1939,3936,3
1938,3306,1
1938,2980,3
1938,2356,3
1938,2130,3
1937,2756,4
1937,3289,4
1937,3313,2
1937,3593,4
1937,3790,3
1937,3924,2
1935,3971,15
1935,3352,15
1935,3231,15
1935,2995,15
1935,2446,15
1935,2305,15
1935,2251,15
1934,3387,2
1934,3074,2
1933,3157,2
1932,1965,2
1932,2930,2
1931,2481,2
1930,2467,1
1930,2809,3
1930,3251,3
1930,2918,3
1929,3848,2
1929,3788,2
1927,3999,1
1927,4020,1
1926,3955,2
1924,3540,2
1924,2522,2
1921,2253,3
1921,2827,3
1921,4154,2
1921,2204,3
1920,3501,2
1920,2130,2
1917,2063,1
1914,2909,3
1909,1912,1
1909,1987,3
1909,3346,1
1909,3975,2
1909,3742,3
1907,4052,6
1907,3754,6
1907,3691,6
1907,3409,6
1907,2654,6
1907,2393,6
1905,2964,4
1905,2936,4
1904,4036,2
1902,4019,2
1902,3525,2
1901,2092,2
1901,2315,1
1901,2677,3
1901,3394,1
1900,3995,2
1899,4081,2
1899,4049,2
1898,3877,4
1897,3152,2
1895,2751,1
1893,3673,1
1892,3862,3
1891,2442,2
1891,3496,3
1891,3932,3
1891,2220,3
1890,3610,2
1890,3684,2
1890,3826,1
1890,4055,2
1888,2161,7
1888,2898,7
1888,3179,7
1888,3486,6
1888,3848,4
1888,4043,7
1888,3934,7
1887,4102,2
1887,2724,2
1886,2733,2
1884,1971,2
1883,3739,1
1883,3337,4
1883,3327,4
1883,3293,4
1882,2953,5
1882,2753,5
1882,2095,5
1881,2077,2
1880,4137,1
1876,2220,1
1873,3971,15
1873,3352,15
1873,3231,15
1873,2995,15
1873,2446,15
1873,2305,15
1873,2251,15
1873,1935,15
1872,3064,2
1872,2510,2
1871,2356,1
1870,3655,1
1869,3815,2
1869,2063,2
1867,2985,3
1867,3154,3
1866,3337,2
1866,3335,2
1863,2106,2
1863,2565,4
1863,2566,2
1863,3113,2
1863,3683,4
1863,3154,4
1861,3757,1
1860,2614,2
1860,2319,2
1851,3815,2
1849,2936,1
1848,2637,1
1847,2274,1
1847,3229,1
1845,2752,2
1843,3934,1
1842,2733,2
1842,1886,2
1839,4008,1
1838,3239,2
1833,2632,2
1831,2865,2
1831,2834,2
1825,2253,2
1824,1883,4
1824,3171,3
1824,3290,4
1824,3293,4
1824,3327,6
1824,3475,3
1824,3562,2
1824,3578,6
1824,3312,6
1824,2977,6
1824,2753,6
1823,1833,2
1823,2632,2
1823,1824,2
1822,3437,2
1821,1822,2
1821,2379,2
1821,2529,2
1821,3437,2
1821,3675,2
1821,4062,2
1820,4073,1
1816,1988,2
1816,2962,3
1816,3559,4
1816,3742,5
1816,2906,5
1816,2049,5
1815,1845,2
1815,2758,2
1815,2752,2
1813,3375,1
1812,3990,2
1812,2890,2
1809,3531,2
1809,2514,2
1808,3503,2
1807,1933,2
1805,1851,1
1801,2906,3
1801,1816,3
1800,3718,4
1800,3953,4
1800,3578,4
1799,3313,2
1799,3066,2
1795,3505,1
1791,2814,1
1791,3380,1
1791,3313,2
1788,3551,1
1788,3865,2
1788,2751,2
1785,3397,3
1785,1967,3
1784,2679,2
1784,3967,1
1783,4011,28
1783,3653,28
1783,3487,28
1783,3418,28
1783,3387,28
1783,3347,28
1783,3297,28
1783,3283,28
1783,3174,28
1783,3074,28
1783,2759,28
1783,2753,28
1783,2276,28
1783,2250,28
1783,2004,28
1783,1994,28
1783,1942,28
1782,3257,1
1780,3490,3
1780,3560,8
1780,2513,8
1780,3155,8
1780,2819,8
1779,3518,3
1779,3649,3
1779,2948,3
1779,2861,3
1777,3762,15
1777,3625,15
1777,3603,15
1777,3550,15
1777,3312,15
1777,3087,15
1777,3054,15
1777,2856,15
1777,1997,15
1775,3712,2
1775,3753,2
1774,3364,1
1774,3811,1
1773,3416,3
1773,4033,2
1773,3091,3
1773,2320,3
1770,3728,2
1770,2020,2
1768,2310,1
1768,2431,1
1768,2651,1
1768,2770,3
1768,3506,3
1767,2649,3
1767,2770,3
1767,4076,1
1767,1768,3
1766,1767,3
1766,1982,1
1766,2179,1
1766,3185,2
1766,3506,3
1766,1768,3
1764,2766,2
1764,2503,2
1762,1987,3
1762,2652,3
1762,3280,1
1762,3470,2
1762,3522,3
1762,3765,3
1762,4075,3
1762,1768,3
1761,2141,2
1757,2740,4
1757,2757,4
1757,3673,4
1757,2842,4
1757,1966,4
1756,2327,1
1754,1846,1
1754,2921,1
1753,3284,2
1752,2180,2
1752,2408,3
1752,3391,1
1752,2181,3
1749,3742,3
1749,2049,3
1749,1816,3
1748,3418,4
1748,2367,4
1748,2276,4
1747,3784,3
1747,2861,3
1747,2380,3
1743,3763,3
1742,2181,1
1740,3958,2
1740,3463,2
1739,2258,2
1739,2040,2
1736,3772,3
1736,2220,4
1734,2300,1
1733,2016,8
1733,3634,8
1733,2493,3
1733,3728,8
1733,2909,8
1732,1890,2
1732,2270,2
1732,2660,2
1732,2719,2
1732,3401,2
1732,3823,2
1732,4055,2
1730,3418,3
1730,2977,3
1730,2075,3
1729,1775,2
1729,2465,2
1729,4147,2
1729,2112,2
1725,3514,2
1724,3006,1
1724,2720,2
1722,2125,13
1722,2248,13
1722,2518,4
1722,3989,13
1722,4020,13
1722,3264,13
1722,2723,13
1721,3801,1
1719,3503,2
1719,3210,2
1715,3494,1
1714,2010,1
1714,2122,3
1714,2760,4
1714,2763,4
1714,2849,1
1714,3844,4
1713,3024,2
1712,2509,1
1711,3933,2
1711,1900,2
1710,4022,1
1710,3723,1
1709,3766,3
1709,3777,4
1709,2204,4
1706,2729,3
1706,2309,3
1705,3176,3
1705,3505,3
1705,2515,3
1703,3232,2
1703,3138,2
1700,2545,1
1697,2157,3
1697,3201,1
1697,3468,2
1697,2480,3
1697,3919,3
1694,2283,2
1694,2112,2
1692,2342,1
1692,2673,4
1692,3095,4
1692,3671,4
1692,3870,1
1692,2522,4
1692,4015,4
1692,2281,4
1689,2253,3
1689,2503,3
1688,3419,1
1687,2289,1
1686,2150,2
1685,3673,1
1684,3412,2
1684,2162,2
1683,3495,1
1682,1851,2
1682,3032,3
1682,3616,3
1682,3773,1
1682,3815,2
1682,3961,1
1682,3546,3
1680,1704,2
1680,1743,3
1680,2121,1
1680,2378,4
1680,2454,2
1680,2781,2
1680,2917,4
1680,3763,3
1679,2992,4
1679,2734,4
1678,2181,1
1677,1785,3
1677,1967,4
1677,2035,4
1677,2186,4
1677,2319,4
1677,2673,4
1677,3397,3
1677,3454,4
1677,3623,3
1677,3633,4
1677,3708,3
1677,3788,4
1677,4073,4
1677,2049,4
1676,2090,1
1676,2525,3
1676,3693,3
1676,3546,3
1675,1725,2
1675,2967,2
1675,3575,2
1674,1709,4
1674,1816,4
1674,1826,2
1674,2050,4
1674,2962,3
1674,2966,3
1674,3008,4
1674,3417,3
1674,3601,4
1674,3633,4
1674,3766,3
1674,4153,4
1674,2049,4
1673,3943,2
1673,3244,2
1672,2664,2
1671,3503,2
1669,3670,4
1669,2128,4
1668,3954,2
1668,2322,2
1667,3454,4
1667,1967,4
1667,2913,4
1667,1677,4
1664,2329,2
1659,3447,3
1659,3222,3
1659,2612,3
1657,3964,4
1657,3820,4
1657,3588,4
1656,3578,4
1656,1824,4
1655,2269,2
1655,4081,2
1655,2514,2
1653,2277,5
1653,2452,5
1653,2952,5
1653,3748,3
1653,2303,5
1649,3924,2
1647,3980,1
1644,3185,2
1644,3506,3
1644,1766,3
1643,3914,2
1643,3465,3
1643,2141,3
1641,3762,15
1641,3625,15
1641,3603,15
1641,3550,15
1641,3312,15
1641,3087,15
1641,3054,15
1641,2856,15
1641,1997,15
1641,1777,15
1639,3017,1
1637,2766,2
1634,2955,1
1633,3436,1
1633,2585,1
1629,3337,4
1629,1883,4
1629,3293,4
1629,3290,4
1629,3327,4
1626,3448,2
1624,1654,1
1622,2505,3
1622,3617,2
1622,3643,1
1622,4107,3
1622,3250,3
1620,1881,2
1617,2493,2
1617,2164,2
1615,3030,2
1615,3071,2
1614,1689,3
1614,2272,1
1614,3809,3
1614,3882,1
1614,3934,3
1613,4156,2
1611,2752,2
1607,1650,3
1607,3918,2
1607,4003,4
1607,4020,4
1607,3264,4
1607,1824,4
1592,4011,5
1592,3653,5
1592,1994,5
1591,1993,2
1591,2164,3
1591,3113,2
1591,2493,3
1591,3064,3
1591,1863,3
1589,3593,4
1589,3289,4
1589,1937,4
1585,3674,3
1585,3673,3
1584,2226,1
1582,4073,1
1581,4049,2
1577,4065,3
1576,3435,2
1573,3415,1
1570,2964,4
1570,2936,4
1570,1905,4
1567,2445,2
1567,2440,2
1561,1971,3
1561,2216,3
1561,2374,3
1561,2611,3
1561,2668,4
1561,3347,4
1561,2753,4
1561,2250,4
1560,3895,2
1559,1981,16
1559,2233,15
1559,2357,16
1559,2906,15
1559,3027,15
1559,3287,16
1559,3789,16
1559,3925,16
1559,3288,16
1559,3168,16
1559,2776,16
1559,2320,16
1559,2247,16
1556,2599,2
1556,2731,2
1555,1901,3
1555,2230,3
1555,2677,3
1555,2987,2
1555,3430,2
1555,2627,3
1552,2733,2
1551,2264,2
1551,2128,2
1550,3573,9
1550,3488,9
1550,2278,9
1550,2189,9
1550,2182,9
1547,3101,1
1546,1722,13
1546,2125,13
1546,2183,2
1546,2198,2
1546,2248,13
1546,2723,13
1546,3264,13
1546,3728,8
1546,3989,13
1546,4020,13
1546,3387,13
1546,3074,13
1545,3387,3
1543,3431,2
1543,3064,3
1541,3941,12
1541,3111,12
1541,2634,12
1541,2605,12
1539,2720,2
1537,1637,2
1537,1689,3
1537,1825,2
1537,2253,3
1537,2289,3
1537,2766,2
1537,3023,2
1537,3469,3
1537,3607,2
1537,3887,3
1537,4128,3
1536,2047,1
1534,2752,2
1534,1611,2
1531,1780,8
1531,2109,7
1531,2405,3
1531,2513,8
1531,2819,8
1531,3100,7
1531,3151,8
1531,3155,8
1531,3560,8
1531,3962,7
1531,4006,7
1529,1699,2
1527,1808,2
1527,2642,1
1527,3405,2
1527,3675,2
1527,1821,2
1523,3584,2
1520,2668,4
1520,3335,3
1520,3955,4
1520,1561,4
1519,3991,1
1518,2649,3
1518,2770,3
1518,1768,3
1518,1767,3
1515,2473,1
1514,4001,2
1514,1951,2
1513,1748,4
1513,2989,1
1513,3727,4
1513,3986,2
1513,2367,4
1513,3418,6
1513,3347,6
1513,2276,6
1513,1546,6
1512,1541,12
1512,1736,4
1512,2570,2
1512,2605,12
1512,2630,2
1512,2634,12
1512,2806,2
1512,3111,12
1512,3331,2
1512,3941,12
1512,3947,2
1512,2220,4
1511,1837,3
1510,2267,1
1509,1898,4
1509,3219,4
1509,3877,4
1508,1624,1
1507,3708,2
1506,3897,24
1506,3894,24
1506,3659,24
1506,3557,24
1506,2903,24
1506,2821,24
1506,2782,24
1506,2749,24
1506,2291,24
1506,2192,24
1506,2168,24
1506,2091,24
1506,1999,24
1505,3584,2
1504,3158,1
1503,3955,1
1502,3180,2
1502,2627,2
1501,3244,3
1501,1961,3
1498,1641,15
1498,1777,15
1498,1997,15
1498,2198,2
1498,2856,15
1498,3054,15
1498,3087,15
1498,3550,15
1498,3625,15
1498,3762,15
1498,1546,13
1498,3603,15
1498,3312,15
1494,2890,1
1493,1735,1
1493,2827,3
1493,3919,3
1493,2411,3
1493,1921,3
1490,1927,1
1489,3017,2
1485,3288,15
1485,3168,15
1485,3027,15
1485,2906,15
1485,2776,15
1485,2320,15
1485,2247,15
1485,2233,15
1485,1559,15
1483,1897,2
1483,2088,1
1483,3152,2
1483,3690,2
1483,3673,2
1482,3977,1
1482,2039,3
1481,1689,2
1480,3503,1
1479,3570,2
1476,3954,3
1476,2361,3
1476,1955,3
1474,3971,15
1474,3352,15
1474,3231,15
1474,2995,15
1474,2446,15
1474,2305,15
1474,2251,15
1474,1935,15
1474,1873,15
1473,2141,3
1472,1855,1
1472,3611,3
1472,3751,2
1472,3979,3
1472,2266,3
1470,3919,3
1470,3592,3
1469,3944,1
1468,3941,12
1468,3111,12
1468,2634,12
1468,2605,12
1468,1541,12
1468,1512,12
1467,3930,4
1467,3597,4
1467,1966,4
1464,1561,4
1464,1622,3
1464,2232,3
1464,2505,3
1464,2714,2
1464,2737,3
1464,2785,1
1464,2798,4
1464,2824,2
1464,3169,2
1464,3250,4
1464,3447,4
1464,3698,3
1464,2220,4
1462,2824,2
1462,1464,2
1461,2232,3
1461,3170,3
1461,1622,3
1461,3250,3
1461,2220,3
1461,1464,3
1460,3584,1
1459,1483,1
1456,3529,3
1455,2906,3
1455,1816,3
1455,1801,3
1454,2434,2
1454,2334,2
1453,1560,2
1453,3058,3
1453,3332,2
1453,3716,2
1453,3830,3
1453,3895,2
1453,3969,3
1453,4109,3
1447,3936,2
1447,3587,2
1446,2735,3
1446,2941,6
1446,3909,3
1444,3633,2
1444,1677,2
1443,3262,1
1443,1936,1
1439,2262,4
1439,2166,4
1436,3941,12
1436,3111,12
1436,2634,12
1436,2605,12
1436,1541,12
1436,1512,12
1436,1468,12
1435,3941,12
1435,3111,12
1435,2634,12
1435,2605,12
1435,1541,12
1435,1512,12
1435,1468,12
1435,1436,12
1434,2884,2
1432,2548,2
1432,2356,2
1424,3233,1
1424,3411,2
1424,2532,2
1421,1552,2
1421,3140,2
1421,2733,3
1421,3816,3
1421,1921,3
1420,2033,2
1417,1938,2
1417,1920,2
1413,2656,3
1413,2501,3
1413,2475,3
1412,1894,3
1412,3601,3
1409,2834,3
1409,1921,3
1409,2367,3
1409,2204,3
1408,2909,2
1406,2097,1
1404,1977,3
1404,2354,2
1403,2633,1
1401,1630,1
1401,3628,2
1401,4102,3
1401,3844,3
1399,1821,2
1399,1481,2
1397,2561,1
1395,1484,2
1394,3925,16
1394,3789,16
1394,3288,16
1394,3287,16
1394,3168,16
1394,2776,16
1394,2357,16
1394,2320,16
1394,2247,16
1394,1981,16
1394,1559,16
1392,2952,5
1392,2452,5
1392,2303,5
1392,2277,5
1392,1653,5
1390,1813,2
1390,3673,2
1390,3260,2
1389,3584,2
1389,1523,2
1387,2823,2
1387,4148,1
1386,3248,3
1386,3698,3
1386,3043,3
1386,2737,3
1385,2384,1
1385,1829,1
1384,3934,6
1384,3486,6
1384,1888,6
1383,1761,2
1383,3751,2
1383,1472,3
1382,3472,3
1382,1940,3
1381,3809,2
1381,3164,2
1379,2526,1
1378,2743,5
1378,4116,2
1378,2188,5
1378,2067,5
1376,1686,2
1376,1748,4
1376,1798,2
1376,2150,2
1376,2411,3
1376,3184,1
1376,2367,4
1376,2276,4
1376,1513,4
1373,3489,3
1373,2842,3
1373,2800,3
1372,2265,3
1372,2986,3
1372,3293,3
1370,2493,3
1369,2752,1
1368,3903,3
1368,2685,3
1367,3155,8
1367,3151,8
1367,2513,8
1367,1531,8
1366,4120,3
1366,3904,3
1365,1570,4
1365,1905,4
1365,2936,4
1365,2964,4
1365,2968,3
1365,3911,3
1365,2842,4
1362,3358,2
1359,2558,2
1359,3190,4
1358,3407,1
1354,4153,4
1354,3008,4
1354,1674,4
1353,2082,1
1353,2244,1
1353,3774,2
1353,2861,3
1353,2844,3
1351,2825,2
1349,3886,3
1349,3098,3
1349,2083,3
1348,3897,24
1348,3894,24
1348,3659,24
1348,3557,24
1348,2903,24
1348,2821,24
1348,2782,24
1348,2749,24
1348,2291,24
1348,2192,24
1348,2168,24
1348,2091,24
1348,1999,24
1348,1506,24
1347,3879,2
1347,4087,1
1343,1786,2
1343,2692,3
1343,2725,3
1343,3930,3
1341,3017,2
1341,1489,2
1340,3883,3
1337,2415,1
1336,2980,3
1336,2033,3
1334,3683,3
1334,3154,3
1334,2728,3
1333,3818,3
1333,2606,3
1333,1958,3
1332,3161,1
1331,1336,3
1331,1420,2
1331,2033,3
1331,2474,2
1331,2980,3
1331,3780,3
1331,2637,3
1331,2356,3
1331,2130,3
1329,1507,2
1327,2992,4
1327,2734,4
1327,1679,4
1325,1909,2
1323,1409,1
1322,2902,2
1320,3603,12
1320,3106,12
1320,2996,12
1320,2944,12
1320,2846,12
1320,2213,12
1319,3371,3
1319,2977,3
1317,1412,3
1317,1477,1
1317,1894,3
1317,1921,3
1317,3159,2
1317,3247,1
1317,3428,2
1315,3559,4
1315,3742,5
1315,2049,5
1315,1816,5
1314,3416,3
1314,1773,3
1312,1353,2
1309,4016,2
1309,3728,2
1308,2281,1
1307,1913,1
1306,2023,2
1306,3816,2
1305,3141,1
1305,2327,1
1302,3674,4
1302,2188,4
1301,2643,1
1298,3708,3
1298,3024,3
1296,3864,2
1296,2203,2
1296,2069,2
1295,3941,12
1295,3111,12
1295,2634,12
1295,2605,12
1295,1541,12
1295,1512,12
1295,1468,12
1295,1436,12
1295,1435,12
1293,3936,2
1293,2340,2
1292,2787,3
1292,1974,3
1289,3363,2
1288,1302,4
1288,1378,5
1288,1800,4
1288,2067,5
1288,2188,5
1288,2611,3
1288,2619,2
1288,2743,5
1288,2763,4
1288,3674,4
1288,4116,2
1288,3578,5
1286,2583,3
1286,2948,3
1286,1779,3
1285,2212,1
1284,4006,7
1284,3962,7
1284,3100,7
1284,2109,7
1284,1531,7
1281,2454,1
1280,3955,4
1280,2128,4
1280,1669,4
1279,3313,1
1278,1607,1
1277,3578,3
1277,3347,3
1277,3074,3
1275,3611,1
1272,3038,2
1271,3846,1
1269,3578,4
1269,1800,4
1269,1288,4
1268,1643,3
1268,2141,3
1268,2332,2
1268,3772,3
1268,2457,4
1267,2643,1
1266,1592,5
1266,2550,7
1266,2977,7
1266,4143,2
1266,1783,28
1266,2004,28
1266,2759,28
1266,3174,28
1266,3283,28
1266,3297,28
1266,1942,28
1266,3487,28
1266,3653,28
1266,2250,28
1266,2276,28
1266,4011,28
1266,3418,28
1266,3387,28
1266,3347,28
1266,3074,28
1266,2753,28
1266,1994,28
1265,3698,2
1265,3043,2
1264,1709,4
1264,3777,4
1264,1453,4
1264,2204,4
1263,1703,2
1263,2401,2
1263,3138,2
1263,3827,4
1263,2593,4
1262,2841,3
1262,3728,4
1262,2890,4
1262,1714,4
1260,1493,3
1260,2588,3
1260,2827,3
1260,1958,3
1260,1921,3
1257,3056,2
1257,4035,2
1257,2864,2
1256,2842,4
1256,2757,4
1256,2740,4
1256,1757,4
1254,1865,1
1254,2946,1
1251,3898,2
1251,2271,4
1250,2510,3
1250,2571,5
1250,2602,5
1250,1863,4
1250,2977,5
1250,2953,5
1249,3099,1
1248,1877,2
1248,1874,2
1245,3597,2
1245,2204,2
1242,2831,1
1239,3242,2
1239,2262,2
1238,2378,4
1238,3593,4
1238,1680,4
1238,2203,4
1238,2917,4
1237,3762,15
1237,3625,15
1237,3603,15
1237,3550,15
1237,3312,15
1237,3087,15
1237,3054,15
1237,2856,15
1237,1997,15
1237,1777,15
1237,1641,15
1237,1498,15
1236,4020,13
1236,3989,13
1236,3264,13
1236,2723,13
1236,2248,13
1236,2125,13
1236,1722,13
1236,1546,13
1235,4043,7
1235,3934,7
1235,3179,7
1235,2898,7
1235,2161,7
1235,1888,7
1234,2036,2
1233,1667,4
1233,1713,2
1233,2059,1
1233,2098,4
1233,2622,1
1233,2913,4
1233,3024,3
1233,3724,1
1233,3725,4
1233,3601,4
1231,1458,1
1231,1565,1
1231,1674,4
1231,1826,2
1231,2258,2
1231,2752,2
1231,2908,1
1231,3415,4
1231,3568,3
1231,3574,4
1231,3636,2
1231,3979,3
1231,4008,2
1231,2049,4
1230,1288,5
1230,1348,24
1230,1506,24
1230,1999,24
1230,2091,24
1230,2168,24
1230,2192,24
1230,2291,24
1230,2749,24
1230,2763,4
1230,2782,24
1230,2821,24
1230,2903,24
1230,3557,24
1230,3659,24
1230,3894,24
1230,3897,24
1229,2141,2
1228,2932,2
1228,3057,1
1228,1788,2
1228,2751,2
1227,2141,2
1227,1229,2
1224,2385,2
1224,4021,4
1224,3881,4
1224,2917,4
1221,3363,2
1221,1289,2
1219,1858,1
1219,4122,2
1219,2643,2
1218,3086,2
1217,2838,1
1217,3064,2
1217,2510,2
1215,3526,3
1215,2128,3
1214,2457,1
1213,2304,1
1213,3869,2
1213,2199,3
1213,2834,3
1213,2128,3
1212,1936,2
1212,2891,1
1212,3992,1
1208,2952,5
1208,2452,5
1208,2277,5
1208,1653,5
1208,1392,5
1207,3673,3
1207,3415,3
1207,3260,3
1206,3091,2
1205,1409,2
1204,1395,2
1204,1484,2
1203,2092,2
1203,4097,1
1203,1901,3
1203,1555,3
1199,2114,3
1199,2792,2
1199,3972,3
1199,3844,3
1197,3154,1
1196,3832,3
1196,2882,3
1194,3573,9
1194,3488,9
1194,2278,9
1194,2189,9
1194,2182,9
1194,1550,9
1193,2478,1
1192,3925,12
1192,3789,12
1192,3287,12
1192,3168,12
1192,2776,12
1192,2357,12
1192,2320,12
1192,2247,12
1187,3762,15
1187,3625,15
1187,3603,15
1187,3550,15
1187,3312,15
1187,3087,15
1187,3054,15
1187,2856,15
1187,1997,15
1187,1777,15
1187,1641,15
1187,1498,15
1187,1237,15
1186,4140,4
1186,3250,4
1184,2637,2
1182,2525,3
1182,1956,3
1176,1315,5
1176,1325,2
1176,1909,3
1176,2050,4
1176,2126,4
1176,2426,3
1176,3632,1
1176,3742,5
1176,1816,5
1176,2035,4
1176,3955,4
1176,2049,5
1175,1837,3
1175,1511,3
1174,2679,2
1174,1784,2
1173,1272,2
1173,3038,2
1172,2977,3
1172,2953,3
1170,3214,3
1170,2844,3
1169,1192,12
1169,1394,16
1169,1485,15
1169,1559,16
1169,1981,16
1169,2233,15
1169,2357,16
1169,2906,15
1169,3027,15
1169,3287,16
1169,3288,16
1169,3789,16
1169,3925,16
1169,3168,16
1169,2776,16
1169,2320,16
1169,2247,16
1168,1172,3
1168,1319,3
1168,2933,1
1168,3371,3
1168,2977,3
1168,2635,3
1168,2204,3
1167,2325,1
1167,4146,2
1167,3930,3
1166,2638,1
1165,1533,3
1165,3310,4
1165,4024,4
1165,4034,4
1165,3629,4
1164,3808,4
1164,3529,4
1164,2367,4
1163,2752,1
1161,3379,2
1160,3971,15
1160,3352,15
1160,3231,15
1160,2995,15
1160,2446,15
1160,2305,15
1160,2251,15
1160,1935,15
1160,1873,15
1160,1474,15
1159,3584,2
1159,1505,2
1156,2241,3
1154,1936,2
1154,1212,2
1153,1581,2
1153,1601,1
1153,2449,1
1153,3662,1
1153,3672,1
1153,4049,2
1151,2436,2
1151,2327,2
1148,1672,2
1148,2664,2
1148,1890,2
1147,3679,5
1147,2659,5
1147,2394,5
1147,2243,5
1146,1147,5
1146,2243,5
1146,2394,5
1146,2659,5
1146,3161,2
1146,3341,2
1146,3679,5
1146,2637,3
1143,4135,1
1142,4132,1
1141,2714,2
1141,1464,2
1140,2507,2
1140,3227,2
1138,1546,2
1138,1513,2
1134,1233,4
1134,1950,4
1134,2098,4
1134,2230,3
1134,2339,2
1134,2733,3
1134,2760,4
1134,3463,2
1134,3514,3
1134,3601,4
1134,3638,3
1134,3725,4
1134,3908,1
1134,4120,3
1133,2049,4
1133,1950,4
1133,1816,4
1132,1543,3
1132,2565,4
1132,2566,2
1132,3064,3
1132,3443,2
1132,3683,4
1132,1863,4
1132,3154,4
1132,1994,4
1132,1266,4
1130,3628,2
1130,1401,2
1129,1691,1
1129,3002,2
1129,3058,2
1128,2075,4
1128,3310,4
1128,3840,4
1128,3991,1
1128,4017,2
1128,4024,4
1128,1472,3
1128,2453,4
1128,3578,4
1125,2763,4
1125,2188,4
1125,1288,4
1123,2612,3
1123,2089,3
1120,3154,3
1120,2985,3
1120,1867,3
1117,3603,12
1117,3106,12
1117,2996,12
1117,2944,12
1117,2846,12
1117,2213,12
1117,1320,12
1115,3886,2
1114,1790,1
1114,3542,1
1113,3897,24
1113,3894,24
1113,3659,24
1113,3557,24
1113,2903,24
1113,2821,24
1113,2782,24
1113,2749,24
1113,2291,24
1113,2192,24
1113,2168,24
1113,2091,24
1113,1999,24
1113,1506,24
1113,1348,24
1113,1230,24
1112,2897,1
1111,3355,2
1107,1251,4
1107,2271,4
1107,3489,3
1107,3933,3
1103,4011,28
1103,3653,28
1103,3487,28
1103,3418,28
1103,3387,28
1103,3347,28
1103,3297,28
1103,3283,28
1103,3174,28
1103,3074,28
1103,2759,28
1103,2753,28
1103,2276,28
1103,2250,28
1103,2004,28
1103,1994,28
1103,1942,28
1103,1783,28
1103,1266,28
1101,2493,2
1100,3919,2
1099,1610,1
1099,2419,4
1099,2638,3
1099,2711,8
1099,2961,8
1099,3290,4
1099,3510,8
1099,3782,8
1099,3875,8
1099,3922,8
1097,1965,2
1097,1932,2
1096,1863,2
1096,1591,2
1095,3765,3
1095,3522,3
1095,1762,3
1094,3817,2
1094,2971,2
1092,1904,2
1092,2855,3
1092,3119,3
1092,3642,3
1092,4036,2
1089,3043,2
1088,3419,1
1087,3750,1
1084,1213,3
1084,2199,3
1084,2713,3
1084,3757,3
1084,2515,3
1084,2834,3
1082,3941,12
1082,3111,12
1082,2634,12
1082,2605,12
1082,1541,12
1082,1512,12
1082,1468,12
1082,1436,12
1082,1435,12
1082,1295,12
1080,1974,2
1078,1657,4
1078,1733,8
1078,2016,8
1078,2204,4
1078,2453,6
1078,2702,1
1078,2909,8
1078,3588,4
1078,3634,8
1078,3731,2
1078,3820,4
1078,3964,5
1078,3728,8
1078,1546,8
1075,3746,1
1075,4064,2
1075,1791,2
1074,2690,2
1074,2149,2
1073,2263,1
1072,1706,3
1072,2309,3
1072,2460,2
1072,2729,3
1072,3633,3
1071,3934,2
1071,3919,2
1070,1900,1
1067,3786,3
1067,3601,3
1067,2948,3
1065,3934,6
1065,3486,6
1065,1888,6
1065,1384,6
1064,1078,8
1064,1531,8
1064,1733,8
1064,1972,2
1064,2016,8
1064,2405,3
1064,2479,2
1064,2909,8
1064,3155,8
1064,3634,8
1064,3638,3
1064,3728,8
1064,1103,28
1064,1783,28
1064,2004,28
1064,2759,28
1064,3174,28
1064,3283,28
1064,3297,28
1064,1942,28
1064,3487,28
1064,3653,28
1064,2250,28
1064,2276,28
1064,1266,28
1064,1994,28
1064,3418,28
1064,4011,28
1064,2753,28
1064,3074,28
1064,3347,28
1064,3387,28
1063,1160,15
1063,1474,15
1063,1873,15
1063,1935,15
1063,2251,15
1063,2305,15
1063,2446,15
1063,2901,3
1063,2971,2
1063,2995,15
1063,3231,15
1063,3352,15
1063,3971,15
1062,1340,3
1062,1749,3
1062,3847,3
1062,3883,3
1061,2432,3
1061,2259,3
1059,3762,15
1059,3625,15
1059,3603,15
1059,3550,15
1059,3312,15
1059,3087,15
1059,3054,15
1059,2856,15
1059,1997,15
1059,1777,15
1059,1641,15
1059,1498,15
1059,1237,15
1059,1187,15
1058,3190,4
1058,1359,4
1057,1353,2
1057,1312,2
1055,2752,2
1054,2612,2
1054,2089,2
1050,3979,3
1050,3886,3
1050,1472,3
1049,3976,2
1049,3699,2
1048,1169,16
1048,1192,12
1048,1394,16
1048,1485,15
1048,1559,16
1048,1981,16
1048,2233,15
1048,2247,16
1048,2357,16
1048,2776,16
1048,2906,15
1048,2965,4
1048,3027,15
1048,3168,16
1048,3249,2
1048,3287,16
1048,3288,16
1048,3789,16
1048,3889,3
1048,3925,16
1048,2320,16
1047,2456,1
1047,1353,1
1046,2014,1
1046,3379,1
1046,3455,1
1045,3933,3
1045,1251,4
1045,2271,4
1045,1107,4
1042,3290,4
1042,2711,4
1042,2419,4
1042,1099,4
1041,3897,24
1041,3894,24
1041,3659,24
1041,3557,24
1041,2903,24
1041,2821,24
1041,2782,24
1041,2749,24
1041,2291,24
1041,2192,24
1041,2168,24
1041,2091,24
1041,1999,24
1041,1506,24
1041,1348,24
1041,1230,24
1041,1113,24
1040,2179,1
1039,3022,1
1039,3289,4
1039,2756,4
1039,1937,4
1038,1258,2
1038,3373,3
1038,4001,3
1038,2186,3
1037,3768,2
1035,1133,4
1035,3742,5
1035,2049,5
1035,1816,5
1035,1315,5
1035,1176,5
1034,1367,8
1034,1780,8
1034,2819,8
1034,3151,8
1034,3560,8
1034,3155,8
1034,2513,8
1034,1531,8
1032,2811,1
1030,2290,16
1030,2744,16
1030,3707,16
1030,3916,16
1030,3917,13
1030,3935,16
1030,2897,16
1030,2741,16
1030,2399,16
1030,2369,16
1030,2196,16
1029,3526,1
1027,1650,3
1027,2924,2
1027,1607,3
1025,2685,2
1025,1368,2
1023,1058,4
1023,1359,4
1023,2840,2
1023,3190,4
1023,3931,2
1021,2105,1
1019,3339,1
1017,1615,1
1016,4021,4
1015,2487,1
1015,2792,2
1015,1199,2
1014,1030,16
1014,1140,4
1014,2196,16
1014,2290,16
1014,2369,16
1014,2399,16
1014,2707,2
1014,2741,16
1014,2744,16
1014,2897,16
1014,3707,16
1014,3916,16
1014,3917,13
1014,3935,16
1011,1152,1
1011,1186,4
1011,1268,4
1011,1736,4
1011,2003,3
1011,2416,3
1011,3078,3
1011,3214,4
1011,3250,4
1011,3386,3
1011,3548,4
1011,3772,3
1010,3029,2
1010,2177,2
1008,3904,2
1008,3881,2
1007,2286,3
1007,2537,4
1007,2539,4
1007,2542,4
1007,2578,3
1007,3386,3
1007,3638,3
1006,3503,2
1006,1671,2
1003,2521,2
1003,3808,2
1002,1103,28
1002,1783,28
1002,2004,28
1002,2759,28
1002,3174,28
1002,3283,28
1002,3297,28
1002,4011,28
1002,3653,28
1002,3487,28
1002,3418,28
1002,3387,28
1002,3347,28
1002,3074,28
1002,2753,28
1002,2276,28
1002,2250,28
1002,1994,28
1002,1942,28
1002,1266,28
1002,1064,28
1000,1011,1
999,2265,3
999,2986,3
999,3293,3
999,1372,3
998,2627,2
998,2263,2
997,3926,3
997,3780,3
997,2637,3
996,2896,3
996,2320,3
996,2169,3
995,1238,4
995,1680,4
995,2203,4
995,2378,4
995,2437,3
995,2883,2
995,2900,1
995,2917,4
995,3130,2
995,3246,2
995,3593,4
993,3559,4
993,2912,4
991,3069,1
989,3934,6
989,3486,6
989,1888,6
989,1384,6
989,1065,6
988,2525,3
988,1956,3
988,1182,3
987,1900,2
987,1711,2
983,3705,5
983,3541,5
983,2069,5
983,1940,5
982,2454,2
981,1969,1
981,1901,1
979,2249,2
979,3000,1
979,3128,4
979,3548,4
979,4010,1
979,2760,4
977,3387,3
977,1545,3
976,3887,1
975,3193,3
975,3530,3
975,1317,3
975,1231,3
974,989,6
974,1065,6
974,1235,7
974,1384,6
974,2161,7
974,2898,7
974,3179,7
974,3486,6
974,4043,7
974,3934,7
974,1888,7
971,1692,4
971,2388,3
971,2673,4
971,3255,4
971,3929,3
971,4015,4
971,4073,4
971,2522,4
971,2281,4
971,1677,4
969,2643,3
969,2141,3
969,1473,3
968,3222,3
968,2612,3
968,2089,3
967,2408,3
967,2181,3
967,1752,3
965,4099,2
957,3898,1
956,3295,2
956,4157,4
956,2626,4
955,2095,1
954,1314,3
954,1773,3
954,2152,2
954,2772,4
954,3416,3
954,3955,4
953,1769,2
952,1482,3
952,1829,1
952,3777,3
952,1709,3
952,1233,3
951,2411,2
951,1376,2
949,4154,1
945,2678,1
944,1167,1
942,3903,4
942,1677,4
939,1491,1
939,2007,1
939,2011,3
939,2199,3
939,2302,2
939,3097,3
939,3516,3
939,3587,2
937,3112,2
933,3606,2
933,2910,2
932,3574,4
932,3008,4
932,2926,4
932,2101,4
931,977,3
931,1545,3
931,3840,3
931,3387,3
928,2459,2
925,1236,13
925,1722,13
925,2125,13
925,2248,13
925,2453,6
925,3989,13
925,2909,8
925,4020,13
925,3264,13
925,2723,13
925,1546,13
922,1016,4
922,3619,1
922,4021,4
922,1224,4
921,2284,1
920,3808,1
919,1069,1
919,3322,2
919,3958,2
919,3808,2
918,1078,1
914,1456,3
914,3717,1
914,3629,4
914,3529,4
914,1231,4
911,3846,3
911,3467,3
909,2772,4
909,3887,3
909,2112,3
909,2235,4
907,1175,3
907,1511,3
907,1837,3
907,3766,3
906,2779,3
906,3701,2
906,3805,3
906,4146,2
906,3132,3
906,1167,3
905,2106,2
905,1863,3
905,1260,3
905,1250,3
904,2423,2
903,965,2
903,4099,2
903,1754,1
902,1714,3
900,3815,1
898,1402,1
897,2086,1
897,2205,1
896,3933,2
896,2555,2
894,2111,1
894,2823,2
894,1387,2
892,3437,2
892,2139,2
891,942,4
891,1667,4
891,1967,4
891,2186,4
891,3454,4
891,3623,3
891,1677,4
890,3767,3
890,2965,3
889,3578,2
889,2472,2
886,3303,1
885,3762,15
885,3625,15
885,3603,15
885,3550,15
885,3312,15
885,3087,15
885,3054,15
885,2856,15
885,1997,15
885,1777,15
885,1641,15
885,1498,15
885,1237,15
885,1187,15
885,1059,15
884,1625,1
883,1591,1
882,3778,4
882,3769,4
882,2303,4
879,2885,1
878,2758,2
878,2522,3
878,2281,3
878,971,3
877,1446,3
877,1972,2
877,2543,2
877,2735,3
877,2955,2
877,3909,3
877,3264,3
876,2258,1
875,3476,2
874,2411,1
873,2648,1
870,3991,1
869,1110,2
868,3877,4
868,3219,4
868,1509,4
866,1111,2
866,1264,4
866,1453,4
866,1613,2
866,2293,3
866,2932,2
866,3254,2
866,3332,2
866,3355,3
866,3568,3
866,3699,2
866,3716,2
866,3830,3
866,3947,2
866,1231,4
865,902,3
865,1262,4
865,2763,4
865,3075,4
865,3816,3
865,1714,4
865,3844,4
865,2476,4
862,863,2
860,1064,1
859,4140,4
859,3250,4
859,1186,4
859,1011,4
856,1922,1
853,1614,2
852,1930,1
851,1533,3
851,1165,3
850,1204,2
850,1484,2
850,3319,1
850,3846,2
848,3213,2
848,3412,2
847,3925,16
847,3789,16
847,3288,16
847,3287,16
847,3168,16
847,2776,16
847,2357,16
847,2320,16
847,2247,16
847,1981,16
847,1559,16
847,1394,16
847,1169,16
847,1048,16
846,942,3
846,972,2
846,1401,3
846,1939,3
846,4102,3
846,3844,3
845,3920,1
844,3530,2
844,995,2
843,3472,3
843,1940,3
843,1382,3
841,2835,2
841,2105,1
840,3571,2
839,841,2
839,890,3
839,2835,2
839,2965,4
839,3767,3
838,2720,2
838,919,2
837,3142,3
837,2890,3
837,2645,3
836,2941,6
836,1446,6
835,3571,2
832,3897,24
832,3894,24
832,3659,24
832,3557,24
832,2903,24
832,2821,24
832,2782,24
832,2749,24
832,2291,24
832,2192,24
832,2168,24
832,2091,24
832,1999,24
832,1506,24
832,1348,24
832,1230,24
832,1113,24
832,1041,24
831,3877,3
831,1509,3
830,3464,2
830,1607,2
829,3256,3
829,2157,3
829,2077,3
827,829,3
827,1203,3
827,1224,4
827,1555,3
827,1901,3
827,2157,3
827,2258,2
827,2385,2
827,2774,2
827,3256,3
827,4048,2
827,1231,4
824,1284,7
824,2395,6
824,3100,7
824,3165,6
824,3482,6
824,3962,7
824,4014,6
824,4006,7
824,2109,7
824,1531,7
823,2290,16
823,2744,16
823,3707,16
823,3916,16
823,3917,13
823,3935,16
823,2897,16
823,2741,16
823,2399,16
823,2369,16
823,2196,16
823,1030,16
823,1014,16
822,1504,1
820,3304,1
816,866,4
816,993,4
816,1453,4
816,1607,4
816,1629,4
816,2293,3
816,2476,4
816,2919,1
816,3058,3
816,3264,4
816,3290,4
816,3293,4
816,3881,4
816,3903,4
816,3928,1
816,3969,3
816,4003,4
816,4020,4
815,3125,3
814,2650,1
812,1129,2
812,2510,2
812,2095,2
811,2861,1
809,2510,2
809,1250,2
807,830,2
807,1292,3
807,1643,3
807,1697,3
807,1850,1
807,1974,3
807,2122,3
807,2479,2
807,2480,4
807,2524,2
807,2609,2
807,2787,3
807,3039,1
807,3072,3
807,3358,3
807,3464,2
807,3734,2
807,3812,2
807,3919,4
807,4048,2
807,2753,4
807,2128,4
805,1940,1
804,1412,1
803,1840,1
803,1761,1
802,840,1
801,3960,2
801,4077,2
801,4084,2
801,1951,2
799,936,1
799,1656,4
799,1733,8
799,2016,8
799,2048,5
799,3327,6
799,3634,8
799,3841,4
799,3728,8
799,2909,8
799,2723,8
799,1078,8
799,1064,8
796,797,2
796,832,24
796,1041,24
796,1113,24
796,1348,24
796,1506,24
796,1999,24
796,2091,24
796,2192,24
796,2291,24
796,2749,24
796,2782,24
796,2821,24
796,2903,24
796,3557,24
796,3659,24
796,3894,24
796,3897,24
796,2168,24
796,1230,24
795,1525,2
794,2932,2
794,866,2
792,1298,3
792,1329,2
792,1507,2
792,3024,3
792,3708,3
792,1677,3
791,2009,2
790,2362,2
790,2539,4
790,2541,3
790,2542,4
790,3667,3
790,2537,4
790,1007,4
789,3937,5
789,3498,5
789,3180,5
789,3135,5
789,2373,5
788,3741,2
788,3132,2
786,3112,2
786,937,2
785,1367,8
785,1780,8
785,2819,8
785,3151,8
785,3560,8
785,3155,8
785,2513,8
785,1531,8
785,1034,8
782,3860,3
782,2825,3
782,2266,3
782,1472,3
781,4109,1
780,3940,2
780,2993,2
779,1472,3
779,1383,3
775,925,13
775,1236,13
775,1722,13
775,2125,13
775,2248,13
775,3989,13
775,4020,13
775,3728,8
775,1078,8
775,3264,13
775,2723,13
775,1546,13
774,3706,1
774,2368,1
772,3919,2
772,1100,2
771,1724,1
770,4107,3
770,2151,3
769,3155,8
769,3151,8
769,2513,8
769,1531,8
769,1367,8
769,1034,8
769,785,8
768,1977,3
768,1404,3
767,3573,9
767,3488,9
767,2278,9
767,2189,9
767,2182,9
767,1550,9
767,1194,9
766,3145,2
766,2126,2
765,1453,1
764,4041,1
764,3516,3
764,2220,3
763,1080,2
763,1200,1
763,2000,2
763,2376,2
763,1974,2
762,3720,2
762,2860,2
760,2841,1
755,2993,1
754,873,2
753,4011,7
753,3418,7
753,2977,7
753,2550,7
753,2276,7
753,1994,7
753,1266,7
750,869,2
750,1110,2
750,3396,1
750,3682,1
750,3816,3
750,3972,3
750,3546,3
750,1231,3
749,1898,4
749,3877,4
749,2284,4
749,1509,4
748,3017,2
748,2098,2
748,1614,2
745,3964,2
744,3217,1
744,3903,1
743,2638,2
742,743,2
742,954,4
742,1310,1
742,1556,2
742,1926,2
742,2126,4
742,2625,3
742,2699,1
742,3583,4
742,2036,4
742,2284,4
742,3955,4
742,2035,4
741,2840,2
741,3931,2
741,3465,3
741,1643,3
741,1023,3
740,1798,2
740,2588,3
740,1376,3
740,1260,3
739,4011,28
739,3653,28
739,3487,28
739,3418,28
739,3387,28
739,3347,28
739,3297,28
739,3283,28
739,3174,28
739,3074,28
739,2759,28
739,2753,28
739,2276,28
739,2250,28
739,2004,28
739,1994,28
739,1942,28
739,1783,28
739,1266,28
739,1103,28
739,1064,28
739,1002,28
736,4109,3
736,2669,3
735,2824,2
734,1434,2
734,2193,3
734,2884,3
734,3131,3
734,2711,3
731,3154,2
731,816,2
728,793,1
727,2046,1
727,2958,3
727,3407,3
727,865,3
726,815,3
726,2979,3
726,3125,3
725,3877,1
724,4105,4
724,3964,4
724,3387,4
724,3061,4
723,1232,1
723,1884,2
723,1971,3
723,2239,2
723,2861,3
723,2210,3
721,3003,2
721,2861,2
720,2522,3
720,2281,3
720,971,3
718,2071,2
718,2231,1
718,3512,2
718,1473,2
717,1186,4
717,3250,4
717,1736,4
717,1512,4
717,1011,4
716,1263,4
716,1520,4
716,2183,2
716,2307,1
716,2593,4
716,2668,4
716,3335,3
716,1561,4
716,2036,4
716,3827,4
716,3955,4
714,1002,1
713,3885,1
712,3774,2
712,1353,2
711,1140,4
711,1014,4
710,2873,3
710,3990,3
710,3338,3
710,1669,3
709,1695,1
708,1978,1
708,4122,2
707,711,4
707,823,16
707,1014,16
707,1030,16
707,1140,4
707,2196,16
707,2290,16
707,2369,16
707,2399,16
707,2707,2
707,2741,16
707,2744,16
707,2897,16
707,3227,2
707,3707,16
707,3832,4
707,3916,16
707,3917,13
707,3935,16
706,3288,15
706,3168,15
706,3027,15
706,2906,15
706,2776,15
706,2320,15
706,2247,15
706,2233,15
706,1559,15
706,1485,15
706,1169,15
706,1048,15
703,2469,1
703,4149,1
703,1167,3
703,1011,3
703,1007,3
702,858,1
701,4153,4
701,3008,4
701,1674,4
701,1354,4
700,3914,1
694,2036,1
693,2104,2
693,2796,1
693,3893,2
692,3250,4
692,1186,4
692,1011,4
692,859,4
690,863,2
690,862,2
689,2880,1
688,3455,1
687,924,2
686,3264,2
686,2875,2
685,1768,3
685,1766,3
684,3091,1
683,1768,3
683,1766,3
683,685,3
681,851,3
681,1165,3
681,1533,3
681,2005,1
681,2415,3
681,2506,1
681,2510,3
681,3458,3
681,3467,3
681,3058,3
680,2637,1
678,2136,3
678,3885,3
678,1950,3
678,1134,3
676,2731,1
675,1632,2
674,763,2
674,2415,2
673,739,28
673,1423,1
673,1482,3
673,2039,5
673,2550,7
673,2950,2
673,1103,28
673,1783,28
673,2004,28
673,2759,28
673,3174,28
673,3283,28
673,3297,28
673,1002,28
673,1942,28
673,3487,28
673,3653,28
673,2250,28
673,4011,28
673,3418,28
673,3387,28
673,3347,28
673,3074,28
673,2753,28
673,2276,28
673,1994,28
673,1266,28
673,1064,28
672,1556,1
671,2039,5
671,2133,3
671,2683,3
671,3418,5
671,2550,5
671,2276,5
670,848,2
670,2652,3
670,4075,3
670,3412,2
670,1762,3
669,1479,2
669,2769,1
669,3570,2
665,3656,2
665,2493,3
665,2164,3
665,673,3
664,3914,2
664,2523,2
660,2335,2
660,4151,3
660,4140,3
660,2798,3
660,2128,3
658,3062,1
656,1585,3
656,3503,2
656,3616,3
656,3804,2
656,4049,2
656,3415,4
656,4073,4
656,2518,4
656,3673,4
655,2912,1
654,1064,1
646,2367,2
645,1402,1
645,4037,3
645,3809,3
645,2556,3
645,1167,3
644,2045,1
642,1645,1
642,4128,1
641,928,2
641,2459,2
641,3105,1
640,2993,2
640,2297,2
637,877,1
636,2623,2
636,2368,2
635,2054,2
635,3159,2
635,1317,3
635,975,3
634,1874,2
632,3244,3
632,1961,3
632,1501,3
631,3748,2
631,1653,2
629,2556,2
629,645,2
628,4109,1
627,3263,2
627,2414,2
626,3603,12
626,3106,12
626,2996,12
626,2944,12
626,2846,12
626,2213,12
626,1320,12
626,1117,12
625,1523,2
625,775,2
624,625,1
623,2237,2
623,3192,2
623,3930,3
623,1674,3
623,1231,3
621,943,1
621,3914,2
621,4151,3
621,1643,3
621,660,3
618,1483,2
618,1882,4
618,1914,3
618,3690,2
618,2457,4
618,1268,4
618,2909,4
617,1930,1
612,1931,2
612,2481,2
612,3204,1
612,3681,1
612,2367,2
612,1748,2
611,3695,3
611,3095,3
608,1869,1
607,639,1
607,2511,1
607,850,1
604,671,3
604,695,1
604,1532,1
604,2133,3
604,2382,2
604,2683,3
604,3748,3
604,3968,2
604,4136,1
603,2210,2
603,723,2
602,3026,2
602,2522,2
599,791,1
598,3897,24
598,3894,24
598,3659,24
598,3557,24
598,2903,24
598,2821,24
598,2782,24
598,2749,24
598,2291,24
598,2192,24
598,2168,24
598,2091,24
598,1999,24
598,1506,24
598,1348,24
598,1230,24
598,1113,24
598,1041,24
598,832,24
598,796,24
596,3971,15
596,3352,15
596,3231,15
596,2995,15
596,2446,15
596,2305,15
596,2251,15
596,1935,15
596,1873,15
596,1474,15
596,1160,15
596,1063,15
594,836,6
594,1439,4
594,2166,4
594,2262,4
594,2941,6
594,1446,6
592,1046,1
590,3971,15
590,3352,15
590,3231,15
590,2995,15
590,2446,15
590,2305,15
590,2251,15
590,1935,15
590,1873,15
590,1474,15
590,1160,15
590,1063,15
590,596,15
589,791,2
589,2009,2
589,2208,2
589,3221,1
589,3677,2
588,2530,1
588,2799,1
587,3860,3
587,2266,3
587,782,3
586,1161,2
586,1963,1
586,3379,2
586,1939,2
583,904,2
583,3476,2
583,2423,2
582,979,1
581,4006,7
581,3962,7
581,3100,7
581,2109,7
581,1531,7
581,1284,7
581,824,7
580,3091,2
580,1206,2
579,768,3
579,1062,3
579,1340,3
579,1404,3
579,1977,3
579,2286,3
579,2354,2
579,3847,3
579,3883,3
579,1007,3
578,2235,1
573,839,4
573,1170,3
573,2336,3
573,2956,2
573,2958,3
573,3344,1
573,3836,2
573,3844,4
573,2844,4
568,3698,2
568,3043,2
567,3883,2
567,1062,2
565,1234,2
565,1294,1
565,1263,4
565,3827,4
565,2593,4
565,2036,4
565,716,4
559,764,3
559,2339,2
559,3405,2
559,3516,3
559,1527,2
559,1134,3
557,1156,3
557,2241,3
557,2680,3
557,2888,1
557,3154,3
556,2290,16
556,2744,16
556,3707,16
556,3916,16
556,3917,13
556,3935,16
556,2897,16
556,2741,16
556,2399,16
556,2369,16
556,2196,16
556,1030,16
556,1014,16
556,823,16
556,707,16
554,2406,1
551,2241,2
551,557,2
549,1807,2
549,3157,2
549,1933,2
547,1039,4
547,1576,2
547,1589,4
547,1937,4
547,2197,2
547,2203,4
547,2756,4
547,3094,2
547,3289,4
547,3313,2
547,3435,2
547,3593,4
547,3790,3
546,853,2
546,1370,3
546,2635,3
546,1614,3
542,3355,2
542,2337,2
541,2941,6
541,1446,6
541,836,6
541,594,6
540,938,1
540,1976,1
540,4156,2
540,1613,2
538,3887,3
538,3526,3
538,1537,3
532,3573,9
532,3488,9
532,2278,9
532,2189,9
532,2182,9
532,1550,9
532,1194,9
532,767,9
531,2123,7
531,2573,7
531,3556,7
531,3729,7
531,4030,7
531,3693,7
531,816,4
526,2419,3
526,1099,3
526,1042,3
524,1786,2
524,1343,2
523,835,2
523,1682,3
523,2235,4
523,3395,4
523,3564,3
523,3571,4
523,1231,4
521,3448,1
520,3192,2
520,708,2
519,2825,3
518,3897,24
518,3894,24
518,3659,24
518,3557,24
518,2903,24
518,2821,24
518,2782,24
518,2749,24
518,2291,24
518,2192,24
518,2168,24
518,2091,24
518,1999,24
518,1506,24
518,1348,24
518,1230,24
518,1113,24
518,1041,24
518,832,24
518,796,24
518,598,24
517,1994,1
516,667,1
516,1322,2
516,1644,3
516,2102,2
516,2503,3
516,2657,2
516,3506,3
516,4128,3
515,3420,1
515,1165,2
514,769,8
514,1367,8
514,1780,8
514,2819,8
514,3151,8
514,3560,8
514,3155,8
514,2513,8
514,1531,8
514,1034,8
514,785,8
512,2442,2
512,1891,2
511,4034,1
506,3333,1
504,815,3
504,3125,3
504,726,3
504,531,3
501,3058,1
500,1408,2
500,3504,2
500,2909,2
500,2066,2
499,1737,1
499,2141,3
499,1473,3
499,969,3
498,3004,2
498,2362,2
497,1061,3
497,1127,2
497,1327,4
497,1679,4
497,2259,3
497,2432,3
497,2734,4
497,2992,4
497,3037,3
497,3485,3
496,1654,2
496,1881,2
495,649,1
495,1196,3
495,2001,4
495,2319,4
495,2673,4
495,2882,3
495,3881,4
495,3832,4
495,816,4
494,1048,2
492,641,1
491,1269,4
491,1676,3
491,3578,4
491,1800,4
491,1288,4
490,4108,3
490,3387,3
490,2863,3
489,1611,2
488,1883,1
487,2637,2
487,2356,2
486,3971,15
486,3352,15
486,3231,15
486,2995,15
486,2446,15
486,2305,15
486,2251,15
486,1935,15
486,1873,15
486,1474,15
486,1160,15
486,1063,15
486,596,15
486,590,15
482,3546,1
481,995,1
479,964,1
479,3605,1
479,3881,4
479,3571,4
479,2476,4
477,1215,3
477,2332,2
477,2413,2
477,939,3
477,3827,3
477,2254,3
477,2128,3
476,3886,2
476,1115,2
475,1140,4
475,1014,4
475,707,4
474,1409,2
474,1387,2
472,1513,6
472,1944,5
472,2095,5
472,2194,1
472,2554,5
472,2918,3
472,3727,4
472,3578,6
472,3347,6
472,2753,6
472,2250,6
471,909,4
471,1352,2
471,2772,4
471,839,4
471,2112,3
471,2235,4
470,739,28
470,4011,28
470,3653,28
470,3487,28
470,3418,28
470,3387,28
470,3347,28
470,3297,28
470,3283,28
470,3174,28
470,3074,28
470,2759,28
470,2753,28
470,2276,28
470,2250,28
470,2004,28
470,1994,28
470,1942,28
470,1783,28
470,1266,28
470,1103,28
470,1064,28
470,1002,28
470,673,28
468,1892,3
468,2204,3
468,775,3
468,604,3
467,1555,1
466,3548,2
466,2760,2
464,2454,2
464,982,2
463,2040,2
463,1674,2
461,2367,2
461,646,2
460,1547,1
459,3368,2
459,2199,2
459,939,2
458,1467,4
458,1543,3
458,1966,4
458,2455,3
458,3597,4
458,3930,4
458,4096,1
458,3064,3
458,1132,4
457,4077,2
457,801,2
452,3529,3
452,1456,3
452,914,3
449,3955,2
449,2165,2
447,1388,1
447,2440,3
447,2851,1
447,3241,2
447,2643,3
447,2266,3
443,3190,4
443,1359,4
443,1058,4
443,1023,4
441,1093,1
441,1966,2
441,1505,2
435,1124,1
435,1453,1
433,3377,2
432,471,4
432,573,4
432,770,3
432,839,4
432,909,4
432,953,2
432,954,4
432,1062,3
432,1352,2
432,1664,2
432,1769,2
432,2025,2
432,2047,2
432,2112,3
432,2151,3
432,2152,2
432,2220,4
432,2329,2
432,2476,4
432,2965,4
432,3338,3
432,3419,2
432,3530,3
432,3777,4
432,3788,4
432,4107,3
432,4132,1
430,3598,1
430,3728,2
430,2020,2
428,515,2
428,618,4
428,775,13
428,799,8
428,925,13
428,1078,8
428,1236,13
428,1268,4
428,1546,13
428,1722,13
428,1882,5
428,1914,3
428,2125,13
428,2248,13
428,2453,6
428,2457,4
428,2627,4
428,2720,3
428,2723,13
428,2909,8
428,3264,13
428,3327,6
428,3469,3
428,3490,3
428,3728,8
428,3989,13
428,4020,13
426,3897,24
426,3894,24
426,3659,24
426,3557,24
426,2903,24
426,2821,24
426,2782,24
426,2749,24
426,2291,24
426,2192,24
426,2168,24
426,2091,24
426,1999,24
426,1506,24
426,1348,24
426,1230,24
426,1113,24
426,1041,24
426,832,24
426,796,24
426,598,24
426,518,24
425,3715,1
424,3897,24
424,3894,24
424,3659,24
424,3557,24
424,2903,24
424,2821,24
424,2782,24
424,2749,24
424,2291,24
424,2192,24
424,2168,24
424,2091,24
424,1999,24
424,1506,24
424,1348,24
424,1230,24
424,1113,24
424,1041,24
424,832,24
424,796,24
424,598,24
424,518,24
424,426,24
422,1682,2
422,523,2
420,749,4
420,831,3
420,868,4
420,1898,4
420,3219,4
420,1509,4
420,3877,4
419,4064,2
419,1075,2
417,2585,2
417,1421,3
417,2913,3
417,2049,3
417,1677,3
416,3965,4
416,3117,4
416,2582,4
415,990,1
415,1453,1
412,3418,5
412,2550,5
412,2276,5
412,2039,5
412,671,5
411,3846,3
411,3467,3
411,911,3
406,2339,1
405,706,15
405,847,16
405,1192,12
405,1394,16
405,1485,15
405,1559,16
405,1981,16
405,2233,15
405,2357,16
405,2906,15
405,3027,15
405,3287,16
405,3288,16
405,3789,16
405,3925,16
405,3168,16
405,2776,16
405,2320,16
405,2247,16
405,1169,16
405,1048,16
403,1045,4
403,1251,4
403,2271,4
403,3489,3
403,1107,4
403,3933,3
402,3505,3
402,3176,3
402,1705,3
400,1883,2
400,1629,2
398,2866,3
398,2671,3
396,1529,2
396,1699,2
396,1938,2
395,914,4
395,1092,3
395,1368,3
395,3119,3
395,3848,4
395,3629,4
395,3903,4
395,3788,4
395,3529,4
394,1756,1
392,775,1
391,3932,3
391,3496,3
391,1891,3
390,3250,1
389,1317,3
389,975,3
389,635,3
388,3526,1
387,2290,16
387,2744,16
387,3707,16
387,3916,16
387,3917,13
387,3935,16
387,2897,16
387,2741,16
387,2399,16
387,2369,16
387,2196,16
387,1030,16
387,1014,16
387,823,16
387,707,16
387,556,16
384,3347,2
383,706,15
383,840,2
383,1485,15
383,2233,15
383,3027,15
383,3534,2
383,3571,4
383,3288,15
383,3168,15
383,2906,15
383,2776,15
383,2320,15
383,2247,15
383,1559,15
383,1169,15
383,1048,15
383,405,15
382,1125,4
382,1302,4
382,1378,5
382,2067,5
382,2188,5
382,2611,3
382,2743,5
382,2763,4
382,3674,4
382,1288,5
382,1230,5
381,3065,1
381,4114,1
381,2453,2
381,925,2
380,3922,8
380,3875,8
380,3782,8
380,3510,8
380,2961,8
380,2711,8
380,1099,8
379,2739,1
379,3572,3
379,3347,3
379,2250,3
378,2985,2
378,586,2
376,2985,2
376,378,2
374,635,3
374,993,4
374,2054,2
374,2912,4
374,3559,4
374,3214,4
373,741,1
372,3589,1
370,919,1
369,3176,2
369,1705,2
365,2470,1
363,1859,1
363,2614,2
363,1860,2
362,2752,2
362,1055,2
360,1347,2
360,1649,2
360,3879,2
360,3924,2
356,1027,3
356,1607,4
356,1650,3
356,2924,2
356,2938,1
356,3293,4
356,3715,2
356,4003,4
356,4026,2
356,4020,4
356,816,4
355,1184,2
355,2591,1
355,3866,2
355,2637,2
354,4020,13
354,3989,13
354,3264,13
354,2723,13
354,2248,13
354,2125,13
354,1722,13
354,1546,13
354,1236,13
354,925,13
354,775,13
354,428,13
352,2941,6
352,1446,6
352,836,6
352,594,6
352,541,6
351,3656,2
351,673,2
351,665,2
350,739,28
350,1592,5
350,470,28
350,1103,28
350,1783,28
350,2004,28
350,2759,28
350,3174,28
350,3283,28
350,3297,28
350,1002,28
350,4011,28
350,3653,28
350,3487,28
350,3418,28
350,3387,28
350,3347,28
350,3074,28
350,2753,28
350,2276,28
350,2250,28
350,1994,28
350,1942,28
350,1266,28
350,1064,28
350,673,28
348,2677,3
348,1901,3
348,1555,3
347,1362,2
347,3514,3
347,3358,3
347,3193,3
346,3936,4
346,2626,4
346,956,4
341,972,2
341,1329,2
341,846,2
339,1520,4
339,2063,2
339,2593,4
339,2668,4
339,3209,1
339,2036,4
339,1561,4
339,716,4
338,3971,15
338,3352,15
338,3231,15
338,2995,15
338,2446,15
338,2305,15
338,2251,15
338,1935,15
338,1873,15
338,1474,15
338,1160,15
338,1063,15
338,596,15
338,590,15
338,486,15
336,2051,4
336,2590,1
336,3810,4
336,3913,4
336,3337,4
335,2016,8
335,3634,8
335,3841,4
335,3728,8
335,2909,8
335,1733,8
335,1078,8
335,1064,8
335,799,8
333,3978,1
332,779,3
332,865,4
332,902,3
332,1322,2
332,1383,3
332,1472,3
332,1714,4
332,1886,2
332,1892,3
332,1980,2
332,2122,3
332,2902,2
332,2945,2
332,2946,2
332,4144,2
332,3312,4
331,475,4
331,711,4
331,1140,4
331,1014,4
331,707,4
330,1654,2
330,496,2
329,1203,1
328,657,1
328,877,1
327,1376,1
326,1632,2
326,675,2
321,2276,1
318,2824,2
318,735,2
315,819,1
315,2371,1
312,3487,5
312,3347,5
312,2250,5
312,2032,5
311,383,15
311,706,15
311,847,16
311,1192,12
311,1394,16
311,1485,15
311,1559,16
311,1981,16
311,2233,15
311,2357,16
311,2906,15
311,3027,15
311,3287,16
311,3288,16
311,3789,16
311,3925,16
311,3168,16
311,2776,16
311,2320,16
311,2247,16
311,1169,16
311,1048,16
311,405,16
310,3844,1
309,3050,1
308,3125,2
308,726,2
306,2401,2
306,1263,2
303,1542,1
302,346,4
302,726,3
302,956,4
302,1470,3
302,2089,4
302,2612,4
302,2626,4
302,3125,3
302,3222,4
302,3592,3
302,3936,4
302,4157,4
302,3919,4
299,3086,2
298,3903,1
297,2828,2
297,2284,2
293,3136,1
293,3696,2
293,3250,2
293,2625,2
288,1874,2
288,634,2
287,315,1
286,429,1
286,1510,2
286,3188,2
286,4094,2
286,1614,2
285,3347,5
285,2554,5
285,1944,5
285,472,5
282,1613,1
280,1885,1
277,3029,1
275,1046,1
274,2638,2
274,2636,2
273,875,2
273,2535,1
273,3476,2
272,816,2
272,531,2
269,1676,2
269,491,2
267,1287,1
267,2363,1
267,2704,1
267,3304,2
267,2476,2
265,299,2
265,1218,2
265,3086,2
265,1654,2
263,1698,1
263,3312,3
263,2493,3
263,681,3
262,1097,2
262,3192,2
262,1674,2
262,623,2
260,2864,1
259,1016,4
259,4021,4
259,922,4
259,2953,4
259,1942,4
258,638,2
258,2787,2
258,4124,2
258,807,2
256,3187,2
256,4037,3
256,3500,3
256,2737,3
255,2583,3
255,2948,3
255,1779,3
255,1286,3
254,797,2
254,796,2
251,3128,4
251,3830,3
251,3548,4
251,979,4
251,1453,4
251,866,4
250,739,28
250,931,3
250,1546,13
250,1803,1
250,3207,3
250,3680,2
250,3840,4
250,4072,3
250,470,28
250,1103,28
250,1783,28
250,2004,28
250,2759,28
250,3174,28
250,3283,28
250,3297,28
250,1002,28
250,350,28
250,1942,28
250,3487,28
250,3653,28
250,2250,28
250,673,28
250,2276,28
250,1266,28
250,1994,28
250,3418,28
250,4011,28
250,2753,28
250,3074,28
250,3347,28
250,1064,28
250,3387,28
249,2336,3
249,3395,4
249,3636,2
249,3844,4
249,1231,4
249,573,4
249,523,4
248,2477,3
248,2318,3
248,2146,3
247,3705,2
244,3445,2
244,2153,2
242,3903,1
240,939,3
240,1280,4
240,1669,4
240,2411,3
240,2917,4
240,3527,2
240,3670,4
240,3832,4
240,3910,2
240,3919,4
240,3955,4
240,2128,4
239,2290,16
239,2744,16
239,3707,16
239,3916,16
239,3917,13
239,3935,16
239,2897,16
239,2741,16
239,2399,16
239,2369,16
239,2196,16
239,1030,16
239,1014,16
239,823,16
239,707,16
239,556,16
239,387,16
236,1366,3
236,1704,2
236,1901,3
236,2377,2
236,2378,4
236,3514,3
236,3904,3
236,4120,3
236,1680,4
236,827,4
236,1134,4
234,3871,2
234,3465,2
232,2977,3
232,1319,3
232,1168,3
231,3237,1
230,2241,2
230,557,2
229,2608,1
229,1084,1
228,352,6
228,541,6
228,836,6
228,1439,4
228,2166,4
228,2262,4
228,2941,6
228,1446,6
228,594,6
227,494,2
227,687,2
227,924,2
227,1190,1
227,1192,4
227,1466,1
227,1813,2
227,2284,4
227,2718,1
227,2773,1
227,3241,2
227,3609,2
227,3287,4
227,2128,4
227,2035,4
223,1164,4
223,3102,1
223,3808,4
223,3529,4
223,2367,4
222,3250,2
222,1464,2
221,2625,3
221,2036,3
221,2035,3
221,742,3
220,3154,2
220,557,2
218,1499,1
218,3214,4
218,2760,4
218,1134,4
218,374,4
215,1272,2
215,3919,2
215,1173,2
214,1101,2
214,2564,2
214,2493,2
213,519,3
213,2825,3
213,782,3
212,975,1
211,3180,1
210,1409,1
208,2517,2
208,3260,2
208,500,2
207,3419,1
205,2460,2
205,1072,2
204,3358,3
204,2798,3
204,807,3
203,638,2
203,258,2
201,3897,24
201,3894,24
201,3659,24
201,3557,24
201,2903,24
201,2821,24
201,2782,24
201,2749,24
201,2291,24
201,2192,24
201,2168,24
201,2091,24
201,1999,24
201,1506,24
201,1348,24
201,1230,24
201,1113,24
201,1041,24
201,832,24
201,796,24
201,598,24
201,518,24
201,426,24
201,424,24
200,3222,3
200,2612,3
200,302,3
198,2286,3
198,2578,3
198,3386,3
198,3539,3
198,3638,3
198,1007,3
197,3925,4
197,2839,4
197,2254,4
196,4105,5
196,3813,5
196,3387,5
196,2604,5
196,2287,5
194,3264,3
194,877,3
193,2504,1
192,3407,2
192,3347,2
191,1906,1
191,1736,4
191,4140,4
191,3330,4
191,2798,4
191,1512,4
190,247,2
190,627,2
190,983,5
190,1577,3
190,1940,5
190,1986,3
190,2069,5
190,2203,4
190,2223,4
190,2414,2
190,2640,3
190,3157,2
190,3263,2
190,3460,2
190,3541,5
190,3705,5
190,3853,3
190,4065,3
189,1250,5
189,2571,5
189,2602,5
189,2985,3
189,2095,5
189,2953,5
189,3347,5
189,2977,5
189,472,5
188,3377,2
188,433,2
187,540,2
187,1613,2
187,3355,3
187,1766,3
187,3506,3
186,2507,2
186,1140,2
185,2731,1
184,3922,8
184,3875,8
184,3782,8
184,3510,8
184,2961,8
184,2711,8
184,1099,8
184,380,8
183,4065,3
183,3853,3
183,190,3
182,2491,2
182,2893,2
182,1867,3
182,223,3
180,197,4
180,2839,4
180,2638,3
180,3925,4
180,2254,4
180,1099,4
178,1988,2
178,1816,2
177,1847,1
174,1011,2
174,703,2
173,1611,2
173,489,2
170,1950,1
169,3603,12
169,3106,12
169,2996,12
169,2944,12
169,2846,12
169,2213,12
169,1320,12
169,1117,12
169,626,12
167,3763,3
167,1743,3
167,1680,3
165,3539,3
165,198,3
162,2687,1
159,2864,1
156,4102,3
156,1939,3
156,846,3
153,182,3
153,259,4
153,332,4
153,827,4
153,922,4
153,1016,4
153,1555,3
153,1867,3
153,2077,4
153,2204,4
153,3308,1
153,3611,4
153,3683,4
153,3723,3
153,3827,4
153,3862,3
153,4021,4
153,4113,2
153,3312,4
152,3530,2
152,975,2
150,745,2
150,2123,7
150,2573,7
150,3556,7
150,3729,7
150,4030,7
150,531,7
150,3964,5
150,3693,7
148,845,1
147,2263,3
147,1370,3
147,546,3
145,736,3
145,2669,3
145,4104,1
145,4109,3
144,1168,1
143,1363,1
142,2939,2
142,2477,2
140,3571,3
140,2476,3
140,816,3
139,3371,3
139,1319,3
139,2977,3
139,2635,3
139,1168,3
138,3623,3
138,2186,4
138,1677,4
138,942,4
138,891,4
135,2866,3
135,2671,3
135,398,3
133,2680,3
133,2241,3
133,557,3
132,1877,2
132,1874,2
132,1248,2
131,3572,3
131,2250,3
131,379,3
130,3216,2
130,2012,2
129,258,1
128,3455,1
127,2676,1
127,3153,2
127,3587,2
125,586,1
124,3091,1
123,394,1
122,3573,9
122,3488,9
122,2278,9
122,2189,9
122,2182,9
122,1550,9
122,1194,9
122,767,9
122,532,9
120,2200,1
118,3539,3
118,198,3
118,165,3
117,189,5
117,312,5
117,739,28
117,2032,5
117,2953,5
117,2977,7
117,470,28
117,1103,28
117,1783,28
117,2004,28
117,2759,28
117,3174,28
117,3283,28
117,3297,28
117,1002,28
117,350,28
117,1942,28
117,3487,28
117,3653,28
117,2250,28
117,673,28
117,2276,28
117,4011,28
117,3418,28
117,3387,28
117,3347,28
117,3074,28
117,2753,28
117,1994,28
117,1266,28
117,1064,28
117,250,28
116,2774,1
115,3121,2
115,2798,2
113,3745,1
112,1173,2
112,4154,2
112,1921,3
112,1537,3
112,1376,3
111,3058,2
111,3051,2
110,2953,1
109,1027,3
109,1351,2
109,1353,3
109,2825,3
109,2844,3
109,356,3
106,727,3
106,799,6
106,1128,4
106,1656,4
106,1823,2
106,1824,6
106,1882,5
106,2048,5
106,2075,4
106,2958,3
106,3171,3
106,3327,6
106,3475,3
106,3578,6
106,2977,6
106,2753,6
106,2723,6
105,1533,3
105,3791,2
105,2415,3
105,1591,3
105,1165,3
105,681,3
105,3058,3
104,957,1
103,194,3
103,882,4
103,2303,5
103,3769,4
103,3778,4
103,1677,4
103,2453,5
103,1078,5
103,775,5
103,428,5
100,3768,2
100,1037,2
99,3091,2
99,2049,2
97,674,2
97,739,28
97,1387,2
97,1973,1
97,470,28
97,1103,28
97,1783,28
97,2004,28
97,2759,28
97,3174,28
97,3283,28
97,3297,28
97,1002,28
97,350,28
97,1942,28
97,3487,28
97,4011,28
97,3653,28
97,3418,28
97,3387,28
97,3347,28
97,3074,28
97,2753,28
97,2276,28
97,2250,28
97,1994,28
97,1266,28
97,1064,28
97,673,28
97,250,28
97,117,28
96,3125,3
96,2979,3
96,726,3
95,3809,1
94,302,4
94,346,4
94,547,4
94,726,3
94,956,4
94,1038,3
94,1258,2
94,1339,1
94,1918,1
94,1937,4
94,2294,2
94,2626,4
94,2681,3
94,3063,2
94,3125,3
94,3936,4
94,4157,4
92,3865,2
92,1788,2
91,2143,2
91,4083,3
91,3965,3
91,2077,3
90,1510,2
90,286,2
89,3941,12
89,3111,12
89,2634,12
89,2605,12
89,1541,12
89,1512,12
89,1468,12
89,1436,12
89,1435,12
89,1295,12
89,1082,12
87,149,1
87,187,3
87,281,1
87,2113,3
87,2616,3
87,3118,3
87,3255,4
87,3355,3
87,2522,4
87,2281,4
87,971,4
86,1383,1
85,91,3
85,330,2
85,416,4
85,496,2
85,557,3
85,1156,3
85,1620,2
85,1881,2
85,2077,4
85,2143,2
85,2159,3
85,2241,3
85,2582,4
85,2972,1
85,3117,4
85,3278,3
85,3279,2
85,3354,3
85,3651,4
85,3890,2
85,3965,4
85,3984,1
85,4083,3
84,3177,1
83,3043,2
83,1089,2
82,2132,1
82,2657,1
79,1161,1
77,2003,3
77,2416,3
77,1268,3
77,1011,3
75,1050,1
74,1613,1
73,2521,2
73,1003,2
72,2374,3
72,2216,3
72,1561,3
71,3448,2
71,1626,2
69,3953,4
69,3718,4
69,1800,4
68,3761,2
68,3500,2
67,3603,12
67,3106,12
67,2996,12
67,2944,12
67,2846,12
67,2213,12
67,1320,12
67,1117,12
67,626,12
67,169,12
65,354,13
65,479,4
65,523,4
65,775,13
65,925,13
65,1236,13
65,1539,2
65,1722,13
65,1724,2
65,2125,13
65,2248,13
65,2720,3
65,2723,13
65,3395,4
65,3564,3
65,3989,13
65,4020,13
65,1078,8
65,3264,13
65,1546,13
65,428,13
62,3391,1
61,3366,1
60,1784,1
59,2170,2
59,2963,2
59,3513,2
59,3924,2
55,1753,2
55,2920,2
55,3763,2
55,3284,2
54,3239,2
54,1838,2
53,4065,3
53,1577,3
53,190,3
50,873,2
50,754,2
49,1322,1
48,2626,2
48,2289,2
47,213,3
47,519,3
47,2610,3
47,3544,3
47,2825,3
47,2266,3
47,782,3
46,1346,1
46,2541,2
46,2537,2
44,285,5
44,384,2
44,472,6
44,1513,6
44,1944,5
44,2263,4
44,2554,5
44,2627,4
44,2918,3
44,3327,6
44,3727,4
44,3837,4
44,3578,6
44,3347,6
44,2753,6
44,2250,6
43,3603,12
43,3106,12
43,2996,12
43,2944,12
43,2846,12
43,2213,12
43,1320,12
43,1117,12
43,626,12
43,169,12
43,67,12
42,3037,3
42,3485,3
42,497,3
42,2965,3
42,1048,3
40,3941,12
40,3111,12
40,2634,12
40,2605,12
40,1541,12
40,1512,12
40,1468,12
40,1436,12
40,1435,12
40,1295,12
40,1082,12
40,89,12
39,2794,1
38,1409,2
38,1205,2
37,3559,1
35,107,1
34,3603,12
34,3106,12
34,2996,12
34,2944,12
34,2846,12
34,2213,12
34,1320,12
34,1117,12
34,626,12
34,169,12
34,67,12
34,43,12
33,844,1
32,3196,2
32,3125,2
29,2649,1
28,3074,2
28,2365,2
27,2725,3
27,2692,3
27,1343,3
26,2697,2
26,2928,2
26,3579,1
26,3852,1
25,621,3
25,660,3
25,1971,3
25,2412,3
25,3170,3
25,4151,3
25,2220,3
25,1561,3
24,1127,2
24,1306,2
24,497,2
22,774,1
21,795,2
21,1123,3
21,1525,2
21,2323,1
21,2375,1
21,2612,3
21,2089,3
20,919,1
19,2063,2
19,339,2
17,2364,1
16,2553,2
16,3441,2
16,3244,2
14,3183,1
12,1894,3
12,1412,3
12,1317,3
11,2680,1
8,69,4
8,70,1
8,3718,4
8,3953,4
8,1800,4
7,3798,2
7,4033,2
7,2476,3
7,1062,3
7,432,3
6,4011,28
6,3653,28
6,3487,28
6,3418,28
6,3387,28
6,3347,28
6,3297,28
6,3283,28
6,3174,28
6,3074,28
6,2759,28
6,2753,28
6,2276,28
6,2250,28
6,2004,28
6,1994,28
6,1942,28
6,1783,28
6,1266,28
6,1103,28
6,1064,28
6,1002,28
6,673,28
6,470,28
6,350,28
6,250,28
6,117,28
6,97,28
4,3229,1
3,4042,3
3,3927,3
3,3016,3
1,611,3
1,2404,1
1,3695,3
1,3095,3
0,1750,1
0,3957,2
0,3608,2
