index creation time:0.0081397542
2575,3488,11
997,2637,4
15,1169,25
444,2446,20
1113,2903,25
1400,2137,2
3253,4015,2
1546,4020,12
1165,3629,3
3917,3935,16
169,1117,16
2276,3487,23
207,3419,2
596,3231,20
563,2238,2
2284,2746,3
2069,3651,3
405,1394,25
97,3174,25
3592,3919,4
235,1134,4
1180,3501,4
2109,2395,9
970,2175,4
2711,3510,10
3123,3168,25
4104,145,2
3268,3823,4
36,1685,5
3382,3736,5
1058,1359,5
2250,3613,20
825,3030,2
569,1052,2
864,3322,4
396,1699,3
117,1783,25
1909,1912,4
381,3065,2
2516,3400,4
1888,3934,6
590,596,20
1169,1559,25
1550,3488,11
1923,2977,5
1226,2233,25
1030,3916,16
1211,2754,3
919,1442,4
2276,3315,8
668,3185,5
2753,3663,5
258,2787,3
985,2619,3
37,3203,3
767,2182,11
1733,2701,7
659,2104,4
746,1264,2
2134,3881,3
117,1923,21
615,1953,3
3613,3959,6
980,2284,3
454,1709,3
1024,3027,25
157,808,2
784,2875,4
1436,3127,11
500,3504,3
722,807,3
3558,3848,3
1078,2201,7
184,605,11
1590,2333,3
2233,3288,25
1305,3141,2
2613,3511,5
1048,2560,25
1783,3347,20
1474,3231,20
319,567,4
1453,3697,4
3081,3789,27
760,2841,2
317,3357,3
1280,2128,4
783,840,3
117,1419,25
1816,1988,3
3042,3330,3
394,1778,4
1432,1433,3
264,1274,4
1067,3601,4
85,1563,5
3123,3287,25
2664,2691,3
1427,1566,3
518,3659,25
1617,2164,4
200,302,4
596,1474,20
2259,2432,4
4110,3611,2
1307,3807,3
630,3666,3
1278,1361,3
3172,3486,6
556,2744,16
3578,3613,5
1489,3017,2
102,2411,3
581,1335,9
590,3352,20
3089,3844,3
3418,3487,22
1107,3933,3
372,3589,2
560,3697,2
663,3613,4
593,3832,2
428,2248,11
658,1841,4
569,1498,13
1490,1927,2
706,2560,25
807,1850,2
1766,1982,3
1794,2565,3
44,473,3
1729,2135,4
3556,4030,7
1353,1441,2
3315,4011,8
4129,2903,25
805,1864,3
889,1361,3
2412,3170,4
1879,2022,5
1067,3786,4
2140,2858,3
366,1226,25
1305,2327,2
565,3827,3
2537,3667,3
619,3568,2
2013,2305,20
43,67,16
999,1841,4
77,2003,2
767,1194,11
4129,2192,25
3180,3498,5
2196,3917,16
2429,3288,25
2864,3056,4
598,1506,25
2454,2781,2
1622,2505,3
2711,3660,10
135,398,3
1518,1768,3
2886,3878,2
3613,4039,4
1522,3215,2
816,866,3
2846,2944,16
4102,1939,3
1923,3180,5
1015,2696,3
727,865,3
1946,2128,4
2731,3554,3
3387,3840,4
350,3487,25
707,2369,15
247,3446,3
2428,2869,3
2017,4086,4
1048,3288,25
3081,3288,25
1506,1999,25
2199,3368,3
265,1879,3
1907,3691,5
1042,1099,4
1188,2426,4
470,3487,25
192,3326,2
559,2613,5
993,2912,3
582,979,2
3407,3415,3
941,3214,3
598,1999,25
1559,2320,25
914,1183,4
2776,3287,25
424,2192,25
250,3347,20
2031,2917,3
741,3465,3
1009,1209,25
524,1786,4
1134,2339,5
1954,2875,3
823,2369,16
1383,3751,3
3802,4040,2
528,538,3
428,3273,11
443,1023,4
1075,3746,2
626,1117,16
4151,2798,2
1299,1375,3
890,3767,3
2250,3743,6
67,2837,16
1134,3638,2
564,735,3
1535,2776,25
806,1870,3
1202,1495,3
556,1030,16
68,3500,3
1571,3673,4
1236,3273,12
1776,3438,2
3078,3642,3
915,1778,4
1623,2057,4
1546,3400,4
1783,3283,26
1048,1559,25
1118,2018,2
1780,3648,4
2495,2861,2
2767,2996,16
1357,2341,2
2451,3919,5
1236,2999,12
573,3836,4
1692,3870,2
115,2798,3
364,462,3
1314,3416,3
338,3134,20
3125,3196,3
1688,3203,3
44,3727,5
1888,3179,8
4106,2069,3
1534,1611,2
1573,3415,2
1122,3482,9
2250,3347,20
970,3686,3
120,401,2
1661,2965,3
1655,2269,3
190,1940,3
616,3603,13
283,2786,8
1940,3651,3
2378,2917,4
763,1200,2
1668,3954,3
1400,1722,4
1419,3951,25
631,3748,4
1023,1058,4
1989,2766,3
2913,3633,4
1285,2212,3
1757,2740,3
108,3477,2
2447,3826,4
2875,3264,4
16,3441,3
586,1939,2
268,3170,4
738,2944,16
190,1577,3
2533,3448,4
2128,2245,3
250,1783,24
17,483,2
2220,2559,3
150,3729,7
1643,3914,2
768,1977,3
4129,832,25
332,2946,3
1923,2276,17
55,2358,2
1387,4095,2
382,1230,3
706,3378,25
1286,2583,4
673,3613,20
65,2720,3
332,2945,3
160,260,3
446,2130,4
1384,3486,6
707,2398,15
1535,1945,25
43,2767,16
366,3027,25
531,2123,7
1635,2720,3
3693,4030,7
1627,2245,2
2579,3033,3
2339,3511,5
2284,3392,2
784,2935,4
1824,2977,5
2067,3154,2
1187,1641,13
1209,1506,25
405,3288,25
3820,3964,5
824,3482,10
605,3660,10
1733,3634,7
497,2734,5
3387,3951,21
1018,3922,12
190,3157,2
1031,2301,20
174,703,2
3297,4011,24
673,2753,23
1707,3418,7
3123,3789,25
1031,1474,20
2369,3935,16
2480,4042,3
659,3893,4
36,3685,5
428,1923,2
2457,3448,2
2453,3578,3
157,3916,16
1513,2276,4
423,1039,5
1407,1532,3
1078,3731,2
2619,3578,3
595,2780,25
1236,1722,12
263,2493,2
2559,3330,4
605,3510,11
1471,1566,3
727,1946,3
795,1525,3
1306,2023,3
1365,2964,5
1,3695,3
27,2692,5
2945,2946,3
1381,3164,3
2491,2893,2
809,2510,2
3462,3877,5
2126,3091,2
1512,1541,11
351,3656,3
645,2556,3
1274,3606,4
339,2063,3
970,1442,4
1489,4069,3
96,278,5
2287,2786,8
395,3903,3
2481,2943,3
1103,3951,25
2929,3630,2
2429,3027,25
596,1063,20
257,1883,2
1269,3578,3
4122,1219,3
4135,544,2
1134,3908,2
1946,2463,2
2330,3203,3
4153,701,4
661,2721,4
1117,1320,16
1078,3634,7
259,746,3
856,1760,2
89,1295,11
137,1134,4
211,3180,2
1907,2654,5
1051,1113,25
230,480,3
3307,3594,9
137,235,5
1760,2473,3
680,2637,3
350,673,25
835,3571,2
1405,3484,3
600,1209,25
102,2088,2
462,3010,3
1547,3101,3
167,3763,2
2536,3211,3
2263,2869,3
2164,3647,3
749,1509,5
2635,3502,4
2550,4011,8
240,970,4
3293,3833,2
366,1169,25
31,1554,4
565,1294,3
2047,4060,3
919,3807,4
2977,3418,7
4153,1354,4
97,2004,25
66,1944,6
596,2251,20
2065,2127,2
1148,1597,3
169,1320,16
1719,3503,3
620,3041,2
1,611,4
2457,2914,2
2140,2579,3
1999,2192,25
1219,1858,2
3186,3877,5
428,3989,11
3387,3680,4
1367,2513,8
1014,3126,16
463,2708,2
2565,3154,4
1160,3971,20
866,1613,2
157,2369,16
1512,2630,2
734,2193,4
2711,2961,10
643,742,2
158,1948,3
753,2550,9
2560,3123,25
3579,3921,3
983,1940,4
1097,3329,2
2109,3482,9
3589,3788,3
536,3221,2
2899,3936,3
1031,2013,20
3011,3652,2
824,1438,9
2123,3729,7
1394,3287,26
757,1030,16
737,4011,24
4129,595,25
4144,332,2
706,1048,25
865,3816,3
2837,2944,16
366,3591,25
569,1641,13
4060,4068,4
2164,2210,2
12,1894,3
2305,2995,20
807,3919,3
2287,2516,8
2076,2146,4
35,107,2
681,2415,3
3832,3881,3
1030,3126,16
96,3125,4
547,2756,4
1432,2298,3
1722,2999,12
1692,2342,2
2369,3917,16
3297,3613,20
1722,3264,11
2893,4038,2
1331,1420,4
742,2625,3
44,3327,3
574,1191,3
3613,4086,4
1132,1863,3
87,187,3
398,2671,3
2267,2576,3
931,977,5
250,3387,18
1440,2790,3
1203,1901,3
1394,3591,27
1160,3134,20
832,2091,25
250,3950,2
933,3606,4
1515,2473,3
799,3634,7
2299,3382,5
1018,3510,12
2040,2258,4
411,911,4
1923,3297,21
2161,3934,7
2330,3264,3
1513,3986,4
1733,2016,7
682,3416,3
1145,3503,3
1213,2128,2
973,3092,3
463,2040,2
887,3265,2
1347,4087,3
2192,2821,25
878,3851,3
1497,2934,3
1309,4016,2
816,3928,2
1031,2305,20
1462,2824,3
949,1923,3
3600,4029,3
3898,4007,3
85,752,3
1208,2277,7
611,3695,3
2128,3439,3
2109,3165,9
1945,2560,25
345,1372,4
1034,3560,8
1169,3168,25
1277,3578,5
1997,3312,13
726,815,4
106,1635,2
741,2721,2
356,1841,3
1009,2091,25
2429,3591,26
157,1883,3
2220,2412,4
2627,3469,3
547,1039,4
3510,3782,12
488,1832,3
651,3320,4
2414,3651,2
1191,3881,3
2419,2711,4
547,1937,4
1832,1883,3
1113,1230,25
97,2250,24
2555,3933,3
832,1506,25
2248,2999,12
470,2004,26
1866,3335,2
665,2164,3
366,1559,25
823,3916,16
2483,2516,4
706,3168,25
2556,4072,2
806,3655,3
1427,3415,3
604,3748,3
15,706,25
3491,3603,13
852,1930,2
1801,1816,2
864,3807,4
3338,3990,2
707,3832,3
1400,2516,4
4102,1401,3
1909,3346,2
1975,2220,3
250,3613,20
1111,3355,3
1050,3886,2
2076,3372,2
3020,3284,4
868,3877,4
1014,2196,16
2250,3297,24
3174,4011,24
67,2944,16
3847,3883,4
1653,3748,4
1956,2338,5
114,2238,2
1816,2483,2
405,2776,25
3214,3881,3
43,2846,16
706,1024,25
1024,3288,25
166,2861,3
179,2261,4
289,3603,16
442,3574,3
117,2977,8
407,3027,25
2952,3517,7
3202,3723,2
2355,3130,3
3531,3640,2
2319,3832,4
1122,3594,9
569,2709,3
1101,2493,2
1939,3035,3
1103,1923,21
134,3933,3
807,2480,3
1620,1881,4
2332,3686,2
3661,3685,5
1923,4011,18
271,2158,2
795,1273,2
369,1705,3
1974,2000,3
2040,2709,4
258,807,3
2196,2369,16
3051,3058,3
801,4077,2
356,1027,3
1338,3868,3
2276,3297,23
2004,2276,23
1653,3517,7
2373,3498,5
556,757,16
34,43,16
1472,3751,3
1191,1241,4
995,2378,4
1099,2419,4
2721,3981,3
151,3400,4
36,3673,5
787,3584,3
1923,2571,5
2256,2858,3
1537,1689,2
419,4064,4
861,976,4
1559,3027,25
1039,1937,4
141,541,6
1213,2304,2
4134,2116,3
46,2541,3
1497,1692,3
88,1257,4
341,1329,2
2709,2733,3
3312,4011,3
1593,2768,2
3058,3745,2
2144,3241,2
2069,2203,3
1170,2905,3
2220,2232,4
3807,3958,4
3211,3407,3
977,1545,5
2128,3260,4
1863,3113,2
2405,3271,5
1114,3542,2
581,2109,9
407,1535,25
157,387,16
409,807,2
240,2499,4
178,1816,3
2204,3777,3
1722,2516,3
231,3237,2
85,3651,3
223,2367,3
1226,2560,25
750,3546,3
424,1041,25
2411,2462,3
378,586,2
2405,3155,5
1192,3168,20
279,1546,3
2407,3077,3
2854,3297,3
579,3847,4
1467,3597,3
251,866,3
2541,3667,4
2928,3834,3
1230,2192,25
2367,3752,4
1485,2320,25
2140,3091,3
380,2350,12
750,3396,2
2355,2896,5
117,2004,25
21,795,3
53,1577,3
1676,3693,3
1035,1816,3
1331,2033,4
1971,3873,2
518,832,25
405,3378,25
1155,2595,3
792,986,3
905,1260,2
1236,2248,12
1520,3335,2
832,2192,25
706,2776,25
3482,4014,10
2069,3921,3
579,1977,3
44,1944,5
2089,3642,2
3660,3782,12
1561,2250,4
1400,3615,2
2737,3043,3
824,3307,10
1945,3378,25
2355,3246,3
2447,3399,3
1873,2251,20
779,1383,4
1479,3570,4
1343,3800,4
807,3464,2
1208,2952,7
513,571,3
2559,2844,4
2230,3561,2
740,1798,5
1945,3123,25
1183,1456,4
1251,3898,3
1211,3851,3
737,3347,20
698,1019,2
2004,3487,25
1987,2948,3
3176,3505,4
141,2941,6
1209,1999,25
3027,3123,25
823,3935,16
1923,3283,21
1955,3954,3
832,1009,25
356,1607,4
1192,1945,20
479,3605,2
894,1387,3
1622,2957,4
866,3947,2
1277,3613,5
1102,3777,2
605,2193,4
556,3917,16
1559,2321,26
465,1760,2
778,2776,25
424,2091,25
2091,3659,25
316,1281,3
2821,3659,25
1506,2749,25
2620,3220,3
338,2251,20
3231,3352,20
2628,2824,3
799,1078,7
626,1320,16
1176,1816,3
1194,3173,11
2251,2301,20
338,590,20
1031,3971,20
2400,3201,2
1407,2513,8
1767,2649,3
3244,3441,3
3014,3256,2
1268,3758,2
3142,3722,2
265,299,3
1784,2679,3
1536,4060,4
187,1613,2
317,2625,3
1177,2635,4
516,667,2
65,1844,2
2233,3027,25
24,497,4
1092,4036,3
1365,2968,3
506,3333,2
1467,3253,3
366,1945,25
1597,3503,3
962,3877,2
2428,3888,3
407,1024,25
866,1264,4
2067,2703,2
4150,3002,2
350,2250,24
405,1559,25
865,3844,3
3027,3288,25
204,807,3
1783,2276,23
3448,3788,3
2074,2707,4
1543,3431,2
2321,3287,26
2372,3661,5
407,1226,25
742,743,2
4107,3045,3
3260,3955,4
2098,3788,2
2977,3347,6
1400,3673,4
2734,2992,5
2066,3504,3
1134,2098,4
4111,3192,4
738,3603,16
3347,3418,20
1419,3283,26
3848,3934,3
2504,3330,3
43,3603,16
2074,3227,4
2276,3418,15
1433,3502,4
300,427,2
750,2018,2
1241,2319,4
807,1225,3
687,950,5
4114,381,2
2301,2305,20
21,1525,3
10,525,2
2767,3106,16
132,1877,3
2245,2264,3
2245,2297,3
757,2369,16
2048,3856,3
1909,3740,4
1476,3946,3
172,1180,3
1873,3971,20
504,726,4
1827,2595,3
153,1879,5
240,3955,4
106,727,3
407,3288,25
753,2209,9
423,1191,3
2514,3531,5
995,3593,4
3231,3971,20
117,2250,24
117,3743,6
1824,3578,3
283,2516,8
2245,3250,2
823,2998,16
3333,3597,3
150,3556,7
462,1708,3
8,69,5
317,2458,2
686,784,5
594,2941,6
2192,2749,25
2944,2996,16
1561,1971,3
240,2031,4
1559,2560,25
34,626,16
469,870,2
3519,3536,2
2837,3603,16
1535,2429,25
2948,3786,4
2398,3916,16
605,3922,11
1099,2638,3
184,380,12
630,2663,3
2501,4053,5
2582,3965,5
3782,3922,12
190,1291,3
85,496,4
2583,2948,4
616,1997,13
2103,3128,3
1419,1783,26
356,2924,3
1559,1945,25
693,2796,2
686,3264,4
673,1103,25
656,3616,3
1187,3318,13
2634,3111,11
4122,2643,3
2186,3788,3
679,1163,2
4153,3008,4
2457,2546,2
1768,3506,3
600,2749,25
1132,2566,3
117,3297,25
140,3571,2
1864,1940,3
1781,3257,3
2130,4056,4
3578,3663,5
3134,3483,20
308,3125,3
524,3800,4
2947,3418,7
1076,2493,3
53,190,3
3160,3340,4
913,3777,3
416,1720,4
1122,4014,9
778,2867,25
1964,3065,2
737,3487,25
1950,2136,4
102,1952,2
83,2129,3
1264,1709,4
122,2575,11
590,3231,20
1718,3624,3
2797,3763,3
2305,3352,20
2320,3422,3
453,611,3
428,1268,3
2048,2333,3
1208,2452,7
361,2453,3
894,1760,2
117,3418,22
420,868,4
2220,3500,4
1438,3594,9
3347,3487,20
1816,3800,2
4107,3108,3
816,3264,4
1929,3848,3
906,2779,3
225,3357,3
930,3599,2
90,2810,3
289,1320,16
34,3603,16
1400,3669,3
1014,3917,16
446,4056,4
1320,2846,16
2042,3827,3
596,1873,20
2531,3903,3
94,726,4
3087,3491,13
2135,2769,3
674,763,2
2895,3755,2
1433,2245,3
2027,3613,3
188,433,2
893,2885,2
1248,1874,3
1080,2991,4
367,2611,3
1419,3347,20
2206,3883,4
4129,598,25
950,2959,5
1169,3591,25
4117,497,5
1359,2528,3
2266,3611,3
2980,3324,3
645,3195,2
117,4011,24
205,2460,3
1946,3836,4
283,3813,8
44,3663,5
1051,2821,25
1226,3123,25
3657,3764,3
308,726,3
604,2099,4
727,2046,3
1485,1559,25
274,2638,4
97,1923,21
1433,3161,3
479,1377,2
2018,3287,4
911,3846,4
317,3136,4
69,1800,5
2627,3019,4
1169,1394,25
2135,3570,3
799,1733,7
1950,3885,4
161,1905,5
1099,2961,10
2472,3431,3
1536,1983,4
2164,3290,2
2022,2801,2
742,1556,3
302,3592,4
1014,1140,5
1923,2004,21
678,1950,4
4135,3471,3
3407,3613,5
2284,2625,3
3360,3627,3
3903,4012,3
2170,3924,3
250,2004,24
2233,2320,25
235,2098,5
3613,3951,20
34,169,16
1944,3347,5
825,3363,2
135,2671,3
3320,3796,4
1509,1984,5
595,1209,25
1169,1535,25
2320,3789,25
607,850,2
662,2861,3
380,2961,12
1265,3686,3
1981,2560,25
2185,3154,2
420,3877,5
1821,2691,2
250,2753,23
65,3564,3
44,1371,4
1072,3633,2
1041,1051,25
1966,2154,3
415,1453,3
513,2418,2
2157,3390,2
407,1485,25
1681,4090,3
785,3560,8
347,3358,3
1192,3789,20
2069,2169,3
1983,4060,4
832,3659,25
366,2867,25
1262,2841,3
1453,2589,3
1461,2232,4
471,909,3
2023,3816,3
538,3887,3
1676,2090,2
3168,3288,25
407,2320,25
731,3154,2
894,2111,2
40,3127,11
2753,3487,23
3400,3415,4
1023,1053,4
278,2979,5
813,2411,3
970,3097,2
692,859,3
567,3883,4
2367,3529,3
2636,2638,4
1407,3560,8
2961,3660,12
2429,3378,25
2284,3326,2
2749,2821,25
1328,2093,2
1117,3603,16
268,2220,4
3153,3587,3
4102,3844,3
2776,3027,25
2095,3238,3
2017,2066,5
2095,2977,4
3564,3876,3
1783,2250,24
1188,2844,2
2961,3510,12
2987,3430,3
359,1365,3
1014,2744,16
1551,2128,3
428,3469,3
1070,1338,3
2903,3894,25
803,1840,2
1224,2385,3
1393,1768,2
749,3877,5
1030,2998,16
1554,4011,4
2446,2995,20
1766,1983,4
1554,2981,4
1888,3486,6
164,1410,2
2918,3251,4
85,2241,2
1442,1866,2
1901,2315,2
2766,3461,3
1544,3686,2
1981,2429,26
569,3312,13
764,2220,2
1343,1786,4
1176,2126,3
250,2250,24
713,3885,2
2276,3174,23
2037,3722,2
2844,3089,3
497,2432,4
891,1967,3
2597,2949,3
2340,3936,4
2089,2220,4
1107,1251,4
2313,2440,2
556,823,16
1685,3685,5
2560,2867,25
2056,3494,2
444,3231,20
4109,2228,3
1197,3154,2
77,2195,3
65,2999,12
590,1031,20
407,778,25
2289,2411,3
1419,3387,21
138,2186,3
1169,1192,20
2565,3443,3
2245,3565,2
3357,3373,3
366,1394,25
1082,3111,11
1050,3702,2
462,3239,5
737,2276,23
387,2744,16
562,3297,3
1692,3095,3
1622,3250,3
931,1119,5
2898,3179,8
907,1511,3
3400,3661,4
2069,2355,3
239,3935,16
2369,2998,16
2159,3651,3
1286,1779,4
2369,2398,16
1092,3119,3
3149,3887,3
1394,1945,25
374,1600,3
1485,1535,25
954,3416,3
289,2767,16
656,3804,2
590,3971,20
2186,3373,4
170,1950,2
2914,3819,2
4131,806,2
1024,2321,25
269,1676,2
769,1367,8
737,2854,3
1488,1767,4
444,2301,20
542,2337,3
366,2560,25
1319,3371,3
1062,2206,4
395,3119,3
1498,3625,13
1230,2783,25
546,2635,2
153,259,5
350,3418,22
827,2774,2
3117,3965,5
1097,2592,3
1620,1665,4
3143,3502,2
1359,3590,2
3347,3959,6
1122,2395,9
919,3958,5
2998,3935,16
791,2009,3
565,2593,3
1024,1226,25
718,3512,3
1331,1433,4
1498,3312,13
1210,1513,4
1853,1892,2
2550,3418,7
129,258,2
0,3957,2
250,2276,23
3387,4072,3
2074,2425,2
3283,3653,25
2175,3958,5
931,3387,5
2285,2462,2
1474,2301,20
2841,2890,3
2002,3854,2
338,1031,20
656,3673,4
541,1446,6
2,1828,3
3463,3958,4
999,1372,4
889,2472,2
4107,3617,4
59,2963,2
970,3618,3
3128,3548,4
1879,2202,3
117,673,25
2307,3473,2
673,3951,25
698,4007,3
2130,3502,4
1714,2010,2
1427,1985,3
2203,2951,2
1398,1950,3
2196,3935,16
366,3081,25
428,799,3
1905,2936,5
1561,2611,2
2188,2763,3
2798,3330,3
1046,2014,2
89,1436,11
777,2579,3
1773,3091,3
1048,2965,3
769,1407,8
1238,3593,4
2129,3043,3
3546,3558,3
671,1707,7
1601,2447,3
2250,2753,23
2855,3119,3
2779,3805,4
279,1498,3
598,1209,25
2220,2358,3
778,3789,25
171,2890,4
250,3400,4
2109,3100,9
153,2874,3
1545,3387,5
35,157,2
1537,2857,2
79,730,2
2203,3340,4
772,1941,5
2466,3723,5
816,993,2
1559,3123,25
65,428,11
2466,3688,2
1128,3991,2
1869,3815,2
79,2708,3
1593,2212,3
595,1999,25
1946,3527,2
387,3935,16
681,1640,3
2886,3197,3
738,2846,16
1597,2515,3
616,3491,13
2753,3387,21
1710,3599,3
1072,2460,3
2767,2944,16
567,1062,4
2169,2320,5
641,928,3
253,2320,4
2105,2678,2
734,2884,4
1078,2702,2
656,3503,2
1983,4068,4
1830,3239,5
1537,2766,3
362,1549,3
2293,3568,3
1331,2980,3
1436,3941,11
560,1203,2
1731,2585,2
2369,2744,16
778,3591,25
89,3127,11
43,2944,16
1707,2550,7
2482,3360,3
2365,3334,2
166,253,4
338,3483,20
192,3613,6
3400,3673,4
1394,2321,27
2513,3560,8
671,2562,4
497,3037,3
1255,1299,3
734,2074,5
1984,2650,3
1024,2867,25
362,1055,3
112,1537,3
1596,4054,3
46,1628,3
919,970,4
2025,2047,3
410,3494,2
1255,1375,3
546,2428,3
202,1453,4
2116,2580,3
1041,1999,25
3463,3807,4
1048,3378,25
1570,2936,5
1225,2508,2
49,1322,2
426,1051,25
24,2603,4
1841,3020,4
3211,3616,3
102,3690,2
2135,3194,2
2798,2957,2
3154,3494,2
707,1140,4
99,3091,2
2381,3438,2
204,3357,3
2305,2446,20
293,3136,4
2975,3673,3
2767,3603,16
2251,2305,20
596,2995,20
196,2287,8
1981,2867,25
631,1653,4
999,2265,4
629,645,3
1439,2262,4
316,2454,3
1997,3318,13
1170,4012,3
3529,3629,4
2711,3290,4
1176,1188,3
1945,2776,25
525,3934,2
742,954,3
742,2018,3
1596,1822,3
547,3593,4
612,3681,2
3273,4020,12
1438,4014,9
193,1600,3
671,2276,7
825,3209,3
996,2355,5
354,3989,12
1819,1983,2
790,2362,3
351,3963,2
3546,3693,3
163,2095,3
2276,3752,4
3387,3487,21
1328,3264,4
3154,3683,4
2156,3376,2
3297,3951,25
54,1838,5
1048,1661,3
1424,3233,2
1784,2022,3
1203,1555,4
202,3895,4
2487,2696,3
1131,3418,2
377,3883,3
3174,3283,26
3045,3108,3
2219,2289,2
673,3283,25
251,979,4
2091,2780,25
3203,3419,3
1785,1967,3
4105,2516,8
1401,3481,2
1506,2903,25
447,2643,2
2350,2711,10
407,1394,25
4109,145,3
1541,2634,11
462,1830,5
497,1127,4
3407,3743,5
2447,3684,4
3283,3387,21
2044,3500,2
581,1284,9
2209,3315,9
2586,3018,4
196,2516,8
157,239,16
1873,2013,20
573,2844,3
407,1192,20
816,2293,3
2861,4060,3
250,673,24
4147,2135,4
2560,3027,25
762,3720,3
626,2944,16
218,3214,3
405,2560,25
669,2769,3
1048,3789,25
559,3405,2
2835,3891,3
158,273,3
1501,3244,3
1902,4019,2
190,901,4
1580,3238,2
218,1134,3
4109,3697,4
598,1041,25
778,1048,25
1299,1885,2
556,2398,16
426,2192,25
1310,3195,3
2913,3828,4
3951,4011,24
2203,3921,3
1405,3514,3
3328,3787,5
497,2603,4
1685,3661,5
428,1236,11
97,1783,25
785,1367,8
426,598,25
1554,3727,4
2350,2961,12
31,3299,3
273,875,3
112,691,3
1381,3621,3
1559,3287,26
482,3546,2
317,2417,3
94,3787,4
1169,1485,25
638,3357,3
1370,3114,3
1863,2764,2
1671,4061,4
1030,2196,16
3027,3378,25
2261,2262,4
1890,3684,3
1441,2820,3
1230,2821,25
2599,2731,3
1419,3174,26
2858,3091,3
250,3297,24
2516,3674,3
782,3860,3
2220,2886,4
668,1983,5
2289,3543,2
267,3137,2
2176,3545,2
450,1469,2
90,454,3
778,1485,25
669,3570,4
1653,2452,7
1082,3127,11
1912,3740,4
1041,3894,25
998,2627,3
1635,2053,2
2515,3414,2
662,4060,3
297,2828,3
1541,3127,11
600,2903,25
184,2350,12
1572,2514,4
1453,3895,4
1038,2186,4
108,3021,2
2263,2427,2
1433,1920,4
1390,4053,4
2203,3593,4
236,2378,3
2250,3387,21
1174,2679,3
560,756,2
1848,2637,2
1209,2091,25
1132,1543,2
681,851,3
1561,2374,2
2320,3378,25
248,2477,4
4154,1923,3
2635,3180,3
595,832,25
1372,2265,4
2977,3613,7
3283,3613,20
1226,2320,25
2886,3245,2
3253,3597,3
1191,2319,4
1014,2707,4
2190,2725,2
3225,3584,3
1371,2263,4
4105,2786,8
3613,4011,20
2711,3782,10
3683,3827,3
2660,3401,4
904,3839,2
3613,3653,20
600,2091,25
1041,2192,25
767,3488,11
1082,1541,11
1420,2033,4
1582,4073,2
2457,2502,3
1720,4083,6
1624,1654,2
3124,3357,3
1134,3514,3
1890,2447,4
4140,3330,3
2091,2821,25
44,3578,5
600,1009,25
970,3146,2
374,993,3
317,576,2
44,2627,4
761,2266,2
998,2263,3
778,1981,25
1260,2827,2
4066,4087,3
1236,1546,12
366,1535,25
645,2158,3
3111,3941,11
1783,1923,21
2833,3502,2
2974,3780,2
85,1620,4
3529,3862,2
2276,3613,20
2944,3603,16
20,919,2
2089,3536,2
2462,2802,5
901,1986,4
970,2199,4
1498,1997,13
2284,3195,3
1923,2753,21
1537,3469,3
97,1103,25
1945,3027,25
356,1650,3
1710,3321,3
1537,3036,3
3203,3534,3
2531,3078,3
574,1556,3
237,962,3
3594,4014,9
1119,1545,5
117,3653,25
160,2864,3
2913,3601,3
2761,3514,2
3400,3674,3
21,1123,4
1622,3643,2
1456,3529,4
106,1247,2
67,2996,16
2846,3106,16
1063,1474,20
1062,3847,4
531,3556,7
1009,1230,25
973,3312,3
2209,2977,8
3164,3621,3
2885,3758,2
1944,3663,5
970,3312,3
1433,3324,3
790,2539,4
571,2358,3
348,1555,5
2350,3660,12
67,2846,16
612,1210,3
956,3295,2
1800,3953,5
673,3347,20
1041,3659,25
757,2196,16
2192,3894,25
1092,3642,2
553,2742,2
15,1024,25
585,3769,4
995,3130,4
1024,1535,25
679,1845,3
274,2636,4
1867,3154,2
772,2451,5
1546,3989,12
1071,3919,2
679,1211,3
366,3378,25
1766,1767,3
94,1258,4
1146,3981,2
106,2753,5
3408,4081,2
2776,3591,25
1403,2633,2
2149,3881,3
3275,3763,3
204,3358,4
1148,4090,3
4111,451,3
350,1592,4
579,1340,4
988,2762,5
573,2956,4
663,2017,4
380,3660,12
1760,2230,2
753,1923,7
1159,3584,2
1134,3601,4
1475,3673,3
1,3095,3
678,3885,4
266,3317,2
1148,2664,3
439,2164,3
2320,3287,25
3164,3809,3
3283,4011,24
1209,2783,25
428,2999,11
321,2276,3
55,3284,3
68,3761,3
3578,3743,5
767,2575,11
350,3174,26
600,832,25
470,2276,23
1854,2110,2
192,3959,6
98,3124,3
1546,3273,12
1555,3872,5
1550,2575,11
1506,2192,25
668,1644,5
261,359,4
1024,1981,25
2362,2537,3
1475,3260,3
2233,3378,25
2405,3594,5
1147,2243,4
44,2753,5
3624,3853,3
66,106,5
1117,2944,16
1320,2996,16
1593,3058,3
3419,3777,2
2737,3500,2
1767,1768,3
1082,1436,11
795,2227,3
682,1314,3
302,1470,4
3322,3807,4
1419,4011,24
780,3940,2
1806,2992,5
117,1103,25
2428,3114,3
378,2985,3
240,3670,4
2800,2968,2
4122,708,2
737,3387,21
407,706,25
1314,1773,3
314,3386,3
4117,2992,5
470,673,25
3174,3297,25
2447,3415,3
1559,3789,26
600,3659,25
3096,3793,3
1192,2560,20
1945,2321,25
1113,1209,25
1873,3483,20
329,1203,2
1504,3158,2
1078,3964,4
134,3920,3
15,1535,25
246,3304,2
1182,1956,5
405,3287,25
444,1063,20
1134,2733,2
474,1387,2
3330,3995,2
2337,2915,2
15,1394,25
604,2562,4
2372,2517,4
127,2676,2
899,1381,3
1946,3260,4
3383,3553,3
2565,3683,4
564,2824,3
4129,2821,25
1509,3877,5
531,3729,7
64,1107,2
1824,3290,2
3092,3124,3
97,673,25
1014,2398,16
707,3126,15
2977,4011,8
479,2282,2
1860,2319,2
301,681,3
1209,2903,25
1173,1272,4
1474,3971,20
1048,1192,19
2965,3767,3
2276,2753,23
1160,3352,20
2301,3352,20
1429,3955,4
1535,2560,25
2192,3659,25
604,671,4
426,1113,25
1556,2731,3
1331,2245,4
569,1368,3
778,2320,25
1732,3825,4
3271,3560,8
1923,3174,21
1347,3879,3
3177,3800,2
626,2767,16
1890,3614,4
1961,3244,3
518,595,25
1062,3883,4
2402,3788,2
332,1472,3
150,3693,7
1187,3054,13
239,2196,16
1732,2270,4
75,619,2
827,1901,3
202,1264,3
805,1940,3
2001,2103,4
546,853,3
2429,2776,25
1153,3662,2
1995,3844,3
3054,3625,13
462,1326,2
2341,3367,3
239,3917,16
2860,3720,3
1048,1394,25
1014,1030,16
34,1320,16
94,547,3
737,1103,25
2004,2753,23
427,2199,3
533,3180,5
1177,2971,3
4129,2749,25
151,3674,3
1119,3387,5
2731,3553,3
1614,2031,3
26,3834,3
153,3611,3
1433,2980,3
1030,2369,16
864,3183,3
85,2582,5
580,3091,3
1009,2192,25
967,2181,3
1840,2629,2
488,1883,3
102,1798,5
514,3271,8
778,1394,25
157,1112,2
470,3347,20
1394,2867,25
1927,3999,2
1651,2502,3
1230,2780,25
157,1014,16
1128,1844,3
593,1026,3
790,2542,4
656,3415,3
595,3659,25
1190,3195,2
1051,2192,25
569,1025,3
2586,2635,4
94,3328,4
1093,2154,3
2483,3845,2
2174,3661,3
1709,3766,3
994,1193,3
1258,3385,4
1057,1353,3
238,2144,2
2267,4023,3
88,743,3
440,471,2
1537,1637,3
681,1593,3
2011,3526,4
2516,3260,4
223,3529,3
285,3663,5
1563,1636,6
1188,3903,3
464,2454,3
626,3603,16
3748,3856,3
3297,3347,20
138,891,3
1208,1653,7
168,995,2
1597,3405,3
579,3883,4
1685,3673,5
3205,3210,3
2479,2791,3
1192,3123,20
255,1779,4
4122,343,3
106,2977,5
3020,3238,3
1722,4020,12
3297,3487,25
1400,3764,3
2156,3494,2
479,1191,4
40,3111,11
497,3485,3
1546,3264,11
807,2609,3
1228,2932,2
43,2837,16
1009,2783,25
595,2091,25
724,3387,5
1292,1974,4
2517,2701,4
1535,2233,25
536,791,3
652,2027,3
2305,3134,20
117,250,24
4155,3314,2
961,3333,3
2250,3174,24
2162,3764,3
598,3894,25
1212,2891,2
568,3043,2
740,2462,5
667,1985,2
595,1113,25
2269,4081,3
2209,4007,2
1041,2903,25
15,3123,25
1042,2711,4
2753,4011,23
127,3153,3
15,2233,25
1153,1581,2
2482,3627,3
986,1329,3
1284,1438,9
1705,2515,2
3174,3418,22
961,3597,3
4101,3167,3
962,3038,3
1705,3176,3
1661,2430,4
1228,2751,3
3467,3846,4
1394,3789,27
533,1746,6
1937,2756,4
891,1667,3
673,3174,25
1106,3112,3
278,726,5
2183,3859,3
569,1187,13
338,3352,20
1541,3941,11
4135,2026,2
2299,2793,5
118,165,2
2245,3719,4
706,2233,25
1272,3038,4
1103,3347,20
2413,3520,2
213,519,2
417,2913,2
2479,3686,3
706,3123,25
439,2493,3
65,1236,12
1768,1772,3
2220,3844,3
514,1780,9
97,2753,23
807,2479,2
1213,2199,3
1177,2073,2
1638,2041,3
1078,2701,7
8,3718,5
382,1378,4
2864,3526,3
573,3344,3
1555,1619,2
2858,3286,3
1547,2629,3
1188,3673,3
1183,3629,4
67,2767,16
1103,3613,20
1590,2048,3
778,3378,25
1015,2792,3
2321,2560,25
1024,1485,25
2753,3526,3
2593,3827,3
899,3164,3
2890,3142,4
2447,2514,4
2864,3652,3
1301,2643,2
777,3033,3
1296,3921,4
596,2446,20
1188,3260,4
841,2105,2
1103,3174,26
420,3186,5
1192,2776,20
3213,3412,3
2235,2861,3
661,1917,4
3616,4073,4
1746,2571,5
2277,2452,7
1488,1768,3
3747,4064,4
2944,3106,16
366,1981,25
2284,2334,2
407,2233,25
306,1276,3
2248,3273,12
2815,3599,2
1945,1981,25
581,3594,9
742,3955,3
341,1946,2
302,3125,4
2230,2627,3
2001,3844,4
2746,2828,3
1710,4022,2
2276,3653,23
2690,2862,4
671,2550,7
1295,3127,11
569,616,13
85,1720,5
1261,2733,2
510,2237,3
827,1224,3
444,1031,20
317,3703,4
1485,2776,25
1917,2721,4
1343,2725,5
2885,3258,2
1673,3244,2
264,3606,4
293,2417,4
1939,3476,3
69,3718,5
1939,2899,3
970,3827,4
142,2939,3
2446,3971,20
63,2727,3
409,2284,2
596,2013,20
1394,2776,25
832,3894,25
807,2128,3
598,832,25
97,2276,23
518,2192,25
94,1937,3
1009,1041,25
2301,2446,20
3081,3123,25
518,1999,25
65,2750,3
2263,3635,4
1561,2753,4
1340,3883,4
1981,3789,27
995,2917,4
1107,2271,4
1731,2169,2
444,2013,20
1867,2985,2
3347,3578,5
865,1946,3
1441,3386,3
2048,3748,3
1153,3400,3
424,1230,25
2091,2903,25
1888,3848,3
2161,2898,8
958,3147,2
2235,2320,4
2516,3374,3
2428,3723,3
3465,3673,4
1653,2341,7
693,3893,4
338,596,20
4136,604,3
1945,2867,25
707,711,4
1065,3934,6
178,1988,3
315,1342,3
407,3591,25
753,4011,8
1074,2862,4
1063,1873,20
1724,3006,2
1410,3807,3
2998,3916,16
1675,2967,2
1561,3347,4
2701,3634,7
302,3787,5
289,2944,16
1682,3773,2
1841,3284,4
1103,2004,26
1937,3593,3
3287,3789,26
1191,3832,4
823,2744,16
350,2753,23
166,578,3
1128,4024,2
2664,3405,3
840,3511,3
3661,3673,5
696,1952,2
981,1901,3
985,3400,3
2220,2844,3
350,1419,26
741,1643,3
407,3081,25
1974,2747,3
866,3716,3
97,3951,25
1180,4056,4
97,737,25
1594,3635,2
71,3448,3
301,2415,4
1048,1535,25
4129,1506,25
1225,3252,3
153,1867,3
1482,2039,4
792,1329,3
319,3883,4
2609,2731,2
1412,1894,3
546,3114,3
2664,3267,3
2472,2753,3
1433,1437,2
1169,3789,25
1187,3491,13
673,3487,25
1436,1541,11
1946,2046,3
2056,2127,2
441,1093,3
604,2308,3
253,2235,4
4141,2029,2
1048,3287,25
547,2203,4
1733,2493,2
2776,3081,25
97,3387,21
1923,3315,7
1688,3419,3
1383,1853,2
366,3168,25
88,1099,3
89,1541,11
338,2301,20
15,3789,25
701,3008,4
528,3149,3
778,1192,20
2161,3179,8
258,1225,3
131,2250,4
112,1173,3
3764,4047,3
1722,3400,4
1068,1577,2
585,1451,4
2368,3955,2
2192,2903,25
1535,1559,25
1941,3919,5
263,3336,2
15,1981,25
1364,3750,3
742,2284,3
3315,3418,7
746,755,2
1283,3654,2
1869,2063,3
1657,3588,5
88,2636,4
1732,2660,4
2447,3614,4
742,1926,3
516,2102,2
2089,2612,4
802,840,3
1635,3511,2
330,1665,4
1550,2278,11
1024,1559,25
2587,3905,4
1053,1058,5
3134,3352,20
2392,3669,4
468,2562,4
807,2753,3
1132,3683,4
1226,1485,25
405,778,25
521,3448,2
1330,1466,2
1627,2371,2
1675,1725,2
3858,3903,3
3203,3228,3
2560,2776,25
3502,3905,4
405,3081,25
3418,4011,20
67,1117,16
380,1099,10
2991,3298,2
1224,2134,3
600,1113,25
919,3322,5
172,3710,3
1160,1474,20
409,2811,3
471,2112,3
462,703,2
594,1439,4
2753,3613,20
593,2417,2
1272,2238,4
1563,3965,5
856,2502,2
3163,3932,2
250,1923,21
161,2964,5
2936,3264,4
2560,3168,25
1304,2457,2
1030,3935,16
2452,3517,7
2233,2429,25
2737,3124,2
153,827,3
1707,2276,7
595,2192,25
1447,3587,2
3613,3668,4
1051,3894,25
1284,1335,9
778,3081,25
3653,4011,24
824,1284,9
2816,3546,2
2731,3383,3
24,1127,4
1472,3611,3
423,1937,4
941,1191,3
1219,2643,3
2066,3613,4
2321,2776,25
1823,1833,3
2668,3903,2
1555,2230,3
2237,3192,3
44,2918,4
34,3106,16
250,1546,4
219,3284,3
706,1485,25
3136,3703,4
1113,3659,25
931,1545,5
395,3848,3
1378,2188,4
21,2089,4
1134,3511,5
1176,2426,3
1863,2566,3
1230,2903,25
428,1914,2
1824,1883,3
1812,2890,2
369,3176,3
1513,3418,5
411,3467,4
1169,2560,25
2447,3531,4
1774,3364,2
1274,2405,5
604,695,3
1187,1997,13
1433,3183,3
1446,2941,6
426,832,25
1226,2776,25
833,3347,6
841,2835,3
366,706,25
14,864,3
2299,2330,5
1048,3123,25
354,3273,12
1099,2711,9
1092,2855,3
382,2188,4
1277,3347,5
66,3327,5
2756,3463,2
117,3347,20
1932,2592,3
1572,3503,3
3172,3934,6
737,3418,22
670,848,3
1841,2245,4
2776,2867,25
459,2199,3
1400,1571,4
827,3256,3
66,1923,5
2846,3603,16
737,3174,25
919,2175,5
1901,2850,3
1113,1506,25
737,3297,23
1732,1890,3
27,2163,5
153,332,3
1884,1971,2
44,3743,6
8,3520,2
102,2462,5
424,832,25
15,1945,25
4129,1209,25
1442,2175,4
0,2407,3
611,3095,3
1200,1708,3
911,3467,4
1981,2776,25
1530,4010,3
750,3816,2
428,2457,3
1188,2383,2
2250,3487,24
305,2708,2
510,3192,3
1099,2350,10
1492,3487,5
3318,3625,13
4105,724,5
1103,3418,22
15,2560,25
251,1453,3
206,1268,2
3487,3951,25
1353,3774,2
763,2991,4
2130,2974,4
2372,3260,4
581,3100,9
3307,3482,10
444,1873,20
148,845,2
179,186,4
1888,3172,6
977,3387,5
1295,1512,11
147,1370,3
2041,3480,3
1169,3287,25
1048,3027,25
518,1506,25
2749,2780,25
2550,2977,8
762,2860,3
1520,2668,4
946,3508,4
1671,1771,4
1226,3288,25
3360,3468,3
12,1412,3
2130,2637,4
1509,1898,5
1485,3288,25
2996,3603,16
1546,3859,3
1103,3283,26
265,1654,2
752,1881,3
331,707,4
1474,2013,20
833,2250,6
171,837,4
737,1419,25
2126,3955,3
541,836,6
3806,4053,2
2182,3173,11
103,3769,4
737,2250,24
1604,3933,2
3558,3788,3
15,366,25
2320,3081,25
2844,3330,4
395,1092,3
778,2429,25
598,2192,25
338,1160,20
1454,2334,2
2768,4071,2
1783,3174,26
2227,3115,3
1191,3214,3
3613,3760,4
1235,1758,8
366,1192,20
526,2419,4
317,3250,3
117,3174,25
2205,2284,2
1173,3038,4
996,2896,5
2103,3548,3
350,3613,20
357,3903,2
2311,2864,2
1180,2387,2
395,3629,4
1999,2749,25
1711,3868,2
4129,426,25
3260,3415,4
2971,3817,3
832,1051,25
266,1453,2
1765,1768,3
1532,3492,3
2266,3544,3
1074,2690,4
202,1560,4
1932,2930,2
236,3514,3
1765,1985,2
407,1169,25
1264,3697,5
1997,3603,13
1413,4053,5
65,1078,3
3027,3168,25
357,482,2
1512,2358,3
117,833,6
1065,3486,6
253,733,3
1371,3019,4
690,862,3
487,2637,3
738,2767,16
2251,2995,20
4129,3659,25
467,1555,2
2550,2947,7
1888,2898,8
2273,3031,3
2209,2550,9
538,2222,3
1284,3594,9
67,289,16
184,3510,12
1103,1419,26
889,3578,3
1030,2744,16
590,2305,20
407,2560,25
545,547,3
861,1300,3
1015,1199,3
94,934,2
3347,3951,20
1160,2995,20
1614,3809,2
1145,1597,3
1665,3965,3
1039,2756,4
163,955,3
423,3881,3
2820,3386,3
635,3159,2
918,1078,2
2549,3488,11
605,2961,11
1226,3168,25
799,2048,3
1485,3378,25
914,3629,4
2627,3635,4
832,1113,25
3041,3407,4
106,1824,5
87,818,3
1134,2613,5
807,1974,3
1939,3936,3
1946,3955,4
2998,3126,16
746,2874,3
2196,2398,16
902,1714,4
4129,2780,25
244,3445,2
4101,3686,3
380,2711,10
87,3255,2
1153,1601,3
3407,3959,5
387,757,16
347,3514,3
1774,3811,2
3788,3848,3
1018,3782,12
2004,4011,24
2886,3449,2
1177,2901,3
2339,2613,5
157,707,15
741,2840,3
428,4020,11
1209,2821,25
1981,3287,26
706,1945,25
979,2249,2
331,2074,4
842,2055,3
806,1760,2
1144,1899,3
4107,2002,4
1230,3894,25
366,2776,25
3193,3358,3
3238,3353,3
4117,2734,5
785,1780,8
1108,1293,4
85,729,3
239,3126,16
447,1136,2
626,2837,16
827,2385,3
737,2004,25
1940,2069,3
608,1869,2
1453,3058,3
1470,3919,4
757,3917,16
3641,3754,5
2320,2321,25
635,2054,3
117,737,25
1836,3325,5
1078,2750,3
1078,1733,7
2074,2341,3
1641,3603,13
161,1570,5
3768,3862,2
1896,2751,3
910,1841,2
442,2101,3
1597,2691,3
293,3357,3
2057,2753,3
1512,2634,11
1192,1226,20
1264,3777,3
3535,3755,2
2095,2289,2
594,1446,6
1322,2352,2
2278,2575,11
1535,3123,25
2635,3191,4
2278,2549,11
1506,3659,25
1328,2936,4
3629,3853,2
2263,2901,3
757,1014,16
43,3106,16
426,2821,25
3130,3246,4
1078,2204,2
2046,3104,2
1478,1731,2
326,3357,2
629,2556,3
1018,2961,12
3858,4012,3
2128,2148,3
1641,3318,13
1563,4083,6
795,3115,3
516,2657,2
123,394,4
332,865,3
483,1738,2
2263,2627,4
1048,2320,25
2637,3326,2
1923,3613,19
420,3462,5
740,2802,5
2128,4031,2
1099,3510,10
87,2155,2
1711,3933,2
3043,3248,2
354,1722,12
598,2821,25
15,1048,25
3487,4011,24
3065,3270,2
1226,2321,25
542,3355,3
1226,3081,25
190,983,3
656,1585,4
2338,2526,3
868,1509,4
350,1783,26
528,3721,2
106,1823,3
909,2235,3
1841,3293,4
4132,1142,2
715,1546,2
1036,2949,3
3238,3877,3
2277,2341,7
289,626,16
698,3898,3
67,3106,16
2627,3611,2
1892,3862,2
157,3126,16
707,1014,13
656,2483,4
919,1069,2
2780,2783,25
997,3926,5
1953,2023,2
67,626,16
605,734,4
430,2268,2
2063,3981,3
1758,1888,8
531,3693,7
718,1473,2
604,3968,3
3274,3763,2
679,3851,3
1268,3537,2
2245,3062,4
2330,2793,5
1293,3936,4
62,3391,2
2163,3601,3
3387,3400,4
1600,2453,3
122,2182,11
3839,3888,3
1331,3780,4
1550,3173,11
4140,2128,3
1441,2885,2
605,3782,11
3054,3603,13
837,2890,4
1428,2065,2
479,3881,3
1419,3418,22
424,600,25
190,247,3
496,1665,4
15,778,25
179,2507,4
16,2721,3
2022,2466,5
1956,2762,5
187,3067,2
2863,3387,2
2089,2886,4
2279,3380,2
823,3126,16
2164,3144,2
2767,2837,16
1883,3293,3
2355,3593,3
462,1311,2
2517,3260,4
1512,2806,3
69,3953,5
2867,3081,25
2575,3173,11
2493,3381,2
837,3142,4
592,1046,2
1401,3628,3
1625,1751,3
379,564,4
1041,1113,25
2964,3264,4
679,2777,3
85,2143,2
1021,2105,2
742,3195,3
516,3506,3
4105,2287,8
536,2009,3
240,3527,2
707,3227,4
65,4020,12
2128,3955,4
1714,2122,3
1407,3271,8
1061,2432,4
444,3483,20
1295,1541,11
1559,3288,25
3179,4043,8
905,1162,2
88,3744,2
2783,2903,25
97,3297,25
1535,3789,25
2091,2783,25
1476,1955,3
3036,3469,3
931,3400,4
1048,2867,25
778,1169,25
1038,4001,4
1641,3054,13
599,791,2
2305,3231,20
1331,3719,4
1470,3592,4
3556,3693,7
479,2134,3
88,3508,4
1657,3964,5
3521,3651,2
2182,3488,11
3576,3991,2
2567,2625,2
2918,3663,4
596,1160,20
465,2709,3
2258,3031,3
59,3924,3
3448,3558,4
1474,2251,20
1043,3601,2
1966,3673,3
1365,2936,5
1732,3823,4
2128,2798,3
55,3763,2
236,1760,3
994,4025,3
3352,3483,20
1513,3663,5
509,2627,4
1838,3239,5
2321,3123,25
2130,3501,5
2039,2947,7
1051,2783,25
1063,3352,20
2808,3745,2
905,2106,3
897,2205,2
239,2998,16
2101,4042,3
954,2152,2
1513,3727,5
417,2585,2
239,2398,16
2042,2593,3
293,2466,4
1636,4083,6
832,2903,25
1169,1945,25
3503,3845,2
444,2995,20
302,2089,4
1180,3502,4
1886,2733,3
67,169,16
387,2998,16
106,799,3
1758,3179,8
4122,2445,3
283,2287,8
1057,1312,3
1720,3965,5
1923,2250,21
2001,2762,2
2681,3651,2
3228,3534,3
970,3914,2
612,2367,3
573,3844,3
3111,3127,11
1649,3924,3
239,1030,16
4143,1554,4
2321,2867,25
2201,3387,2
3404,3966,2
1946,3344,3
1682,3616,3
2071,3512,3
2189,2278,11
426,600,25
348,2677,5
224,1727,2
315,2371,3
1132,2565,3
2475,4053,5
2004,3297,25
2284,2828,3
1873,2446,20
1556,2599,3
382,2067,4
3760,4086,4
973,2011,5
354,2248,12
2468,2755,2
240,2411,4
1594,2498,3
34,1117,16
767,3173,11
446,2263,2
218,374,4
2220,2957,4
1655,2447,4
1600,3514,3
549,1933,3
89,3111,11
3264,4020,11
2643,3122,2
424,595,25
1061,2259,4
3041,3415,3
807,3734,3
676,2731,2
1860,2614,2
428,3327,3
2238,3038,4
2169,2355,5
598,3659,25
2074,3660,5
2429,2867,25
556,1014,16
718,2231,2
767,1550,11
19,3981,4
788,3132,2
1265,3043,3
420,749,5
1206,3091,3
3047,4086,3
674,2415,3
497,2992,5
187,1766,3
590,1160,20
1401,3844,3
865,1714,4
500,2701,2
1888,4043,8
2787,3734,3
3126,3935,16
1766,3185,4
1909,3388,4
2109,3307,9
387,707,15
703,2469,2
34,2837,16
2144,3494,2
2201,2701,7
4111,2237,3
2868,3881,3
1812,3990,2
1536,2047,3
1760,3465,3
2516,3673,4
891,2186,3
44,384,3
395,3788,3
2301,2995,20
2483,3415,3
753,3315,9
3916,3935,16
1154,1212,2
74,1613,2
985,3840,3
1026,1251,4
1729,2465,4
1640,2129,3
226,3386,3
427,1213,3
1024,3081,25
253,2144,3
866,3568,3
360,1347,3
1702,3647,3
1271,3846,2
1130,3628,3
263,681,2
2204,3723,5
2637,3301,3
970,3526,4
54,1830,5
3318,3491,13
579,1062,4
200,2612,4
289,2846,16
1989,3461,3
2637,3161,3
1226,2429,25
236,1901,3
3322,3958,5
3174,3487,25
1361,2943,2
84,3177,2
1983,3185,5
673,1923,21
454,1427,2
779,1472,3
420,1898,5
598,2091,25
2302,3587,3
823,1014,16
150,3964,3
1462,2628,3
2875,3046,3
2133,2562,4
40,3941,11
2255,3884,2
816,1607,4
59,3515,2
1808,1862,3
296,1280,2
4129,424,25
1331,2637,4
1661,1915,4
1623,2753,3
2484,3942,4
785,1034,8
2837,2846,16
2861,3347,2
1783,2753,23
3756,3923,3
251,3128,4
673,1783,25
1024,1169,25
1320,3603,16
1160,3483,20
701,1354,4
382,3674,3
596,3971,20
1546,2183,3
569,1495,3
746,2373,5
2821,2903,25
497,2502,3
122,2189,11
2063,3800,2
1292,2787,4
454,3777,3
1718,2157,3
1566,3415,3
941,1962,2
3902,3921,2
338,444,20
2031,2272,3
2516,3415,4
3510,3660,12
153,3312,3
556,2998,16
1063,3483,20
518,3894,25
640,2245,3
979,4010,3
2103,3844,4
2751,3578,2
2002,3617,4
831,1509,5
2536,3269,2
2784,3527,2
1192,2018,4
366,407,25
1923,3347,19
2837,3106,16
2797,3275,3
3203,3264,3
94,956,4
2055,3970,3
1786,3800,4
419,3747,4
1015,2487,3
2477,3282,2
3079,3756,3
1394,3168,25
1614,3882,2
1108,2340,4
122,3173,11
514,1367,8
461,2367,2
514,1034,8
1571,3465,4
3168,3591,25
2250,3283,24
351,673,3
2091,2192,25
1506,2783,25
239,2369,16
196,283,8
757,3126,16
317,2466,3
15,405,25
163,2473,3
29,2649,2
1081,2612,3
1757,3673,3
1099,3922,10
481,995,3
1550,2189,11
4101,2210,2
1024,2233,25
360,3879,3
2372,3673,4
65,3876,3
1170,3214,3
97,4011,24
2627,3222,2
137,3601,4
3718,3953,5
1050,1472,2
3588,3964,5
350,3283,26
866,2932,2
546,1614,3
2484,3252,4
866,3699,2
1722,3374,3
1535,3287,25
204,2798,2
1482,1593,3
3347,3387,20
1122,1438,9
100,3768,2
3307,4014,10
1981,2321,27
1200,3010,3
697,3807,2
518,600,25
1353,2244,2
4148,1387,2
393,484,2
1269,1800,3
2373,3180,5
1328,2964,4
962,1173,3
1682,3961,2
1960,2720,3
338,3971,20
1940,3472,4
1625,2613,3
1783,3487,25
1419,2250,24
782,2266,3
1070,3868,3
1732,3268,4
3521,4015,2
1981,3288,25
1983,1985,3
1823,2647,2
43,1320,16
2432,2551,2
112,3036,3
556,707,15
866,1453,3
988,2338,5
3614,3826,4
1400,2392,3
2395,3307,10
1767,4076,2
2794,3856,2
2128,2753,3
2446,3134,20
2301,3971,20
426,3659,25
250,1103,24
531,4030,7
3288,3378,25
2995,3231,20
816,2576,3
2867,3591,25
1723,1724,2
184,3922,12
4129,1230,25
1226,2867,25
366,3288,25
94,2681,2
2320,3091,3
1798,2462,5
89,3941,11
3124,3686,3
3347,3613,14
722,1225,3
1559,3378,25
382,2611,3
3701,3805,3
2539,2542,4
2672,3796,4
2123,4030,7
374,3214,3
594,2262,4
1264,1453,4
1825,3036,3
2322,3954,3
2398,2744,16
2301,3231,20
1194,2182,11
1682,3546,3
1485,3027,25
1295,3941,11
28,2365,2
1741,3927,3
2250,2276,23
250,1419,24
2263,3907,2
948,3175,2
3691,3754,5
2744,3126,16
600,1041,25
63,921,3
656,1400,4
3732,3779,2
190,2414,2
1268,2457,3
892,2139,2
907,3766,2
866,3697,4
2074,2711,5
2129,2543,2
1024,3168,25
1690,1987,3
1623,2472,4
2176,2362,2
2811,3568,2
979,3548,4
406,2339,2
590,1474,20
1063,3971,20
1546,3387,4
250,3283,24
384,3347,3
2846,2996,16
332,1892,2
3231,3483,20
673,1423,2
1638,3333,2
1228,1896,3
1400,3211,2
1024,3378,25
1053,1359,5
518,1113,25
3588,3820,5
2457,4015,2
1230,3659,25
63,980,3
1783,3418,22
1030,2398,16
518,1051,25
866,2019,2
681,3058,3
987,1711,2
447,2440,3
3358,3369,3
407,3378,25
1241,2346,3
151,1153,3
403,1251,4
2013,2301,20
609,2551,2
1274,3594,5
536,1180,2
3620,4086,4
827,2157,3
172,2130,3
3353,3877,3
2276,2947,7
1073,2263,2
97,3653,25
2875,2935,4
590,1063,20
97,674,2
470,2753,23
1498,3318,13
428,2502,3
236,1366,2
1031,3483,20
1474,3134,20
1760,2912,3
1571,2516,4
1226,3378,25
441,1966,3
154,2483,3
3287,3442,4
545,1937,3
579,768,3
1025,1368,3
694,3686,2
1676,3546,3
1140,2507,4
1235,2161,8
1172,2977,2
3211,4073,3
656,2516,4
356,3715,2
1257,2864,4
2312,3502,2
4115,1815,3
1593,2415,3
2063,2245,2
407,3789,25
3132,3805,4
833,3613,6
252,421,2
738,3106,16
2223,3903,3
973,3827,5
350,2004,26
518,1009,25
1461,2220,4
970,973,4
3169,3250,2
1235,3179,8
250,3653,24
2327,3549,2
1561,2957,2
258,638,3
1739,2040,4
387,2369,16
1755,2911,2
1537,3577,3
40,1082,11
1103,3653,25
3159,3428,2
2486,2657,2
1331,2130,4
1541,3111,11
2979,3125,4
2174,3664,3
1780,3271,8
3205,3503,3
1145,1480,3
581,1122,9
331,711,5
1940,3154,2
1174,1784,3
15,3287,25
1863,3154,4
155,3479,5
15,1192,20
2740,2757,3
1535,3027,25
3510,3922,12
1512,3941,11
292,2002,2
829,3015,3
115,3121,3
166,2235,4
1783,3297,25
40,89,11
2016,2701,7
44,66,5
1135,3055,2
1614,3934,2
1290,2148,3
15,3288,25
1692,2934,3
153,1016,5
656,4073,3
395,914,4
1041,2091,25
325,827,3
3418,3653,22
1009,2749,25
763,1080,4
1268,1643,2
423,547,4
2483,3365,2
799,2201,7
2004,3613,20
1024,1048,25
250,3418,22
804,3946,3
3252,3942,4
1048,1945,25
1123,2612,4
1845,3851,3
374,2054,3
1644,3185,5
471,2235,3
550,941,2
150,745,3
1460,3584,2
1512,3127,11
15,3591,25
1815,2777,4
122,1194,11
1009,2903,25
186,1140,4
2319,3881,3
444,1160,20
3635,3795,2
190,3853,3
2149,2690,4
2209,4011,8
87,2616,2
1365,1570,5
1800,3578,3
1943,2266,2
946,1257,4
1284,2109,9
2140,3832,4
1614,2502,3
4105,196,8
2560,3081,25
94,3125,4
2560,3287,25
1780,3560,9
832,1209,25
409,2076,2
1901,3599,3
2031,3520,3
1014,3935,16
706,3027,25
2477,2939,3
3283,3347,20
1230,2749,25
2277,2952,7
387,556,16
2162,3412,2
3159,3426,2
562,737,3
1773,3416,3
1550,2549,11
140,816,2
978,2731,3
815,3125,4
34,2767,16
2867,3287,25
2635,3018,4
1226,1559,25
2169,2896,5
65,1724,3
673,3418,22
15,1485,25
2455,3597,2
790,2537,3
3400,3840,4
504,3125,4
1746,2602,5
338,2305,20
273,2535,2
1488,1689,2
850,1135,3
3653,3951,25
1411,1902,3
444,2251,20
15,2321,25
1783,3613,20
103,2453,5
683,1766,3
2692,2725,5
1733,2201,7
2250,4011,24
1383,1472,3
988,1182,5
673,2004,25
4154,949,3
1747,2861,3
669,1479,4
2898,3934,7
1471,1596,3
3143,3167,2
3146,3520,3
1815,1845,4
2209,2276,8
1641,3087,13
616,3318,13
569,3318,13
1593,2686,2
153,1555,3
2057,2472,4
350,1103,26
2446,3231,20
1659,2612,3
1056,2069,3
894,2823,3
190,3263,2
1951,1998,2
954,1773,3
1945,2320,25
1419,1923,21
2430,2922,2
233,3091,2
1063,1160,20
3087,3318,13
395,1368,3
579,2354,2
287,315,2
2533,3558,4
1438,3307,9
746,3937,5
3699,3976,2
1074,2149,4
1024,2429,25
4140,2798,4
1506,2091,25
106,1946,3
538,3526,2
3715,3807,2
816,3881,2
4129,2091,25
65,2248,12
1433,3780,4
1090,2417,3
339,3209,3
673,2276,23
3037,3622,2
1146,2243,4
319,1062,4
470,3283,26
428,1546,11
407,1981,25
757,2398,16
65,3273,12
604,3492,3
1009,3659,25
3669,4047,3
376,2985,3
1954,3046,3
420,1509,5
1546,2999,12
1306,3816,3
2341,3517,7
1864,2226,2
332,2122,3
3347,3653,20
2405,2745,2
2123,3556,7
2321,3789,27
268,2412,4
3054,3318,13
470,737,25
2886,3500,4
1382,3472,4
2350,3922,12
569,1202,3
497,1806,5
801,3511,2
4112,1036,2
3051,3291,3
2002,2803,2
2731,3609,2
1641,3491,13
1274,3155,5
707,2744,15
192,833,6
1440,2284,3
2163,2725,5
250,3174,24
1394,3288,25
1926,3955,3
2890,3601,2
612,3204,2
786,3112,3
547,3340,4
952,1829,2
1113,1999,25
1438,3165,9
4142,1544,3
44,1513,5
97,470,25
1169,2776,25
4127,2025,3
2320,2560,25
163,1515,3
7,1216,2
1224,3881,3
192,3407,5
345,999,4
1051,1230,25
668,1766,4
1842,2733,3
1730,3418,5
239,387,16
60,1784,3
2317,2708,3
360,3924,3
3106,3603,16
122,3488,11
2452,2952,7
2287,3387,6
921,2284,3
673,2550,6
2600,2635,4
1169,2320,25
1945,3288,25
1027,2924,3
1286,2948,4
1387,2709,2
1003,1240,2
2995,3352,20
1014,2369,16
2654,3641,5
85,2159,3
3079,3923,3
1512,3111,11
444,1474,20
1150,2355,2
1722,3989,12
746,3180,5
2594,3843,3
581,1438,9
824,4014,10
954,1314,3
952,1709,3
1262,2890,3
1387,3730,2
1492,3347,5
778,2321,25
1009,1506,25
1535,3591,25
512,2442,2
1474,1873,20
139,2977,3
3613,3620,4
1793,3290,2
250,470,24
2164,2493,3
1485,3123,25
833,3743,6
604,1532,3
489,1611,2
1824,3293,3
679,878,3
236,1704,2
2148,3942,2
4142,3571,3
2795,3387,4
1923,3653,21
1883,3739,2
1732,3664,3
297,2284,3
2629,3101,3
600,1230,25
707,2998,15
3168,3378,25
2112,2930,2
1412,3601,2
824,3594,9
2251,3971,20
3155,3560,8
1022,2388,2
1766,3506,3
1140,2074,4
155,3325,5
528,1537,3
1841,3062,4
3732,3780,3
420,1984,5
163,533,3
1768,2431,2
2823,2940,2
1986,2778,2
770,2151,3
678,2136,4
2635,3905,4
3165,4014,10
3546,3616,3
1194,2189,11
2482,3358,3
1945,2233,25
1063,2901,3
541,594,6
1766,1985,3
1461,3250,3
3203,3208,3
1659,3222,3
2957,3250,3
240,3832,4
1274,3683,2
1407,3980,2
1923,3387,20
1031,1063,20
671,2947,7
462,1838,5
71,2708,3
1566,4054,3
1551,2264,3
1714,3844,3
3712,3753,2
169,2996,16
1346,1628,3
1122,1335,9
2084,3780,3
1226,1394,25
3287,3288,25
1188,1778,2
556,2196,16
2804,3536,3
864,3958,4
147,2869,3
2867,3168,25
671,3418,7
2245,3020,4
1442,3618,3
3673,4051,3
424,1506,25
1937,3924,2
931,3840,5
3260,3400,4
332,1886,2
1997,3054,13
3651,3985,2
857,2935,4
1901,3394,3
1034,3155,8
651,2672,4
87,3355,3
338,2995,20
806,1950,2
1598,3228,2
183,3853,3
1693,2816,2
366,1024,25
919,1410,3
711,1140,5
1694,1857,3
807,2122,3
1453,2576,3
187,3506,3
816,4020,4
354,428,11
405,1535,25
1714,2661,2
103,1078,4
2089,2440,2
1574,2002,2
1442,2499,4
1760,2378,3
514,2513,8
3034,3058,2
2657,3404,2
258,3252,3
1048,1981,25
381,2453,3
1160,1873,20
1567,2440,2
1641,3312,13
2321,3081,27
306,2401,3
1479,2135,3
3060,3157,2
3179,3934,7
1824,1923,5
366,778,25
96,726,5
596,1031,20
742,2126,3
2204,3529,3
595,3894,25
451,510,3
851,1165,3
67,1320,16
202,2709,3
1166,2638,2
233,2879,2
2277,3517,7
1472,2266,3
799,2016,7
1657,3820,5
687,1077,4
528,1300,3
2135,2465,4
673,1419,25
299,1879,3
2099,2562,4
2258,2709,4
1082,1512,11
1535,3168,25
265,2202,3
1485,2429,25
1299,2105,2
441,2154,3
356,4020,4
125,966,3
1146,3161,3
2634,3941,11
192,3347,6
3174,3347,20
2562,3968,3
77,1268,3
1951,4001,2
1413,2475,5
778,2560,25
1400,3400,4
1836,3479,5
150,531,7
44,285,5
1180,2974,4
3209,3981,3
2232,2957,4
2341,2952,7
426,2091,25
2398,3935,16
2502,3150,2
2301,3134,20
1592,4011,4
2429,3789,26
3098,3886,2
671,2039,7
673,2667,2
117,1492,5
3186,3462,5
1873,3231,20
1027,1650,4
2350,3782,12
2776,3168,25
2188,3674,3
671,2133,4
2278,3173,11
979,1530,3
785,1407,8
666,2531,3
1113,2821,25
407,3123,25
3407,3657,3
653,4069,3
1945,3168,25
1180,3710,3
769,3155,8
2847,3474,2
832,2780,25
2562,3748,4
339,2593,2
1481,1689,2
4109,1453,4
513,2167,2
1103,2276,23
2078,3387,2
1644,1983,5
825,3981,3
2536,3267,4
1099,3660,10
2560,3591,25
130,3216,2
1903,3214,3
985,3843,3
1622,3617,4
380,1018,12
2771,2811,3
85,1665,4
402,1705,3
3283,3418,22
1226,3591,25
2066,4086,4
31,1600,3
2353,2502,2
569,3054,13
1194,3488,11
339,3981,3
824,2395,10
423,2756,4
1755,2502,3
767,2189,11
1251,2271,4
407,2776,25
2245,3284,4
394,915,4
117,2276,23
87,281,3
190,2069,3
157,3917,16
3743,3959,6
1523,3584,2
1048,2429,25
234,4025,3
616,1498,13
1419,3487,25
1535,2867,25
1177,2586,4
1997,3491,13
145,3792,3
2228,2817,3
1177,3018,4
1999,2783,25
787,3225,3
1065,1384,6
3127,3941,11
1950,2577,2
424,3894,25
556,3126,16
598,2749,25
1048,3168,25
267,2282,3
513,2358,3
243,1729,2
3095,3695,3
673,3387,21
539,3758,2
2417,2466,4
978,3553,3
1243,3455,2
865,902,4
1129,3058,2
680,3301,3
509,2263,4
531,816,2
3260,4053,4
443,1359,5
1191,2149,3
424,426,25
1295,1436,11
824,1335,9
1740,3958,4
1920,2130,5
1031,3231,20
2098,3017,2
1474,2995,20
927,2026,2
1797,3599,2
1035,1176,3
250,3487,24
1244,2823,4
791,2228,3
289,2837,16
313,3043,3
1078,2453,4
3866,3937,2
538,1537,3
1498,3054,13
3081,3591,27
737,1783,25
2233,2560,25
376,378,3
1739,2258,4
2098,2913,4
3264,3273,11
1766,1768,3
1596,1821,3
1051,2780,25
302,956,5
1062,1749,2
350,2276,23
806,2960,2
462,1000,2
1506,2821,25
2223,3529,2
1009,2821,25
2398,2998,16
1014,2998,16
426,518,25
546,1370,3
405,1226,25
338,1474,20
645,3809,3
1236,3264,11
941,1170,3
1063,2305,20
4136,2308,3
471,941,3
1771,3503,4
518,2091,25
2013,3971,20
15,3027,25
127,3587,3
460,1547,2
814,1984,3
1277,3743,5
426,1041,25
1689,2502,3
569,3625,13
2809,3251,5
1559,2867,25
1128,1472,2
1134,1450,3
767,2549,11
778,1226,25
1453,3716,3
302,3222,4
1923,3487,21
3126,3917,16
4109,781,3
690,863,3
3168,3287,25
464,982,3
175,1440,3
155,1878,5
2157,3360,3
1488,1982,3
1419,3613,20
2186,3558,3
3283,3487,25
3124,3549,2
758,2864,4
1419,3653,25
950,3970,4
1238,2378,4
2270,3823,4
2890,3528,2
447,2266,3
1230,2091,25
2004,3418,22
761,1015,2
2330,3382,5
2457,2607,2
94,1038,4
3556,3729,7
1114,1790,2
3260,3661,4
742,2699,3
2372,3400,4
366,3123,25
1653,2952,7
1041,2821,25
153,3723,5
196,3813,8
740,1260,2
4111,510,3
1078,2016,7
1808,3503,3
790,3667,4
169,626,16
556,2369,16
2320,3288,25
1177,2438,3
2977,3180,5
31,3727,4
2999,3989,12
190,2203,3
380,605,11
3418,3951,22
2128,3526,4
514,769,8
1974,2148,3
1332,3161,2
2751,2931,2
803,1761,3
600,1999,25
906,3701,3
2223,3433,3
3641,3685,5
2250,3653,24
547,3160,4
651,3796,4
2395,3594,9
267,1287,3
169,2846,16
3526,3652,3
1365,1905,5
54,3239,5
330,496,4
673,3297,25
1082,1295,11
15,1559,25
982,2454,3
1559,2233,25
43,169,16
1972,2955,3
979,3000,2
2284,3631,2
670,3412,3
380,3510,12
112,2802,3
1559,2429,25
1024,1192,20
1966,3597,3
2514,3684,5
1888,2161,8
729,2972,3
2196,3916,16
239,3916,16
783,3571,3
1913,3807,3
2861,3686,3
2129,3250,3
3780,3926,5
1204,1395,2
424,1113,25
1024,2776,25
36,3661,5
4123,3940,2
1320,2767,16
681,3467,3
426,1230,25
56,3839,2
785,3155,8
447,1635,2
267,3304,2
1078,3588,4
552,1149,2
2780,3894,25
556,3935,16
1169,3378,25
2738,2901,2
468,1892,2
1841,3867,2
1248,1877,3
1284,3100,9
1722,3273,12
169,3106,16
192,3743,6
31,2981,4
302,3919,4
828,1931,3
2031,3919,3
2022,2977,3
1018,2711,10
1225,3014,2
1987,2072,3
1535,1981,25
19,2063,3
2098,3633,4
784,857,4
985,3578,3
605,1099,10
2420,3167,3
500,2066,3
1457,2063,3
1488,1766,3
1946,3844,3
1815,2754,2
1671,3503,4
945,2678,2
1361,3578,3
213,782,2
802,3511,3
1103,3387,21
1103,3297,25
1923,2367,5
3529,3611,2
1749,1816,2
1180,3330,3
746,3498,5
1909,1987,2
3810,3913,3
693,2104,4
479,1241,4
407,3287,25
845,3920,2
2977,3253,2
1518,1767,3
361,3578,3
687,2959,5
1779,3649,3
2067,2188,4
141,836,6
1665,3890,3
1031,3134,20
3123,3288,25
2004,3174,26
1384,3172,6
15,2776,25
2305,3483,20
1063,2446,20
1128,3400,3
1031,2446,20
1160,2013,20
1004,3119,2
8,3953,5
3387,3418,20
1635,1911,2
564,3473,2
1710,3723,2
1873,3134,20
1776,3183,3
518,1209,25
1146,2519,4
2701,3260,4
673,4011,24
1824,2753,5
1226,1945,25
1758,3934,7
1075,3747,4
60,2022,3
737,3283,25
1285,1593,3
44,2263,4
2186,4001,4
1693,2158,3
403,3933,3
1413,2656,5
1051,1999,25
356,3293,4
254,797,2
1596,2515,3
2498,2918,4
1187,3625,13
2139,3424,2
3358,3373,3
878,2754,3
1278,1607,3
2780,2821,25
816,3058,3
590,3483,20
405,1169,25
616,1187,13
3288,3789,25
2089,3222,4
1585,2516,4
424,598,25
1320,3106,16
97,1419,25
2612,3222,4
786,1106,3
1933,3157,3
1051,1209,25
184,2711,10
2004,3653,25
1078,1546,3
239,2744,16
3220,3611,3
250,4011,24
7,1062,2
387,3126,16
2233,3168,25
1041,2780,25
888,1328,2
1148,1681,3
778,2233,25
1024,2560,25
1082,3941,11
2203,3160,4
2128,2264,3
605,2074,4
424,2749,25
2832,3441,2
44,3613,6
405,1485,25
3816,3844,3
1622,2002,4
1032,2811,2
1221,3363,3
196,3387,6
3155,3271,8
737,3653,25
453,1902,3
749,1898,5
3903,3934,2
766,2126,2
848,3412,3
2013,2251,20
861,981,3
3553,3554,3
366,2233,25
1765,1772,3
293,2625,3
1863,3683,4
2572,2977,2
927,2569,2
1160,3231,20
1607,1650,4
470,1923,21
3491,3625,13
962,3343,3
1923,3418,16
3603,3625,13
2222,3887,3
103,428,4
1997,3087,13
3886,4029,3
454,1253,2
1916,1971,3
3165,3307,10
1113,2783,25
1429,2128,4
1394,1535,25
3174,3653,25
2980,3511,2
85,3965,5
2886,3386,3
1999,2903,25
2672,3320,4
1644,1766,4
470,1419,26
39,2794,2
533,3663,4
1952,3152,2
426,1506,25
1783,3653,25
677,960,2
66,1824,5
526,1042,4
2330,3736,5
470,3418,22
518,2821,25
1974,2787,4
3902,3912,2
2763,3844,3
1038,3385,4
2233,2776,25
291,666,2
970,2302,3
3399,3415,3
470,3613,20
2635,2712,4
1895,2751,2
784,3264,4
575,2638,3
168,3309,2
738,2996,16
402,3176,4
470,3387,21
778,1024,25
415,2589,3
2794,2868,2
707,1030,15
1596,3673,2
2327,2436,2
40,1541,11
85,3890,3
857,2875,4
3484,3514,3
1709,2204,3
2620,3611,3
1746,2977,5
4098,359,4
459,3368,3
1334,3683,3
595,2821,25
595,600,25
3092,3686,3
255,2583,4
2753,3174,23
95,3809,2
1512,2220,3
403,2271,4
617,1930,3
487,1433,3
1113,2091,25
2749,2783,25
827,2258,2
387,2398,16
832,2749,25
85,1636,5
2320,3591,25
169,2767,16
1878,3479,5
1169,1981,25
1038,3373,4
2258,2273,3
528,3887,3
746,3068,2
737,2753,23
1188,3848,2
590,2995,20
1333,2606,2
1169,3288,25
1509,3186,5
741,1023,3
1098,2977,2
1640,1761,3
1122,1284,9
2999,3264,11
1967,3397,3
759,3536,3
1309,2022,2
153,746,3
1537,1825,3
3357,3358,3
1117,2846,16
2251,3352,20
157,823,16
405,2429,25
366,3287,25
1869,3558,2
153,2466,5
1729,2112,2
66,3743,6
190,1986,4
3401,3825,4
785,3271,8
1730,1923,5
2182,2549,11
1783,3951,25
1572,3531,4
816,3293,3
1180,2130,4
354,3264,11
1907,3685,5
216,485,2
2812,3386,2
757,2998,16
605,2711,10
1034,3271,8
157,400,3
1372,3293,4
1018,2350,12
2783,3894,25
3777,4009,2
2233,3123,25
3920,3933,3
2961,3782,12
1023,1359,4
278,3581,3
1024,3591,25
2251,3483,20
1279,2982,2
338,1063,20
553,1659,2
1213,3869,2
1475,4073,2
1113,2192,25
338,1873,20
250,3951,24
581,824,9
317,1090,3
96,2979,5
1569,2929,2
1134,1600,3
1668,2322,3
1024,2320,25
933,1274,4
666,3903,3
2480,3919,3
1498,1546,3
85,3117,5
1123,2089,4
2250,3418,22
543,3877,3
1280,3955,4
24,1306,2
829,3256,4
1016,1879,5
3210,3503,3
1342,2371,3
2567,2841,2
1394,2560,25
1930,3251,4
816,2871,2
2918,3347,4
331,1140,5
1169,2321,25
1160,2301,20
707,2707,4
3673,3685,5
46,1346,3
1923,2602,5
827,829,3
686,2875,4
1485,2867,25
409,1328,2
2398,3126,16
810,3124,3
424,1999,25
504,815,4
1191,2868,3
616,3312,13
1169,1226,25
1929,3788,3
2501,2656,5
1999,2780,25
619,3041,4
1034,1407,8
616,3087,13
444,3352,20
864,2637,2
4127,2047,3
3087,3625,13
321,1923,3
251,3548,4
596,3352,20
924,1077,4
1641,1997,13
132,1874,3
2140,3605,2
2749,2903,25
1741,4042,3
2039,3418,7
2571,2977,5
673,1482,3
2537,2542,3
102,1661,4
850,3319,3
1370,2493,2
2429,3168,25
446,1180,4
2337,3355,3
317,2236,2
2981,3727,4
816,2919,2
3087,3603,13
159,2864,2
2128,3735,2
1080,1974,3
616,3625,13
296,3689,2
1603,2709,3
738,2837,16
444,3971,20
501,3058,2
1132,3154,4
655,2912,2
3660,3922,12
3312,3491,13
2338,2990,2
2189,3488,11
857,3264,4
1561,2668,4
2373,3937,5
2549,2575,11
3934,4043,7
1823,2632,3
1014,3916,16
137,2098,5
528,976,3
1242,2646,2
1244,3602,3
117,2753,23
8,1800,5
2346,3388,3
186,2507,4
941,2320,3
1267,2643,2
1999,3659,25
1209,3894,25
2182,2189,11
1187,1498,13
1014,2074,4
552,2037,2
426,1209,25
528,1687,3
65,3264,11
653,1489,3
1227,1229,2
1385,1829,2
26,3579,2
2445,3567,2
573,1946,4
1912,3388,4
15,3081,25
941,1903,3
2543,3909,2
1637,2766,3
43,2996,16
3193,3514,3
2276,2977,8
1210,3986,4
726,3125,4
1295,3111,11
2861,3649,3
1182,2338,5
3840,3843,3
1082,2634,11
1330,3511,2
1169,2867,25
988,1956,5
593,1107,3
3500,3761,3
1843,3934,2
1607,4020,4
2753,3283,23
374,2912,3
1544,3571,3
1390,3260,4
2103,2220,3
416,3965,5
832,1041,25
296,2221,2
3211,3267,3
1027,1607,4
750,1952,2
19,530,2
1420,2245,4
1653,2277,7
2196,3126,16
439,3058,2
1335,2109,9
424,3659,25
405,2867,25
1075,1791,2
1373,3489,3
1461,3170,3
151,1601,3
1128,2451,2
169,289,16
338,2013,20
1967,2225,2
1739,2709,4
1438,2395,9
742,1191,3
497,1061,4
1607,3264,4
4129,1051,25
75,1050,2
1730,2977,5
2338,2762,5
426,2780,25
1041,1230,25
1228,3057,2
1108,3936,4
3415,3764,3
15,3168,25
1139,1165,3
226,3197,3
593,2672,2
843,3472,4
1708,3066,3
225,3124,3
983,2069,3
1981,3591,27
4115,679,3
665,2493,3
3670,3832,4
1828,3091,2
366,2429,25
746,1867,3
234,3465,3
34,67,16
1173,2238,4
1194,1550,11
3054,3312,13
2164,2686,2
861,3887,4
373,741,2
683,685,4
3287,3591,26
890,2965,3
3058,3827,2
31,153,2
1986,2223,4
2901,3018,3
236,1134,3
2749,3659,25
34,738,16
1870,3655,3
379,3347,4
1077,3970,4
1009,3894,25
1236,3989,12
3126,3916,16
2795,3680,4
1199,2792,3
1209,1230,25
1249,3021,3
1816,2962,2
1889,2127,2
742,1828,3
2536,2664,3
1890,3826,4
595,1009,25
843,1382,4
1665,1881,4
2822,3529,2
800,1690,3
734,3660,5
2004,3387,21
196,2786,8
85,330,4
284,2451,5
2199,2499,4
1833,2632,3
626,2996,16
1194,2278,11
1707,2947,7
2321,3168,25
102,2485,2
598,2783,25
65,1546,12
948,3467,3
471,1352,2
3174,3387,21
1946,2956,4
3165,3594,9
2498,2809,5
263,3312,2
686,857,4
4107,770,3
196,1579,3
2128,3670,4
896,2555,3
95,2907,2
2753,3951,23
2999,3273,12
55,219,3
3352,3971,20
1335,1438,9
1023,2840,3
3327,3473,3
440,2220,2
183,190,3
283,3387,6
2693,3400,3
2635,2643,4
1708,3010,3
528,3577,3
2793,3382,5
1513,3347,5
738,1320,16
1997,3625,13
405,2320,25
685,1768,4
2004,2250,24
909,3887,2
1930,2918,4
2031,3146,3
1394,2429,26
1230,2763,3
626,738,16
1122,3307,9
4129,3894,25
1781,2775,3
147,2263,3
1153,2447,3
1898,3877,5
402,3505,4
758,3056,4
1034,2513,8
1559,1981,26
1230,1506,25
1644,3506,3
590,1873,20
1643,3465,3
3787,3936,4
407,2321,25
2744,3935,16
151,3387,4
428,2453,4
1391,3257,2
681,2510,2
1132,3443,3
327,2462,2
1757,1966,3
1299,2788,2
1513,1923,5
405,1024,25
2600,2712,4
470,1783,26
202,465,3
3591,3789,27
772,3919,5
351,665,3
836,1446,6
377,579,3
2446,3483,20
1730,3315,5
706,2429,25
1923,2209,7
3498,3937,5
367,382,3
1095,3522,2
1128,3578,3
2560,3789,25
3081,3287,26
3601,3850,2
2266,2440,3
350,3951,25
456,1773,2
1732,3401,4
168,438,2
598,2903,25
1944,3613,6
1009,1051,25
428,1600,3
1795,3505,2
255,1286,4
1857,2112,3
1176,3388,3
645,3389,2
751,1909,2
2248,4020,12
749,2284,3
757,3935,16
1901,2677,5
878,1211,3
1041,2783,25
1214,2457,2
1779,2948,4
1563,1720,6
535,2134,2
1024,1945,25
1784,3967,2
360,1649,3
380,3922,12
396,1529,3
1485,2560,25
2977,3315,8
2276,4011,21
1169,3123,25
565,1400,3
1572,2447,4
40,1436,11
4134,2580,3
2320,3027,25
1658,1760,2
1191,2140,4
813,2289,3
19,339,3
804,1412,3
179,1140,4
1390,3673,4
2917,3881,3
43,1117,16
4101,2420,3
3018,3191,4
1024,1394,25
3125,3581,3
995,3246,4
1798,2802,5
897,2086,2
1203,3599,3
1747,3784,3
1031,2251,20
117,350,25
518,1041,25
1224,2917,3
3330,3710,3
2129,2737,4
2367,3418,5
1923,3951,21
1238,2203,4
4101,2861,3
3297,3418,22
799,2701,7
250,2795,4
417,619,2
1264,2228,3
941,2034,2
350,1923,21
1950,3877,3
2682,3558,2
3123,3378,25
496,1654,3
2706,3441,2
250,4072,3
85,3279,2
1383,1761,2
128,3455,2
2753,3297,23
2513,3155,8
749,1440,3
1501,1961,3
1384,1888,6
2251,3134,20
3284,3422,3
3174,3613,20
255,2948,4
2446,3352,20
2392,3764,3
1129,3002,2
640,2297,3
106,3578,3
2262,3242,4
533,2095,4
3312,3603,13
1382,1940,4
356,816,4
239,556,16
1890,3664,3
3312,3625,13
2929,3110,2
1335,3100,9
2643,2712,4
302,726,4
1334,3154,3
840,3571,3
483,963,2
3659,3894,25
1192,1535,20
526,1099,4
222,2957,3
1148,1890,3
985,2594,3
150,4030,7
703,1427,2
2204,3788,2
595,2749,25
1719,3210,3
368,941,3
514,3155,8
387,3917,16
1579,3387,3
4105,3387,6
2776,3288,25
2276,2367,4
54,462,5
3693,3729,7
1783,4011,24
1740,3463,4
681,1165,3
575,2917,3
1567,2445,2
827,1555,3
1343,2163,5
1436,1512,11
139,3371,3
67,738,16
2786,3387,6
94,3936,4
122,2278,11
220,3154,2
2016,2201,7
1394,1559,26
549,3157,3
264,933,4
691,1173,3
669,2135,3
1907,3754,5
1063,2301,20
1294,1400,3
1655,4081,3
3054,3087,13
996,2320,5
2996,3106,16
1768,2651,2
1614,2272,3
673,737,25
807,2787,3
658,3062,4
2867,3123,25
1429,2018,2
598,600,25
778,3123,25
1920,3501,5
2128,3832,4
1433,1776,3
1128,2453,3
1560,3895,4
1381,3809,3
1218,2202,3
3123,3591,25
454,1425,2
600,2780,25
248,2076,4
2098,3601,4
2220,3330,3
79,2317,3
190,3460,3
27,1343,5
555,2002,2
3476,3936,3
368,471,3
600,2192,25
1210,1923,5
825,2397,2
631,2562,4
1063,2013,20
600,2821,25
34,2944,16
350,3653,25
44,3951,6
470,2250,24
1407,3155,8
1578,2420,2
314,2820,3
1078,3820,4
350,3297,25
2321,3288,25
1051,2091,25
2243,2519,4
2013,3134,20
792,1298,2
2048,2453,2
2638,2917,3
420,831,5
1358,3407,2
803,1640,3
999,3293,4
2753,3418,22
2095,3347,4
1343,2692,5
354,4020,12
901,2223,4
595,1230,25
258,3357,3
859,3250,3
1842,1886,3
470,3174,26
528,2289,3
350,3347,20
1824,3312,2
2156,3348,2
1001,3342,2
1740,3807,4
1199,3844,3
179,1241,2
1535,3378,25
2776,3378,25
289,1117,16
906,3805,3
2193,2884,4
681,2506,2
1467,1966,3
2098,3828,4
2429,3287,26
481,2355,3
832,2783,25
332,902,3
150,2123,7
296,1430,2
1024,3789,25
617,1594,3
866,1111,3
1518,2649,3
239,823,16
2013,3231,20
2204,2466,5
325,2157,3
2196,2744,16
2821,3894,25
2048,3841,3
3061,3964,5
547,1576,2
405,3789,25
1705,3505,3
753,2977,8
518,2780,25
3600,3886,3
348,3872,5
364,2408,3
37,3208,3
132,1248,3
2961,3922,12
2128,3208,3
400,1883,3
707,3917,15
1981,3123,25
4102,3035,3
750,1110,2
1018,3660,12
2844,3844,3
746,2620,3
757,823,16
4129,1041,25
59,2170,3
2783,2821,25
2438,2901,3
695,3492,3
672,1557,3
641,2459,3
2995,3134,20
973,3686,3
161,3129,3
1915,2430,4
404,1342,2
1537,2802,3
65,1722,12
1051,2749,25
2948,3601,4
1535,3081,25
1075,4064,4
470,3653,25
1235,1888,8
1450,1950,3
299,2202,4
1169,3027,25
179,2262,4
40,1295,11
678,1134,3
1276,2401,3
380,3782,12
1439,2166,4
848,3213,3
405,2233,25
1427,3407,3
1009,1999,25
1617,2493,3
1109,1441,3
753,3418,7
559,2339,5
259,2022,5
689,1441,3
1209,2192,25
706,778,25
2210,3884,2
1709,2708,3
2320,3284,3
405,407,25
2663,3666,3
652,3613,3
2016,3634,7
2350,3510,12
85,2972,3
1024,3287,25
370,919,2
707,757,15
2537,2539,3
1208,2341,7
1593,2039,3
518,2749,25
2753,3431,3
2276,2550,7
2753,3347,20
800,1987,3
707,1191,3
574,742,3
284,3919,5
470,4011,24
2039,2276,7
2658,3793,3
426,3894,25
366,405,25
616,3054,13
1117,2767,16
3104,3250,2
27,2725,5
1099,3782,10
970,3587,3
1113,2780,25
310,3844,2
285,3347,5
32,3196,3
2109,4014,9
955,2095,3
4146,906,2
2157,3468,3
2720,4015,2
2654,3685,5
260,2864,3
1836,1878,5
745,3964,3
1122,2109,9
528,1270,2
663,3760,5
594,2166,4
569,1997,13
1140,3227,4
65,479,2
405,3123,25
580,1206,3
1379,2338,3
153,3827,3
586,966,3
2175,3322,5
2004,3283,26
1461,1622,4
2995,3971,20
518,1230,25
1953,2007,3
689,1109,3
2220,3214,2
154,1427,3
1036,3456,3
3321,3599,3
2091,3894,25
496,1881,4
832,2821,25
85,4083,5
1791,3380,2
1537,3410,2
1566,3764,3
663,4039,4
1635,1960,3
1780,3155,8
1766,2179,2
2128,3827,4
79,1161,2
1876,2220,2
1433,2298,3
1950,3238,3
1758,4043,8
3487,3653,25
354,1546,12
1945,3287,25
356,2938,2
240,1429,4
330,1654,3
2031,2411,4
2233,2867,25
2089,3500,4
1063,3134,20
1492,3613,5
3957,4085,2
679,1815,3
2018,3442,4
1474,3352,20
2208,3677,2
2039,2550,7
162,864,2
2419,3290,4
3259,3261,2
3487,3613,20
304,1500,2
979,3128,4
3452,3536,2
1407,3594,3
123,1778,4
2562,3387,2
569,3603,13
2117,3471,3
2516,3813,8
758,1257,4
1295,2634,11
913,1709,3
1585,3674,3
4098,2968,4
533,4011,4
833,3959,6
2337,2807,2
3433,3903,3
66,3613,6
2181,2408,3
1241,3388,3
2560,3378,25
1520,1561,4
706,2867,25
578,2235,3
1638,3480,3
1513,3752,4
3347,3743,6
1981,3168,25
1570,1905,6
2956,3836,4
366,3789,25
1485,1945,25
240,2917,3
409,2512,2
2744,2998,16
2783,3659,25
2372,2701,4
1134,2230,2
1103,4011,24
1474,2305,20
1768,3211,2
1433,3501,4
103,1600,3
1419,2276,23
1292,2484,4
3387,4011,21
1974,2128,3
350,470,26
952,3777,3
339,1520,4
948,1708,3
619,986,3
1235,4043,8
569,1603,3
1055,1549,3
364,3010,3
202,3697,3
832,1999,25
1226,1535,25
339,2668,4
863,1222,2
157,3935,16
3155,3594,5
405,1945,25
3673,3903,3
382,2763,3
3729,4030,7
200,3222,4
2429,3123,25
2504,3042,3
2744,3916,16
4102,2724,2
619,3530,2
612,828,3
261,2968,4
2714,2957,2
2128,3203,3
15,2320,25
4149,703,2
2637,3926,4
106,1128,3
2936,2964,5
405,3591,25
2850,3394,3
1535,2320,25
1394,3123,25
1655,2514,4
619,3407,4
1194,2575,11
403,1107,4
1972,3359,3
15,3378,25
1480,3503,3
661,2063,4
1274,3271,5
157,2398,16
1192,2320,20
1039,4032,3
3312,3653,3
1849,2936,2
596,3134,20
1572,1821,2
816,1453,3
424,2780,25
1281,2454,3
823,2196,16
1353,2861,2
2123,3693,7
807,3358,3
1451,3769,4
2635,2977,3
1828,3462,2
683,1768,4
4135,2117,3
125,586,3
2861,3784,3
1931,2481,3
778,3287,25
193,2504,2
184,2961,12
518,2903,25
665,673,3
3043,3686,3
1940,3901,2
1999,2091,25
862,863,3
2711,3922,10
3357,3369,3
405,706,25
97,117,25
2776,3789,25
1636,3965,5
1427,2483,3
157,2196,16
1384,3934,6
2791,3686,3
4107,2151,3
2582,3117,5
1821,1822,3
650,2417,2
1945,3789,25
1135,3319,3
664,3914,2
1193,4025,3
480,2241,3
444,590,20
2774,3920,2
2905,4012,3
514,785,8
1676,2973,2
454,2810,3
2531,3642,3
2162,3657,3
2483,3405,2
2157,3256,4
348,1901,5
1702,2164,3
598,1113,25
1984,3877,5
1264,2204,3
2085,3780,3
3047,3613,3
1758,2898,8
1099,3290,4
2867,3288,25
3260,3822,2
1235,2898,8
339,1561,4
731,929,2
2793,3736,5
426,2783,25
600,1506,25
153,3683,3
237,3343,3
3520,3919,3
1180,1433,4
407,1559,25
387,3916,16
605,2884,4
239,707,15
1694,2112,3
2276,3347,20
1572,1597,3
746,3611,3
2717,3571,2
153,2204,5
250,3680,4
967,2408,3
1535,3288,25
4147,1729,4
1436,3111,11
3358,3360,3
106,1923,5
801,3960,2
407,1945,25
564,3884,2
1177,3191,4
1208,3517,7
3054,3491,13
1927,4020,2
1651,1755,3
2146,2477,4
2510,2710,2
1312,1353,3
2696,3993,2
824,2109,9
1169,2233,25
1373,2800,3
1433,3719,3
1746,2095,4
366,2321,25
1132,1794,3
612,2481,3
282,1613,3
2654,3691,5
157,556,16
956,3328,5
1529,1699,3
250,931,4
66,2977,5
498,2362,2
778,1945,25
2959,3970,4
407,3168,25
1509,3462,5
1613,1985,3
1009,1113,25
88,274,4
2798,3121,3
670,4075,2
824,3100,9
2299,3736,5
1873,3352,20
1063,2995,20
2095,2473,3
1975,3330,3
1113,2749,25
1394,3081,27
161,3626,3
605,1018,11
645,1693,3
169,2837,16
996,2169,5
952,1482,2
941,3881,3
293,3250,3
1048,2321,25
1612,2408,2
970,2128,4
1883,3327,3
2733,2861,2
2251,2446,20
345,2265,4
995,2203,4
2289,3177,2
2278,3488,11
1457,1869,3
559,3511,5
1065,1888,6
2369,3916,16
2320,3881,3
807,1292,3
1041,2749,25
265,1218,3
2284,3960,2
3347,3727,5
4105,3061,5
184,3782,12
956,3787,5
294,1077,2
843,1940,4
354,1236,12
424,518,25
894,3602,3
1974,2991,3
1721,3966,2
44,2250,6
2677,3872,5
1923,4030,2
250,350,24
687,3970,4
97,350,25
3641,3691,5
184,3660,12
1559,3168,25
615,2007,3
3989,4020,12
590,2446,20
3260,3673,4
4106,3651,3
40,1512,11
43,626,16
1226,3027,25
685,1766,3
97,1387,2
1502,3180,2
2341,2452,7
31,193,3
559,764,2
1945,3591,25
2500,3579,3
1176,1909,3
405,3027,25
1566,1596,3
83,3043,3
711,1014,5
1097,1932,3
98,810,3
289,3106,16
2104,3893,4
3260,4051,3
3633,3828,4
3069,3143,2
594,836,6
2126,3097,2
1063,3231,20
1635,2058,2
381,1600,3
428,1078,4
1187,3603,13
658,2245,4
2721,3244,3
1438,2109,9
1820,4073,2
1051,3659,25
680,2836,2
2600,2643,4
2320,2867,25
468,2204,2
1725,3514,2
2689,3699,2
914,1456,4
289,2996,16
2261,3242,4
444,596,20
2001,2220,3
1157,3846,2
1780,2513,8
823,3917,16
332,779,3
3347,3663,5
3486,3934,6
278,3125,4
338,3231,20
3388,3740,4
1087,1364,3
35,1290,2
2502,2992,3
1226,3789,25
1607,1824,2
123,915,4
2369,3126,16
2017,4039,4
2837,2996,16
34,2846,16
1160,2251,20
1177,2263,3
509,3635,4
443,1053,5
533,1554,4
692,3250,3
850,1204,2
473,3613,3
3202,3886,2
443,1058,5
1555,2987,3
3129,3626,3
2048,3327,4
1785,3397,3
1717,3597,2
15,407,25
350,4011,24
444,3134,20
1257,3056,4
2901,3817,3
1433,2637,4
3483,3971,20
600,3894,25
4109,3792,3
1498,1641,13
672,1556,3
282,1985,3
2101,2480,3
122,767,11
966,3125,2
1666,3397,2
2602,2977,5
97,3347,20
493,563,2
2395,4014,10
742,1310,3
564,2250,4
836,2941,6
1555,2156,2
3663,3727,5
1335,3594,9
4129,600,25
1561,1916,3
2395,3165,10
673,3653,25
2903,3659,25
504,531,2
453,3695,3
2189,2549,11
1117,3106,16
2537,2541,3
1436,2634,11
163,3481,2
350,737,25
814,2650,3
2140,3881,3
226,2886,3
1048,2233,25
97,250,24
1597,2664,3
799,3841,3
1146,2637,3
2320,2355,5
102,454,2
4143,4011,4
2516,2786,8
1122,3165,9
1923,2550,7
3387,3813,6
4098,261,4
139,2635,3
1160,2446,20
3668,4086,4
4135,3685,2
778,1559,25
2779,3132,4
89,1512,11
1555,2677,5
3418,3613,20
3297,3653,25
2550,3315,9
2085,3732,3
923,1453,2
1600,3299,3
1917,2063,4
1614,1689,3
2806,3947,3
1106,2342,2
1292,3252,4
2656,4053,5
1292,3942,4
3661,3664,3
518,2783,25
1941,2451,5
801,1951,2
2245,3183,3
763,2747,3
1498,3491,13
552,1957,2
1063,2971,3
2761,4001,2
1746,3180,5
16,3244,3
1103,1783,26
995,1238,4
1790,3083,2
117,3387,21
2999,4020,12
3312,3318,13
1290,2128,3
155,1836,5
1453,1560,4
350,3387,21
1191,3093,2
405,3168,25
1126,3143,2
281,818,3
343,2445,3
604,2133,4
1474,2446,20
1291,3624,4
706,3288,25
2109,3594,9
2084,3732,3
1707,2039,7
759,2804,3
2974,3502,4
3297,3387,21
514,3560,9
332,3312,3
1585,3673,4
827,1718,3
1400,3465,4
1999,3894,25
14,3183,3
1461,2957,4
1594,1930,3
2955,3359,3
528,861,3
4109,202,3
2475,2501,5
600,1051,25
591,3643,2
332,1322,2
2809,2918,4
147,546,3
894,1244,3
4129,1009,25
737,3951,25
1221,1289,3
301,1593,3
533,1923,5
1950,2080,2
1009,2780,25
743,2638,3
841,3891,3
2756,4032,3
15,1226,25
3134,3231,20
769,1034,8
2276,3283,23
619,952,2
1824,3327,3
874,2411,2
2270,3268,4
1031,2995,20
403,3489,3
1320,2944,16
1907,3641,5
1945,3081,25
190,2223,4
1199,1995,3
997,1433,4
816,3290,2
147,666,3
1999,2821,25
3478,3898,2
1626,3448,3
2182,2575,11
1714,2763,4
559,1134,5
236,827,3
619,3415,3
1031,3352,20
239,757,16
1770,2268,2
3188,4094,2
1537,3887,3
424,1009,25
366,2320,25
1048,3591,25
514,1407,8
3531,3684,5
411,3846,4
1088,3419,2
524,1343,4
1905,2964,5
157,2744,16
1627,3827,2
2039,2154,2
157,1030,16
1863,2106,3
769,785,8
626,3106,16
2013,3483,20
387,1030,16
1238,2917,4
374,635,3
296,1249,3
2571,2602,5
1555,2627,3
673,2250,24
1597,1890,3
259,1016,5
1076,1617,4
541,2941,6
161,2936,5
2017,3620,4
1981,3081,27
3053,3154,2
3373,4001,4
2505,3250,3
2223,2844,2
778,1535,25
267,3240,2
1711,1797,2
1041,1506,25
3273,3989,12
103,585,4
468,604,4
1413,2501,5
263,1554,2
2320,2776,25
1474,3483,20
1800,3718,5
12,2709,2
596,2301,20
3416,3820,2
3482,3594,9
2767,2846,16
913,3629,2
1930,2498,4
2771,3036,2
313,1265,3
1048,1226,25
1485,2233,25
2540,3021,2
2563,3834,2
2004,3951,25
405,2321,25
2266,3860,3
179,3242,4
1446,3909,2
1026,1107,4
2587,3502,4
2610,3544,3
122,2549,11
598,1009,25
706,1169,25
190,3446,3
750,3558,3
407,2867,25
2429,2560,25
336,3810,3
3061,3387,5
565,1234,2
853,1614,3
102,740,5
379,3951,4
1016,2022,5
3165,3482,10
117,470,25
2405,2481,3
735,2824,3
235,3601,4
806,3326,2
995,2355,3
3387,3964,5
2004,3347,20
1830,1838,5
1235,3934,7
598,1051,25
4105,3813,8
2635,2901,3
2017,3760,4
1379,2526,3
2287,3813,8
831,1984,5
827,1203,3
4154,112,3
516,1644,3
1353,2844,2
1026,2271,4
106,2048,3
3010,3066,3
2516,3387,6
823,1030,16
2516,2693,3
2749,3894,25
2192,2780,25
2220,3170,4
598,2780,25
1236,4020,12
1845,2777,4
166,2320,4
1087,3750,3
141,594,6
861,1901,3
2791,3199,2
4129,518,25
2538,3366,2
1372,1841,4
577,2885,2
706,2320,25
2256,3286,3
169,738,16
4124,258,2
284,772,5
142,2477,3
1692,4015,3
865,1262,3
4117,1806,5
1873,2305,20
117,3951,25
1806,2734,5
2413,3148,2
1291,3853,3
169,2944,16
453,1411,3
2426,3673,3
1113,3894,25
2017,3613,4
2018,2699,3
2500,3921,3
293,317,4
302,3936,4
1412,3946,3
1034,1367,8
778,3288,25
2095,3663,4
3174,3951,25
43,289,16
1226,3287,25
1337,2415,2
426,1009,25
554,4023,2
2634,3127,11
778,3027,25
2776,3123,25
1160,2305,20
2063,2818,2
1552,2733,2
1169,3081,25
2118,2881,2
338,2446,20
131,564,4
1758,2161,8
707,3916,15
785,2513,8
331,1014,5
1445,1952,2
2065,3957,2
1878,3325,5
302,2612,4
1387,2823,3
1537,1652,2
973,2499,4
1667,1967,3
590,2251,20
1367,1407,8
1944,3743,6
1103,3487,25
407,1048,25
2715,2992,2
4129,1999,25
2128,2326,2
1447,3936,2
1773,2320,3
707,2196,15
4116,1378,2
3927,4042,3
141,1446,6
1291,1718,3
1262,1714,3
416,3117,5
2321,3591,27
2263,3019,4
240,1442,4
1046,3455,2
3100,3594,9
2301,3483,20
973,2199,4
2579,3091,3
447,3241,2
2098,2163,3
2129,3467,3
769,2513,8
907,1837,3
954,3955,3
2320,3123,25
2750,3473,3
2844,2886,3
1498,3603,13
1191,3080,2
1024,3123,25
1165,4024,3
1930,2809,4
1051,1506,25
1904,4036,3
2775,3257,3
2209,3418,7
428,3264,11
1209,2749,25
3157,3466,2
678,1398,3
2011,3827,5
973,2128,4
1667,2913,2
202,3792,3
387,823,16
737,1923,21
153,2022,5
970,3439,3
3327,4004,2
1018,1099,10
420,543,3
97,3487,25
315,819,2
2867,3027,25
3264,3989,11
1823,1824,3
1041,1209,25
296,3994,2
205,1072,3
1063,2251,20
2203,3460,3
3159,3740,2
97,3613,20
590,2301,20
3134,3971,20
522,3959,2
1005,1050,2
1036,4091,3
832,1230,25
3081,3168,25
97,3418,22
763,1974,3
1506,3894,25
2398,3917,16
2192,2783,25
34,2996,16
4129,1113,25
1134,3463,2
4154,2802,3
613,3369,3
1476,2722,3
122,1550,11
366,1048,25
21,2612,4
731,816,2
2660,3825,4
1117,2996,16
1653,2562,4
1899,4081,3
781,3792,3
1572,1655,4
3738,3846,2
850,3846,2
1863,2565,4
2189,3173,11
366,1485,25
626,2846,16
1692,2134,2
1368,3903,3
1419,3297,25
2074,3367,3
1188,2975,3
102,2430,4
790,2541,4
21,2323,2
428,2627,3
2753,3653,23
3965,4083,5
1226,1981,25
184,1018,12
106,2691,2
2408,3010,3
673,2039,4
2709,3879,2
1512,3947,3
1244,1387,3
1320,2837,16
2367,3986,4
1107,3489,3
1048,3081,25
466,3548,2
2196,2998,16
724,3964,5
681,2129,3
302,3328,5
2251,3231,20
106,3327,4
1128,3840,3
2320,3168,25
1757,2757,3
3125,3936,4
470,3951,25
3020,3877,3
573,1170,3
387,2196,16
1210,3418,5
824,3165,10
1209,3659,25
1287,2282,3
1535,2321,25
468,2099,4
1664,2329,2
1570,2964,5
940,1983,2
2175,3807,4
2898,4043,8
1209,2780,25
1296,2069,3
63,2284,3
1347,4066,3
184,1099,10
2033,2980,3
2799,3677,2
2867,3789,25
1192,3442,4
395,1183,4
1511,1837,3
2176,2238,2
2514,3407,2
799,3327,4
2737,3250,3
827,3015,3
2204,2977,3
1873,2301,20
2201,3634,7
426,595,25
336,3913,3
2237,3178,2
726,2979,5
2405,2943,3
2161,4043,8
3180,3937,5
2321,2429,26
1144,4081,3
424,1209,25
2022,3723,5
569,1696,2
1950,2095,3
470,1103,26
1636,1720,6
614,2810,2
202,2228,3
1241,3881,3
1433,3926,4
284,1941,5
595,2903,25
706,1535,25
1071,3934,2
734,2711,5
117,3146,2
153,3862,2
1555,1901,5
89,1082,11
1031,1873,20
409,2771,3
586,1161,2
3673,4053,4
516,1322,2
1268,2195,3
1030,3917,16
1407,1780,8
1283,2285,2
424,2903,25
1438,3482,9
1134,1150,2
1708,3467,3
1559,3591,26
2011,2128,4
2142,3508,2
1103,2250,24
1600,2483,2
564,2628,3
378,3520,2
470,3297,25
428,1722,11
1077,2959,4
426,2903,25
2576,4023,3
1841,2726,2
928,2459,3
3058,3291,3
2266,2610,3
1065,3172,6
823,2398,16
1433,2130,4
1873,2995,20
1485,3168,25
2453,3964,3
1862,3503,3
395,3529,4
175,2790,3
1048,3442,4
15,2867,25
681,1139,3
666,1370,3
1194,2549,11
448,1210,2
829,2157,4
791,2817,3
2204,3629,3
1946,2890,2
1081,2089,3
1067,2948,4
3077,3899,2
431,1203,2
727,3407,2
1641,3625,13
793,1299,2
71,2317,3
117,3487,25
950,1077,4
970,2011,4
88,2638,4
4105,3964,5
239,1014,16
896,3933,3
707,823,15
405,1981,25
778,3168,25
1903,3873,2
2411,3919,3
240,3919,3
43,738,16
1438,3100,9
2250,3951,24
1183,3529,4
259,1879,5
419,1075,4
997,3780,5
222,3250,3
88,946,4
2013,2995,20
3014,3358,2
1556,1557,3
131,379,4
387,1014,16
67,3603,16
518,598,25
4147,2465,4
1328,2220,2
2722,3946,3
1419,2004,26
273,3476,3
870,3991,2
1583,3159,2
103,1451,4
3685,3754,5
171,3142,4
707,2074,4
2798,3635,2
771,1724,2
1042,3290,4
533,2977,5
1031,1160,20
782,1472,3
2901,2971,3
595,2783,25
296,3021,3
2753,3578,5
1127,2603,4
65,3989,12
2033,2245,4
616,1641,13
2802,3469,3
905,1863,3
866,2293,3
2654,3754,5
3283,3951,25
2276,3387,21
2163,2692,5
4143,533,4
15,2429,25
3465,4025,3
1036,2597,3
724,3061,5
1268,2332,2
3503,4061,4
2556,3809,3
2166,2262,4
1419,2753,23
1187,3087,13
600,2783,25
2101,3574,3
1709,3777,3
2498,3251,5
4097,1203,2
248,2146,4
4105,283,8
1051,2903,25
2395,3482,10
405,1048,25
985,1701,2
347,3193,4
3087,3312,13
619,792,3
816,3903,2
569,3087,13
230,2241,3
102,1915,4
1169,2429,25
2658,3096,3
117,3613,20
706,1559,25
1555,3430,3
1062,1340,4
424,2783,25
1023,2528,3
2271,3898,3
426,2749,25
1289,3363,3
2063,2721,4
3613,3743,6
595,1041,25
1526,1823,2
1056,1296,3
1155,1827,3
416,2582,5
288,1874,2
1722,2248,12
1367,3155,8
2429,3081,26
2475,2656,5
1338,1496,2
1550,2182,11
2248,3264,11
2072,2948,3
1683,4063,2
2549,3173,11
2844,2912,2
187,3355,3
3456,4091,3
590,2013,20
250,737,24
556,3916,16
1407,3648,4
2750,3327,3
1048,1169,25
1092,1904,3
595,598,25
1192,3287,18
3325,3479,5
935,1023,2
2149,2862,4
2428,3154,3
157,757,16
2800,3489,3
1117,2837,16
1103,2753,23
2780,3659,25
513,593,2
4107,1622,4
1844,3578,3
444,2305,20
3347,4011,20
875,3476,3
32,3125,3
976,3887,4
71,1626,3
3387,3613,20
2248,3989,12
1048,2776,25
89,2634,11
2426,3260,4
1176,3955,3
1361,1607,3
94,2294,2
2169,3593,3
3629,4024,3
735,2628,4
1394,1981,27
497,2259,4
1596,1597,3
2560,3288,25
598,1230,25
1771,4061,4
1134,1950,3
157,2998,16
1502,2627,2
2700,3936,2
924,3970,4
428,2720,3
1779,2861,3
1254,2946,2
1742,2181,2
66,3347,6
26,2928,3
1147,2519,4
218,1600,3
596,3483,20
1532,3594,3
44,3347,5
94,3385,4
914,3529,4
906,3132,3
3095,4015,3
2786,3813,8
2076,2477,4
407,2429,25
2022,2470,2
977,1119,5
117,3283,25
788,3143,2
437,454,2
1042,2419,4
1666,2709,2
1170,2844,3
1043,1854,2
1354,3008,4
706,1226,25
2284,2727,3
405,1192,20
1355,1636,2
2091,2749,25
65,354,12
595,1506,25
1593,2288,2
1130,1401,3
1122,3100,9
970,2499,4
2206,3847,4
3288,3591,25
1783,3387,21
612,1931,3
2533,3788,3
1981,2320,25
986,3413,3
2182,2278,11
3601,3786,4
665,3656,3
792,3413,3
3211,3657,3
426,1999,25
2513,3271,8
3154,3723,3
1017,2397,2
454,2894,2
2013,2446,20
1513,1546,2
1476,3954,3
866,3355,3
240,1280,4
1187,3312,13
289,738,16
332,1383,3
1506,2780,25
763,2000,3
1427,1766,3
3669,3764,3
674,1593,3
2493,2564,2
3442,3990,2
1307,1913,3
240,2128,4
929,1453,2
590,3134,20
1293,2340,4
424,2821,25
34,289,16
738,1117,16
3387,3653,21
1746,1923,5
1639,3017,2
1034,1780,8
569,3491,13
2637,3780,4
1192,2867,20
379,2250,4
2995,3483,20
1945,2429,25
2,742,3
605,2350,11
659,693,4
0,3077,3
1546,1722,12
1287,3554,2
1180,1920,4
1559,2776,25
85,1881,4
455,2912,3
1520,3955,2
707,3935,15
753,2276,8
1182,2762,5
2998,3917,16
169,3603,16
2122,2609,3
1394,2320,25
2136,3885,4
596,2305,20
1508,1624,2
2320,2896,5
842,3970,3
909,2112,3
2780,2903,25
718,2071,3
1210,2367,4
3271,3594,5
455,1760,3
63,2828,3
3173,3488,11
2867,3378,25
824,1122,9
767,2278,11
94,302,4
733,2144,3
3168,3789,25
479,3571,2
1383,1760,2
2587,2635,4
1536,4068,4
2305,3971,20
1513,2367,4
595,1051,25
276,3386,2
2022,2204,5
2017,3668,5
3318,3603,13
613,3357,3
1724,2720,3
446,1179,2
4140,859,2
3037,3485,3
2320,2429,25
46,2537,3
1901,3872,5
293,3703,4
1371,2627,4
151,250,4
1078,1657,4
354,2999,12
1498,3087,13
2368,2623,2
2066,3668,5
3223,3398,2
97,3283,25
1008,3881,2
1257,3508,4
2013,3352,20
1,2404,2
2189,2575,11
2708,3766,3
424,1051,25
1751,2613,3
2473,3465,3
285,1944,5
3210,3673,2
50,3356,2
2263,2428,3
359,2968,4
1319,2977,3
139,1319,3
102,2802,5
4129,2783,25
865,2763,4
533,3347,5
2428,3839,3
2439,3839,2
1546,2248,12
1296,2203,3
1687,2289,3
1559,3081,26
3283,3297,25
2181,2618,2
963,2565,2
1378,2067,4
4135,1648,2
1146,1147,4
3271,3648,4
2276,3951,23
332,1714,3
1230,1999,25
1783,2004,26
4109,628,2
1076,2164,4
273,1948,3
663,4086,4
2030,3702,2
1682,3815,2
831,3877,5
1038,1258,4
40,2634,11
687,924,4
1971,3884,2
85,416,5
1537,2289,3
569,2733,3
807,1643,2
1572,3684,4
250,3840,4
3558,3589,3
1592,3653,4
1048,1485,25
