query time:7.138168E-4
index creation time:0.0046910421
1744,3939,4
447,2851,2
3519,3536,2
6,3387,29
579,3847,3
823,3916,17
2044,3500,3
971,1211,4
615,2007,3
2250,3743,29
2753,3613,29
1534,1611,3
2875,3264,14
105,1591,3
66,3743,6
1546,3387,29
1321,3511,3
3138,3827,4
2256,3538,4
2192,2291,22
656,4073,4
1367,3155,9
428,2125,14
1783,3174,29
1994,3174,29
2386,3418,29
3659,3897,22
2060,3264,14
3250,3447,4
2128,3072,4
529,737,29
1506,2168,22
351,665,2
75,619,4
383,2560,21
1189,1994,29
1697,3360,3
2350,2711,10
1185,2347,4
93,3277,1
2867,3288,21
619,986,4
973,3692,4
3337,3913,4
1192,3442,16
707,3917,17
494,2018,4
405,1981,21
690,3938,2
1541,3127,9
157,2398,17
1818,3052,2
432,2152,4
272,816,5
1086,3832,4
155,1878,8
250,2795,29
1396,2593,3
122,767,9
2199,2834,3
432,1352,4
14,3183,2
484,922,5
303,2370,1
850,3846,3
4129,1113,22
217,435,2
547,2172,4
2181,3370,3
1014,2398,17
1498,3625,13
769,1318,9
1757,3673,4
2782,3897,22
518,2903,22
1127,2603,3
898,2158,2
2479,3686,4
2521,2544,3
866,3697,3
2251,3352,18
1981,2280,21
264,1274,6
2737,3500,4
750,3816,3
301,1185,4
1145,1597,3
3387,3714,29
1958,3818,8
844,2417,3
2416,3500,3
533,3347,29
1994,3418,29
3844,3972,4
1779,2948,3
40,2634,9
840,3511,3
1024,2357,21
101,3818,8
1524,1709,4
772,1941,3
142,2477,2
750,3972,3
2015,2461,3
65,428,14
2775,3257,2
3157,3466,2
2188,2345,3
2280,3081,21
2429,3287,21
913,1709,4
2560,3378,21
87,3255,3
95,3809,3
2312,3502,3
1994,3714,29
2134,3881,4
573,3344,4
2355,2896,3
66,529,29
2722,3946,1
157,387,17
97,1553,29
3723,4013,3
3,4042,2
153,4021,5
74,1613,2
913,3629,4
196,2287,6
340,3705,6
1113,2192,22
1132,1994,29
1077,2496,4
2181,2408,3
785,2513,9
2089,2748,3
338,1031,18
387,1014,17
1622,3643,4
1176,2426,4
534,2281,4
2753,3072,29
1400,3871,4
2281,2754,4
769,1367,8
68,3500,3
1714,2849,3
135,2866,3
1274,3683,6
449,2165,2
273,3476,2
2855,3119,2
2029,2471,3
1462,2824,2
1641,3312,13
111,3051,2
1905,2964,3
1026,2271,3
1669,2128,4
1783,3613,29
3434,4035,2
941,1962,4
1913,3807,3
2196,2744,17
942,1677,4
3347,3727,29
345,999,4
1893,3673,4
1199,1995,3
471,1352,4
219,413,4
1231,1458,4
2428,3723,3
1788,1852,2
2128,3203,4
2540,3021,2
201,424,22
1631,3282,2
1278,1607,5
527,2043,3
1981,2357,21
925,2723,14
1464,3250,4
1188,2426,4
2890,3528,3
518,1348,22
3541,3902,6
665,2493,3
3002,3945,3
21,795,2
3613,3743,28
65,1722,14
437,454,4
2369,2410,17
3448,3558,3
89,2634,9
2130,2830,3
421,2349,2
105,3791,3
985,3843,4
405,3378,21
2740,2842,4
3476,3936,4
1836,3325,8
1289,3363,2
250,1803,29
458,3253,3
4139,432,4
595,1113,22
1236,1722,14
350,1994,29
800,1987,2
2447,3415,4
2247,3591,21
4145,112,3
4100,3585,1
6,3297,29
545,547,4
139,3371,3
769,785,9
387,3707,17
1506,2749,22
2251,2995,18
3165,4006,10
595,1506,22
67,2846,7
956,3295,4
338,590,18
677,960,1
65,3273,14
1002,4079,29
718,3362,3
1119,3387,29
1981,3591,21
405,2867,21
1030,2290,17
2443,2901,3
971,2673,4
1125,2188,3
518,1506,22
581,2109,10
1122,4006,10
2496,2959,4
1680,1760,3
1828,3849,4
788,3132,2
1661,1915,2
722,1225,2
85,1881,4
1051,2783,22
774,3706,2
1995,2345,3
1048,2429,21
1182,2762,4
951,2462,3
1006,1671,3
585,1451,5
1506,3894,22
3312,4011,29
428,2502,14
2609,2731,2
1042,2711,10
1041,2081,22
129,258,2
1218,2202,4
1615,3030,3
265,2202,4
3529,3611,4
823,2290,17
829,3256,2
1048,2560,21
146,3714,29
479,3571,4
1262,3728,6
1935,3134,18
753,4011,29
1098,1168,3
1656,3578,6
1909,3740,3
89,3127,9
246,3304,2
2427,2437,2
2466,3189,3
1710,3599,2
1378,2743,3
1483,1897,3
1034,1780,9
275,1046,1
3613,4079,29
2964,3264,14
1199,3972,3
812,3663,5
201,1051,22
757,1030,17
164,1410,3
3074,3418,29
4107,432,4
810,2036,4
204,3357,3
957,2107,2
4146,906,2
1031,1474,18
2223,3529,4
1030,3935,17
2778,3513,2
3315,3418,29
1746,2977,9
1591,3113,3
301,3595,3
1546,3859,14
1152,2870,2
1318,1531,10
659,2104,3
686,2887,4
2247,2280,21
350,4011,29
2800,2842,4
117,250,29
2447,4049,4
1084,2713,3
4129,201,22
2128,3260,4
477,973,4
497,1806,5
2081,2291,22
167,1680,3
1058,3190,4
1994,2004,29
495,1196,4
1611,3776,3
1677,2502,4
154,1427,3
4099,965,2
1666,3397,2
1674,3008,4
939,970,4
3043,3248,4
2582,3117,4
824,1531,10
547,2234,4
1757,2842,4
97,1266,29
723,1232,3
1726,3575,3
119,3095,3
882,3987,5
222,3250,4
324,2521,3
769,1034,9
794,866,3
1940,3472,6
2709,2733,3
3763,3842,3
799,1733,6
1679,2992,5
340,3579,6
2645,2890,3
2142,3508,3
1372,2986,4
3327,4004,5
932,2101,3
2435,2883,2
150,745,6
749,1440,1
428,515,14
913,1734,4
1553,2562,29
1677,3788,4
572,2995,18
1939,3936,4
1641,1997,13
101,2062,8
742,2126,4
2415,2552,3
595,3659,22
1233,3724,4
1585,2516,6
155,1958,8
581,1335,10
550,941,4
371,1710,2
1188,3260,4
529,1942,29
2081,2749,22
1099,3290,10
187,1766,3
366,1226,21
823,2398,17
117,3653,29
2909,3260,6
15,778,21
973,3944,4
1713,3024,2
3683,3827,4
1527,3405,3
1432,2548,3
251,3548,3
2906,3534,20
1767,2770,3
1722,2125,14
2694,3412,2
2290,2741,17
2079,2424,3
3409,4052,5
69,3718,3
1306,2023,3
409,2512,3
2645,3142,3
1942,2984,29
101,1333,8
1318,3560,9
604,1553,29
1063,3352,18
137,3601,4
2793,3382,1
1671,3503,3
2287,3813,6
1266,3714,29
1400,3465,4
698,4007,2
2360,3956,4
2410,3707,17
2031,3146,3
4101,3686,4
2128,3439,4
796,1348,22
465,2709,3
15,1945,21
1736,2002,3
2984,3174,29
605,1018,10
383,3378,20
223,2367,4
933,3606,4
1783,3487,29
150,3729,6
259,1879,5
1733,2701,6
432,3788,4
2190,2725,4
559,764,3
1367,2513,9
2192,2782,22
2867,2906,21
4148,1387,2
2369,3916,17
2565,3683,4
497,2603,5
1934,3074,29
1946,3260,4
350,3387,29
3260,3415,4
2984,3074,29
816,3290,5
1371,3019,4
261,2968,4
236,827,3
201,2192,22
383,1616,21
1883,3739,4
79,2708,3
2250,3297,29
1427,1766,3
1553,2004,29
338,572,18
1553,3074,29
1333,2606,4
189,2977,9
2247,3378,21
495,2001,4
2794,2868,2
4156,540,2
844,3530,3
1067,3786,3
2545,2731,3
1051,3659,22
1607,4003,5
2081,2782,22
1063,2995,18
1922,2502,4
778,1048,21
250,3347,29
85,1563,4
2196,3935,17
2835,3891,2
3174,3487,29
593,3832,4
1531,3560,10
2995,3971,18
415,2589,2
861,1300,3
2737,3124,4
680,3301,2
815,3770,4
2751,2931,2
613,3357,3
363,1860,1
416,3965,4
330,1654,3
941,1191,4
1553,3487,29
477,2413,4
1296,3864,3
1199,3844,4
1412,3946,3
1583,3159,3
939,3097,4
2583,2948,3
1084,2199,3
189,1746,5
596,1873,18
693,2104,3
428,537,14
3418,3714,29
15,2906,21
387,757,17
785,1034,9
1456,3529,4
387,2196,17
2280,2560,21
914,3529,4
772,3919,3
344,3479,8
495,3881,4
878,3851,4
424,2192,22
3074,4079,29
2192,3897,22
2249,2760,2
681,1165,4
121,335,6
1383,1853,2
1226,3288,21
1368,2685,2
497,3037,5
622,1939,3
750,2018,4
1264,1709,4
219,1753,4
250,3714,29
2265,2986,4
456,4033,3
1640,1761,2
1482,3956,4
2360,3447,4
1758,3934,6
4157,3328,4
2168,3923,22
3264,3273,14
28,3074,29
151,250,29
1623,2057,2
669,2135,3
1625,2613,3
4157,3936,4
1160,3971,18
577,2885,3
1722,4020,14
363,1859,1
3629,4034,4
1506,2291,22
21,2323,2
157,3916,17
1169,2906,21
350,529,29
3407,3646,4
1677,3623,4
201,1113,22
338,2251,18
840,3571,3
1726,2967,3
117,3418,29
2163,3601,4
370,919,3
1137,1468,9
383,840,20
2910,3606,4
2316,2529,1
3054,3550,13
2109,3482,10
210,1409,3
2373,3180,4
821,1744,4
1188,2685,4
2398,2744,17
1244,1387,2
573,3836,4
528,3577,3
1335,4006,10
1950,2080,2
2813,3803,2
387,1030,17
461,2367,4
1518,1767,3
2018,3287,21
2247,2429,21
2457,2914,3
1041,3659,22
1237,3625,13
1146,2519,3
2039,2550,9
196,2604,6
2797,3275,2
486,1063,18
2453,3578,6
6,97,29
1941,3919,3
3556,3729,6
2550,2977,9
1597,3405,3
2035,2220,4
1555,3872,3
2171,2172,3
585,3120,7
73,1240,3
565,2593,3
1217,2510,3
565,2036,4
340,2069,6
1024,2429,21
1587,2698,3
2210,2239,3
2257,4007,2
1192,2357,21
3347,3387,29
2883,3502,3
325,827,3
2639,3266,1
1241,2866,4
2263,2428,4
2370,3666,1
1297,2923,3
1461,2957,4
3087,3318,13
1958,3325,8
335,2909,6
2725,4084,4
779,1472,3
1537,3036,3
1266,2550,29
1041,1051,22
65,3989,14
1614,1689,4
882,3769,5
673,3714,29
441,1505,3
561,3790,3
1786,3800,4
314,3386,2
1192,1616,21
2763,3844,4
1524,3800,4
970,2199,4
2290,3126,17
377,2621,3
985,2619,4
511,4034,4
693,2796,3
914,3629,4
2675,3761,3
2984,3418,29
1783,1942,29
3714,4011,29
2089,3536,3
1014,2741,17
1971,3873,3
1401,3628,3
1327,1806,5
626,2846,7
2736,3980,3
2604,3813,6
1483,3152,3
2247,3287,21
428,2909,14
2039,2947,5
1386,2129,4
1169,3081,21
1617,2493,3
87,3355,3
580,1206,2
1468,3127,9
1066,4063,1
2356,3502,3
706,2560,21
256,3500,3
1622,3250,4
1616,2429,21
673,2753,29
1622,3617,4
1901,3872,3
85,1720,4
879,1745,3
1719,3503,3
1938,2980,3
707,3126,17
3180,3498,4
3465,4025,3
1599,2278,9
905,2106,4
2386,3487,29
1400,2516,6
2735,3909,3
255,2583,2
1597,2379,3
2369,3126,17
2565,3443,3
2367,3529,4
2379,2515,3
1048,2357,21
504,815,4
2867,3081,21
778,3591,21
1238,1680,3
39,2794,2
605,2193,10
323,3549,3
403,1251,3
717,2187,3
941,2034,4
201,1041,22
357,482,1
3275,3763,3
2153,3453,1
1322,2352,1
87,2281,4
1343,2725,4
2210,2218,3
3624,3853,3
998,2263,4
823,2196,17
1797,1900,2
350,3174,29
1231,3776,4
1597,2664,3
1655,2269,2
1170,2905,2
296,3689,2
903,965,2
2372,3661,4
2497,3146,3
3383,3553,2
784,2935,4
338,2995,18
681,2415,3
34,169,7
1729,2465,3
1493,3630,3
2977,3315,9
249,1231,4
1231,3979,4
656,1400,4
234,4025,3
690,862,2
732,1152,2
196,2516,6
1266,4079,29
1257,2061,3
2020,2268,4
683,1766,3
1953,2007,3
350,3487,29
2516,2693,6
1195,3815,2
3387,3813,29
1237,1641,13
364,2408,3
673,3387,29
4121,184,10
392,775,14
2372,3673,4
1030,2410,17
383,2906,20
750,3682,3
565,1234,3
118,198,2
65,2125,14
985,3578,6
15,366,21
289,626,7
1343,1786,4
1878,3325,8
925,2453,14
1757,1966,3
2042,3944,3
1764,2503,2
2436,2732,2
138,1677,4
331,707,17
2411,2462,3
636,2623,2
673,737,29
1524,1540,4
495,2140,4
824,1335,10
1616,2357,21
1113,2783,22
2043,2153,3
1946,3836,4
737,3387,29
2002,3854,3
3120,3987,7
1129,1691,3
2453,3714,29
966,3770,4
645,3389,3
4135,2026,3
2429,3378,21
1497,2934,2
556,2398,17
795,3115,2
4129,426,22
879,1441,3
3132,3741,2
1022,2388,3
4066,4087,1
426,2192,22
1629,3327,5
383,2867,21
1319,3371,3
383,1226,21
1950,2577,2
1128,3991,4
2140,3832,4
1328,2220,4
970,3516,4
1572,3503,4
1614,2031,4
250,673,29
3409,3754,5
2051,3913,4
3503,3678,3
1348,2749,22
2875,3538,4
2477,2939,2
1942,3174,29
823,3917,17
1793,3290,4
1318,2513,9
595,2782,22
2995,3134,18
248,2477,2
3847,3883,3
827,1231,4
2123,3729,6
2248,3264,14
1682,3773,2
1333,3818,8
1537,3577,3
2673,2934,4
847,3288,21
255,2948,3
726,3770,4
3074,3487,29
338,596,18
3014,3358,2
190,340,6
1553,1707,29
2966,3417,2
1828,3091,4
3084,3529,4
1504,3158,1
1506,2192,22
261,359,4
1306,3816,3
1191,2149,4
2504,3042,2
3172,3934,6
901,2223,3
1169,2429,21
4129,1506,22
1156,2241,2
2438,2901,3
258,1225,2
2290,2369,17
2287,2604,6
1689,2503,3
440,2220,4
2502,3776,4
2042,3827,4
1153,4049,4
1505,2154,3
350,2004,29
2109,3594,10
15,1169,21
3126,3917,17
97,3418,29
190,1577,6
1461,2232,4
1940,3948,6
999,1372,4
985,3840,4
3347,3418,29
16,3244,3
964,1086,4
1883,3327,5
2168,2783,22
3032,3616,2
1940,3705,6
1616,3288,21
2711,3922,10
119,1575,3
560,2552,2
144,1168,3
1682,3616,2
1746,2571,5
2237,2876,4
2290,3916,17
2398,3935,17
2977,3180,9
127,3587,3
1746,3180,5
1359,3190,4
835,3571,3
989,3172,6
169,289,7
190,1291,6
192,3407,4
153,1867,5
663,2017,4
3598,3939,4
1766,2179,3
2948,3786,3
2545,3070,3
1452,2064,2
184,3510,10
1671,4061,3
1113,3894,22
117,1994,29
593,1107,3
1169,1945,21
1122,2395,10
1392,2952,4
2188,2743,3
2001,2762,4
4138,2556,3
1940,2069,6
547,3435,4
2340,3936,4
2004,4011,29
405,1048,21
293,3189,3
585,3987,5
1237,3312,13
235,3601,4
1236,2723,14
2741,3917,17
97,2753,29
737,1002,29
1063,1935,18
1868,1967,2
1553,3418,29
1567,2445,3
4109,3697,3
2560,3591,21
4102,3350,3
1309,3728,6
3260,3822,4
681,3945,3
391,1891,3
2673,4073,4
3447,3956,4
1482,2039,5
850,3319,1
2109,3100,10
343,2445,3
1146,2394,3
405,1024,21
1203,3599,3
413,1753,4
823,1030,17
459,3368,2
4107,770,3
775,2723,14
3312,3653,29
3248,3698,4
3347,4011,29
2753,3074,29
101,3479,8
1301,2643,2
1710,4022,2
1984,2650,2
1396,3944,3
174,703,2
1925,2731,2
2477,3282,2
847,2560,21
1284,3100,10
390,2889,2
731,816,5
554,2406,1
827,2385,3
1474,3971,18
424,2903,22
619,3530,4
2278,3173,9
792,3024,3
1531,4006,10
1944,3743,6
2369,3935,17
150,3556,6
3357,3358,3
1231,1596,4
528,538,3
707,3916,17
2210,3362,3
117,350,29
222,1464,4
906,3701,2
847,1616,21
4121,3510,10
2588,2829,4
1282,3728,6
405,1169,21
623,1043,4
1758,3179,4
329,1203,3
1397,2561,2
1233,1524,4
3260,4051,4
560,3821,2
3046,3538,4
967,2181,3
1674,3766,4
1427,3407,4
2834,3869,3
1284,1335,10
250,1994,29
464,2454,2
1196,3832,4
184,1099,10
2130,2993,3
1546,3989,14
3611,3945,3
2126,3097,4
2250,3347,29
2357,2429,21
1436,1468,9
1496,1900,2
2280,3378,21
2196,2398,17
2298,2548,3
1226,3591,21
351,673,29
2095,3347,29
925,1722,14
100,1037,1
626,2213,7
1561,2668,4
119,2462,3
155,1836,8
737,4079,29
1246,3522,3
1451,3120,7
3092,3686,4
1146,3981,3
514,1034,9
538,1537,3
1237,3762,13
34,3106,7
1410,3808,4
3479,3818,8
304,1500,2
1048,2233,21
673,3613,29
1252,2629,1
1327,2992,5
355,3866,2
737,2004,29
3193,3998,3
866,3830,3
878,2754,4
4121,1099,10
55,3284,4
1284,3962,10
1048,3249,21
2015,3956,4
223,3529,4
396,1938,3
2863,3387,29
1816,3742,4
2579,3091,4
2129,3918,4
3079,3923,2
3181,3403,3
3276,3323,1
479,3605,4
341,1329,3
426,2749,22
190,3263,6
71,2708,3
1599,2575,9
1770,3939,4
824,1284,10
1641,3762,13
1942,2250,29
1549,2752,3
2885,3758,3
1803,3950,2
2887,2935,4
778,1024,21
581,3594,10
2004,3714,29
1836,3818,8
1348,2783,22
2516,3260,6
2552,2872,2
1277,2366,6
1348,2782,22
2186,3788,3
1125,2763,3
666,2531,2
1942,3347,29
2386,2753,29
1945,2247,21
471,2772,4
2280,3591,21
974,3172,6
2268,3939,4
4101,2210,3
535,2673,4
1935,2995,18
336,3337,4
703,1427,3
251,1453,3
495,816,5
814,2650,2
974,2161,6
1651,2502,4
1113,2903,22
974,3179,6
3401,3825,2
3691,4052,5
1185,2217,4
1937,3770,4
2692,2725,4
864,3183,3
1187,3087,13
2967,3575,3
1827,2595,2
971,2754,4
1250,1746,5
83,1089,3
267,2282,2
784,2875,4
635,3159,3
214,2493,3
1541,2634,9
1292,1974,2
4127,432,4
1892,3120,7
390,2129,4
1752,2181,3
1591,2764,3
1341,1489,1
2367,3808,4
573,2336,4
1553,2039,29
65,2723,14
1048,2906,21
2278,2549,9
1733,2493,6
1313,2036,4
10,525,1
673,2550,29
3352,3971,18
3402,4015,3
90,2810,4
2795,3387,29
2381,3438,2
836,1446,3
1553,3347,29
622,2899,3
1736,2220,4
1504,3945,3
2125,4020,14
2956,3836,3
556,3916,17
528,1270,3
15,847,21
236,2377,3
66,3327,6
1051,2782,22
1026,3012,3
416,3117,4
1932,2592,2
405,3591,21
2129,3467,4
3163,3749,2
3163,3932,3
1322,2902,1
1607,3918,5
1410,3807,3
2905,4012,2
754,3356,3
1611,2752,3
2291,3897,22
3126,3935,17
559,1316,3
2004,3074,29
816,866,5
911,3846,3
424,426,22
153,3827,5
90,1510,4
2671,2866,3
1453,3332,3
1937,3790,4
2534,2545,3
2737,3043,4
483,1738,1
2260,3108,2
2581,3229,1
278,3770,4
236,1901,3
912,934,2
3685,4052,5
9,774,2
4151,621,2
531,816,6
775,3273,14
3522,3765,3
916,2555,2
707,3832,17
2604,3387,29
58,593,3
2254,2407,2
2293,3568,3
354,2248,14
1994,2250,29
559,3511,3
1024,1981,21
2002,2803,3
792,1329,3
586,1939,3
2123,2573,6
2281,3095,4
405,2429,21
1945,2429,21
323,3124,4
68,3761,3
479,2282,4
216,485,1
778,3287,21
919,3808,4
689,2880,3
1167,2015,3
1722,2516,14
2256,2858,3
3541,3912,6
2128,3832,4
1333,1958,8
3416,3820,3
2064,3008,2
1441,1745,3
3661,3685,5
416,1720,4
2675,3500,3
2752,3574,3
897,2205,1
1551,2128,4
2290,2410,17
1889,2028,2
1266,2753,29
3300,3387,29
4151,660,3
153,3312,13
2144,3494,3
450,1469,2
387,3126,17
428,2627,14
2929,3630,2
3440,3818,8
1997,3762,13
1176,3742,4
1553,3315,29
3358,3360,2
172,2993,3
195,1951,2
1392,1653,4
1063,3971,18
839,3891,4
2366,3074,29
1464,2232,4
3387,3418,29
816,4020,14
1464,2957,4
4102,1939,3
1188,2383,4
999,3293,4
1453,2576,3
1869,3815,2
518,1041,22
284,772,3
1116,2709,3
3132,3236,2
281,818,2
518,2081,22
723,1971,3
1386,3698,4
2174,3664,2
161,2964,3
2868,3881,4
1024,2560,21
1510,2810,4
1845,3851,2
1901,2850,3
112,3036,3
1483,1952,3
286,1510,4
1367,1531,10
971,2281,4
968,2089,3
283,2604,6
1465,3816,3
2446,3134,18
1674,2962,4
2929,3110,2
2626,2681,4
344,3325,8
3156,4038,1
991,3069,1
1674,3633,4
2560,2906,21
2565,2831,3
590,2446,18
1169,2867,21
1014,1137,17
2698,3998,3
97,3297,29
2537,3667,2
1231,4008,4
187,3067,3
3159,3740,3
1920,3501,2
249,3844,4
2280,2867,21
1018,2711,10
123,915,2
1818,2755,2
1059,1237,13
538,3887,3
1828,2035,4
69,1800,3
3044,3698,4
1436,1541,9
147,666,3
2373,3937,4
1361,3578,6
226,2886,3
547,3289,4
153,1555,5
1158,3390,1
1251,3898,3
970,2499,4
1553,3613,29
778,1226,21
847,2429,21
2664,2691,3
66,3347,29
2887,3046,4
1082,1541,9
1607,4020,14
2588,3818,8
285,1944,5
1056,3864,3
2411,3919,3
1677,3150,4
1599,3173,9
2890,3728,6
2129,2543,4
816,2576,5
1688,3203,3
157,3707,17
4129,1041,22
737,2753,29
226,3197,2
1257,3056,3
486,1873,18
2842,3489,4
1018,3875,10
406,2339,3
1284,1531,10
3302,3569,2
2626,3328,4
3613,4039,28
737,3074,29
3016,4042,2
58,1060,2
1370,2493,3
514,769,9
518,2168,22
2144,3241,3
3407,3613,28
1002,3174,29
706,1024,21
1160,3231,18
3448,3788,3
2036,2417,4
1397,3565,2
208,2372,4
1869,2063,2
2004,2386,29
3241,3566,2
2395,3594,10
1615,2397,3
1553,3155,29
2757,2842,4
1942,3297,29
1828,2036,4
1521,2370,1
101,344,8
1250,2572,5
146,2275,3
450,3944,3
140,3571,3
859,3250,4
2711,3510,10
2723,2909,14
3387,3487,29
1265,3043,4
629,645,3
2169,2896,3
2450,2515,3
1783,2984,29
635,2054,3
1226,1981,21
4141,2471,3
250,2250,29
2886,3245,3
250,1942,29
1018,3922,10
60,1784,2
121,2909,6
2062,3818,8
2977,3171,9
854,3298,1
2268,3728,6
2338,2525,4
161,3427,3
352,836,3
443,3190,4
319,3883,3
1146,1147,3
2174,3661,4
3347,3714,29
3387,3613,29
1537,1637,3
2128,3208,4
775,4020,14
3594,3962,10
2004,2250,29
3541,3705,6
1408,2909,6
2081,3894,22
528,3721,3
839,2835,4
2513,3155,9
3180,3937,4
680,2836,2
1129,3002,3
1677,2035,4
590,3134,18
2346,2969,1
2289,2626,4
2017,3620,4
3482,3594,10
1958,2606,8
1475,3673,4
3120,3769,7
169,3106,7
1346,1628,2
2035,3770,4
1132,1266,29
823,1014,17
925,3273,14
4107,3001,3
1596,1597,3
970,3312,13
15,1226,21
3060,3157,2
32,3770,4
2130,2356,3
1653,3517,4
2069,2355,6
1302,2188,3
2613,3511,3
87,149,3
1474,3352,18
1746,2095,5
1174,1784,2
85,3984,4
350,3074,29
1903,3873,3
2307,3473,2
1730,3315,9
137,235,3
265,1654,4
157,2290,17
2504,3330,3
2345,3844,4
524,1343,4
66,2977,9
2963,3513,2
1883,3337,4
3576,3991,2
920,3808,4
1187,3762,13
1008,3881,4
108,3477,2
2446,3483,18
289,2213,7
768,1404,3
65,3120,14
773,2831,2
1935,3231,18
2250,2753,29
1468,1541,9
823,3707,17
2103,3548,3
4129,1348,22
1048,3442,21
3553,3554,2
4101,723,3
309,3050,1
974,989,6
1596,2448,3
799,2723,14
986,1329,3
27,2163,4
619,3407,4
3362,3884,3
147,546,3
796,2903,22
1169,1226,21
2843,3770,4
494,1048,21
1048,3081,21
1952,3152,3
1524,2096,4
2752,2777,3
1185,1233,4
861,3887,3
707,1140,17
1752,2534,3
827,829,3
1901,3394,3
3320,3796,2
1697,3919,3
157,556,17
299,1879,5
1475,3198,3
1553,1942,29
2501,2656,2
3871,4025,3
1443,2644,1
12,2709,3
286,454,4
3500,3761,3
2558,3590,2
157,757,17
556,757,17
1041,1348,22
3894,3897,22
1191,2319,4
514,1367,9
447,3241,2
1031,3971,18
155,3818,8
1694,1857,1
970,3827,4
117,3487,29
3715,3807,3
1002,1266,29
866,2293,3
510,3192,4
1531,3271,10
845,3920,1
812,3855,3
1464,1561,4
1508,1624,1
632,1501,3
66,1944,6
1167,3195,3
686,2875,4
189,2602,5
593,1060,3
3707,3916,17
998,2627,4
1561,2753,29
1766,1982,3
97,350,29
796,2081,22
1942,4011,29
2066,3668,4
706,1169,21
1921,2827,3
2043,3788,3
2380,3784,1
670,3412,2
459,939,4
1453,2589,3
796,797,22
2040,2709,3
2196,2290,17
1783,3418,29
2220,3500,4
1777,3318,13
400,1629,4
2196,3126,17
117,3387,29
514,1318,9
271,1402,2
556,1030,17
836,2941,3
1012,1410,3
1672,2664,3
1063,2971,18
1030,2196,17
1994,2550,29
595,3894,22
1185,1877,4
1343,3800,4
2466,3723,3
117,189,29
426,1506,22
3347,3653,29
265,1218,4
447,1388,2
3699,3976,2
294,1077,4
737,1553,29
2250,3174,29
718,2071,2
3087,3312,13
150,4030,6
1994,2753,29
1122,2109,10
1882,2095,5
1942,3613,29
2169,2355,3
1534,2695,3
1939,2079,3
1342,2923,3
1674,3601,4
3087,3625,13
399,2156,2
426,3897,22
917,3347,29
1547,2629,1
1194,2549,9
970,2497,4
1226,2357,21
970,3618,4
1059,1777,13
2350,3510,10
2035,3583,4
1709,2708,4
85,3354,4
2192,3894,22
583,3476,2
2263,2627,4
1935,3483,18
1825,3036,3
2129,2737,4
3875,3922,10
1030,2369,17
871,1249,2
2573,3729,6
1897,1952,3
2516,3583,6
531,3556,6
2505,3250,4
50,3356,3
529,4079,29
453,3695,3
2993,3611,3
428,2453,14
1474,2446,18
2006,3459,3
1912,3740,3
1226,1616,21
428,2248,14
323,1312,3
847,2357,21
85,2241,4
1596,3375,3
122,3173,9
424,2749,22
163,2095,5
513,2167,1
1137,2605,9
262,503,3
4011,4079,29
1461,1464,4
559,2339,3
2731,3554,2
64,3012,2
3179,3934,6
2444,2831,2
89,2605,9
442,932,3
486,572,18
184,2350,10
2627,3090,4
283,3387,29
1169,1192,21
971,3929,4
537,1472,3
184,2711,10
1109,2880,3
597,864,3
2130,4056,3
3074,3743,29
2711,3875,10
1836,1878,8
823,2744,17
1404,1977,3
2063,3800,4
604,2382,3
87,971,4
435,1124,2
85,2582,4
156,1939,3
259,3987,5
1107,1251,3
3418,3733,29
595,1041,22
605,3922,10
899,3164,1
3288,3591,21
183,190,6
604,3492,3
6,1553,29
1563,1720,4
2004,3387,29
2068,2890,3
686,3264,14
4102,156,3
273,1948,2
2188,2763,3
117,3074,29
4119,1760,3
1168,2977,9
971,2388,4
974,1758,6
973,3092,4
2407,3077,1
925,2248,14
157,2410,17
486,3352,18
2255,3884,3
1597,3503,3
3673,3871,4
900,1195,2
1498,1997,13
1621,2128,4
603,2210,3
2200,3494,3
581,1284,10
775,3989,14
1014,3126,17
2139,3424,1
556,2741,17
1113,2782,22
1797,3294,2
324,2544,3
189,3663,5
2101,3574,3
828,1931,2
2498,3251,1
2640,3529,4
2700,3936,4
3129,3427,3
3397,3596,2
296,3994,2
1138,1546,14
1631,2477,2
1873,2251,18
2280,3287,21
2640,3084,3
3487,3653,29
243,1729,3
775,3264,14
3749,3932,3
4118,2096,2
2018,3442,4
1657,3820,1
985,3074,29
117,529,29
2984,3613,29
1994,2209,29
3047,4086,4
673,3347,29
1226,2867,21
579,2621,3
1174,2679,2
552,1957,1
922,1016,5
656,2516,6
6,1266,29
595,796,22
4121,3922,10
2104,3893,3
1587,3998,3
117,3146,29
3763,3803,3
1612,3218,2
398,2671,3
1231,3574,4
1739,2258,3
2128,2753,29
67,3106,7
2447,3684,4
50,873,3
929,1453,3
1153,2449,4
1994,3347,29
2446,3231,18
3074,3613,29
463,2040,3
209,1186,3
1942,4079,29
4122,3861,3
1168,1319,3
685,1766,3
631,1653,4
3297,3653,29
889,1361,2
518,3894,22
2753,4011,29
1942,2004,29
1537,2289,3
612,3204,2
1553,2753,29
843,1382,3
954,1314,3
1457,1869,2
117,1002,29
3387,4011,29
2825,3863,2
778,1616,21
983,3705,6
73,1003,3
286,2810,4
1084,2834,3
2061,3508,3
1199,2792,3
785,3560,9
138,942,2
2021,2984,29
1185,3601,4
1237,3087,13
40,1082,9
529,1266,29
1616,2233,21
660,2335,3
1084,2515,3
3003,4060,2
353,1065,6
338,486,18
1266,2984,29
4154,1921,3
1641,3087,13
605,3875,10
2366,3347,29
1262,1714,3
1966,2154,3
15,405,21
1591,2493,3
528,1537,3
1901,3599,3
2585,2760,2
458,1966,3
233,2879,2
1266,1994,29
4098,261,4
51,953,3
2914,4008,2
645,2158,3
583,2423,2
1787,3189,3
1024,2280,21
2552,3049,2
847,3287,21
2734,2992,5
492,641,1
383,2247,21
87,2155,3
454,1510,4
426,1051,22
1160,3352,18
2737,3447,4
4124,258,2
34,2846,7
293,2466,3
20,919,3
816,2919,5
1203,1901,3
707,2744,17
1035,3742,4
590,1160,18
97,2250,29
323,1121,3
97,673,29
153,2466,5
669,2769,3
529,1553,29
72,2374,3
1748,3418,29
559,2613,3
1677,1755,4
1441,2880,3
1059,3054,13
440,3075,4
737,2250,29
529,3418,29
2995,3352,18
3180,3952,4
2561,3565,2
1531,3120,10
6,3347,29
2281,3671,4
968,2612,2
189,2095,5
1272,3038,2
1707,2550,9
2901,2971,3
2562,2683,3
1002,3653,29
668,1644,3
15,2280,21
139,1168,3
2233,2280,21
3273,3989,14
2081,2192,22
3037,3485,2
3421,4041,2
681,3467,3
1020,3242,3
2559,3330,3
85,3965,4
1048,2280,21
2036,3092,4
673,2250,29
1677,3397,4
2658,3793,2
3191,3741,2
1067,3601,4
1950,2095,5
2081,2783,22
823,2369,17
1409,2834,3
4121,605,10
2398,2741,17
4129,595,22
971,4073,4
340,3541,6
707,2410,17
454,2810,4
97,250,29
218,374,2
759,3536,2
1707,3418,29
962,3343,2
53,4065,3
151,3387,29
3253,3930,3
1553,3174,29
3198,3260,4
426,1348,22
1519,3991,2
1417,1920,2
112,2802,3
693,3893,3
71,3448,3
250,3074,29
157,1629,17
97,4011,29
1531,1780,10
3743,4003,6
1474,1873,18
514,3271,9
517,3733,5
1818,2673,4
2901,3817,3
604,1532,3
1677,2319,4
432,2220,4
753,3418,29
1055,2752,3
2017,4086,4
3310,4034,4
426,518,22
426,1041,22
3155,3594,10
3592,3919,3
1055,1549,2
1042,1099,10
707,2290,17
816,1028,5
2149,2690,3
52,2038,2
1213,2834,3
387,2398,17
171,3142,3
572,3134,18
1450,1950,2
2741,3916,17
76,3403,3
970,3686,4
1553,2977,29
1501,3244,3
201,2783,22
572,3971,18
742,954,4
1622,2957,4
201,2782,22
1675,1726,3
6,2386,29
2263,2427,4
1113,2291,22
2429,2867,21
1475,3260,4
4134,2116,1
340,1940,6
695,3492,2
3349,3807,3
645,1402,3
547,3160,4
1031,3231,18
1907,4052,5
85,1156,4
975,1524,4
1901,2092,3
3100,4006,10
973,3686,4
3231,3483,18
665,673,29
659,693,3
572,1160,18
2291,2903,22
1014,2196,17
293,3250,4
2280,3288,21
471,909,4
2290,2744,17
3205,3503,3
1572,1655,4
479,1086,4
1818,2934,2
1750,2407,1
399,3494,3
1921,2124,3
1656,1824,6
2731,3609,2
1907,3409,5
3558,3788,3
769,2513,9
284,1941,3
101,1878,8
767,2575,9
666,1370,3
366,2906,21
572,1935,18
673,4011,29
2039,2154,5
155,3479,8
1498,1777,13
2199,3797,3
1093,2154,3
2554,3663,5
2886,3500,3
1544,2036,4
912,1918,2
2233,2906,20
2296,2762,4
1939,3035,3
1548,3934,6
1506,2782,22
3625,3762,13
1878,1958,8
1231,3415,4
87,281,3
250,3653,29
1493,2829,4
1266,2977,29
1802,3317,1
1059,3312,13
2413,3148,2
1537,2802,3
161,3626,3
1782,3257,2
77,2416,2
767,2278,9
4129,2749,22
737,2386,29
353,1384,6
6,4079,29
906,3132,2
784,2887,4
1191,2140,4
3487,4011,29
1910,2637,3
1048,2965,21
3129,3626,3
1217,2838,1
2520,4050,1
1216,2043,3
428,3273,14
1647,3582,3
3858,4012,2
3808,4005,4
101,3325,8
816,1629,5
365,2470,1
338,3134,18
105,681,3
3563,3846,3
40,3127,9
2627,3996,4
454,1709,4
1553,3120,29
1982,1990,1
40,1137,9
1527,1596,3
779,1383,2
998,3090,3
1248,1877,2
440,839,4
573,1170,4
9,2368,2
1081,2089,3
1169,2280,21
2123,4030,6
383,1169,21
864,3254,3
1307,3807,3
604,2683,3
1345,2015,3
1182,2296,4
1411,3700,3
425,3715,1
1498,3762,13
1705,2515,3
1632,3357,3
2144,3566,3
1041,2903,22
192,3347,29
1231,1674,4
201,2291,22
4003,4020,14
533,1746,5
259,922,5
542,3355,3
532,3173,9
824,2395,10
1074,2690,2
1945,2357,21
1048,1945,21
1002,2753,29
2393,4052,5
3074,3297,29
1783,1994,29
3081,3591,21
1048,3287,21
1163,2752,3
572,1031,18
2250,4079,29
3506,4067,3
3686,3692,4
1213,2199,3
3049,4005,4
2069,2169,6
673,3074,29
2322,3954,1
350,3418,29
2750,3473,2
590,1935,18
1780,3490,9
366,1048,21
2213,3106,7
2550,4011,29
3337,3810,4
194,3264,14
432,3338,4
432,2144,4
1479,2135,3
250,529,29
1241,2319,4
383,1945,21
2367,3418,29
650,2417,3
1016,1879,5
528,2289,3
704,2432,3
905,3733,5
323,2327,3
1756,2327,2
824,3165,10
4154,949,3
1674,2966,4
1779,3518,2
847,1169,21
619,3568,4
659,3893,3
2516,3728,6
165,198,2
2731,3553,2
847,1981,21
1233,2913,4
2386,2984,29
3664,4055,2
6,1942,29
1314,3416,3
117,2386,29
527,2737,4
4157,3787,4
1086,3605,4
1836,1958,8
3203,3534,3
1202,3945,3
1049,3699,2
800,1690,2
2290,3935,17
2367,3986,4
3272,3761,3
196,3813,6
4143,1266,29
293,2417,3
1411,1902,3
1065,3172,6
2233,2429,21
89,1137,9
534,971,4
1457,2063,2
1601,2447,4
956,2626,4
1226,2560,21
3065,3270,1
792,3413,3
2774,3920,1
250,3387,29
2095,2977,9
250,3950,29
753,2209,9
1041,2291,22
1169,2357,21
1082,2605,9
2664,3267,3
1661,2965,3
250,3487,29
4135,1143,3
1343,2163,4
336,2051,4
1031,1160,18
484,2490,1
973,3827,4
1748,2367,4
529,2753,29
2001,2103,4
1616,2560,21
15,2233,21
338,1873,18
2327,2436,2
593,2417,3
706,1226,21
4138,2377,3
778,2247,21
1030,3707,17
1048,1192,21
2248,3273,14
1730,3418,29
2035,2334,4
2369,2398,17
2168,3079,22
2135,2465,3
3807,3808,4
1945,3591,21
117,3743,29
703,732,2
408,458,3
3096,3793,2
605,2711,10
2357,2867,21
4120,3638,2
15,1048,21
97,3613,29
1816,2906,20
97,1994,29
742,2036,4
1002,2250,29
374,2054,2
2004,4079,29
1939,2899,3
1731,2585,2
769,3155,9
495,3832,4
2886,3449,3
1666,2709,3
1498,3312,13
2937,3012,2
1798,2802,3
3387,4079,29
1056,2069,6
2980,3324,2
97,674,29
866,1453,3
2196,3707,17
529,2984,29
285,2554,4
753,1266,29
2537,2539,2
2209,2550,9
2482,3358,2
350,737,29
1788,2751,2
1878,3479,8
3510,3922,10
883,1591,3
3253,3733,5
417,1677,4
3250,3698,4
698,3898,2
1318,1367,9
1574,2002,3
1148,2664,3
2356,3234,3
1780,3271,9
983,1940,6
1498,2198,13
3770,3988,4
2334,2434,2
3174,3418,29
199,2215,1
2626,3787,4
2002,3617,3
575,2638,2
416,2582,4
796,3897,22
595,2291,22
2741,3707,17
3407,3657,4
641,928,1
3271,3594,10
3663,3727,5
707,823,17
1169,3591,21
6,3074,29
1153,3672,4
1143,3685,5
939,2302,4
619,1507,4
1655,2447,4
2594,3843,2
1119,1545,2
742,1310,4
117,3297,29
660,1621,3
847,1945,21
2338,2762,4
866,3716,3
706,2280,21
366,706,21
3231,3971,18
366,3288,21
2379,2691,3
1553,2984,29
518,2749,22
2517,3260,4
562,3297,29
3074,4011,29
556,3935,17
750,1952,3
1824,3293,6
1211,2281,4
1004,3119,2
3529,3808,4
2015,2334,3
235,1233,4
3753,4033,3
157,3126,17
1160,3483,18
1844,3578,6
15,706,21
3318,3762,13
816,2293,5
3529,4034,4
354,3273,14
1897,3152,3
236,1680,3
409,1328,3
2627,3611,4
579,1977,3
1187,1997,13
236,1760,3
1082,2634,9
1177,3191,3
3814,3861,3
864,3807,3
2386,4011,29
121,2701,6
676,2731,2
405,3287,21
1250,1863,5
2550,3418,29
2560,3081,21
946,1257,3
256,3956,4
4101,603,3
663,3613,28
1506,3897,22
4129,3897,22
2475,2656,2
2372,3260,4
560,756,2
914,1524,4
2095,3663,5
572,1063,18
2393,3754,5
2398,3916,17
2162,3412,2
785,1531,10
267,3304,2
1392,3517,4
1614,2502,4
87,187,3
4103,3776,3
2081,3897,22
1182,2338,4
428,799,14
766,2126,4
1298,3024,2
621,867,2
2532,3954,1
525,3934,6
2782,3659,22
41,1340,3
1807,1933,2
3415,4049,4
1722,2248,14
265,1879,5
942,2595,2
423,3289,4
1048,3591,21
706,3378,20
2126,3145,4
1390,3260,4
906,1167,3
932,2064,3
2254,2839,2
2791,3686,4
1945,2867,21
971,3255,4
572,1474,18
258,3252,2
897,2086,1
366,3591,21
233,2254,2
1372,3293,4
55,413,4
1445,1483,3
2247,3081,21
3051,3291,2
2291,3894,22
233,3091,4
1024,3591,21
2186,3558,3
3747,4064,2
1555,1901,3
3100,3594,10
1891,3496,3
296,1249,2
107,719,1
2502,2992,5
866,3355,3
1830,3005,1
1128,4024,4
2398,3126,17
1493,2411,3
2516,3374,6
670,848,2
3297,3387,29
2196,2741,17
717,2886,3
45,1950,2
2995,3231,18
3014,3256,2
632,3244,3
1472,3611,3
443,1058,4
3134,3352,18
1359,2558,4
1553,2550,29
648,3302,2
1266,2209,29
1059,1498,13
2357,3591,21
2048,3327,5
1942,3418,29
359,2842,4
1107,2271,3
946,2061,3
1531,3100,10
2426,3260,4
540,1613,2
1211,3851,4
1107,3012,3
737,3418,29
1265,3698,4
825,2397,3
1951,3432,2
937,3112,2
533,1266,29
796,2782,22
190,3446,6
4123,3940,2
248,2146,2
1524,3393,4
15,2357,21
1722,3273,14
3312,3318,13
1185,1248,4
1532,3594,10
2858,3286,3
1474,3483,18
2366,3578,6
55,3763,4
753,3315,9
3754,4052,5
2582,3965,4
567,3883,3
89,1468,9
387,823,17
495,2673,4
2984,3487,29
2620,3220,2
2749,3897,22
3496,3932,3
4154,112,3
3760,4086,4
379,2739,2
471,941,4
2123,3556,6
612,1748,2
1024,1945,21
596,1935,18
1043,1231,4
513,593,3
2263,2901,4
3587,3770,4
1878,3818,8
3446,3705,6
146,2453,5
405,2357,21
1721,3801,1
119,1043,4
706,2233,20
2675,3604,3
2533,3448,3
327,2462,3
907,1511,2
405,2280,21
1760,3465,3
359,2968,4
2271,3898,3
1955,3954,1
595,2783,22
340,983,6
3120,3271,9
1214,2457,3
1231,3636,4
1945,1981,21
250,4079,29
1464,2220,4
400,1883,4
604,695,3
2130,3502,3
2402,3788,3
1118,2018,4
2247,2560,21
3203,3264,14
3058,3745,3
3330,3995,3
477,2128,4
1267,2643,2
641,2675,3
1917,2063,2
1591,1993,3
250,1546,29
4102,1401,3
681,3058,3
1250,2977,9
201,2903,22
431,1203,3
366,2280,21
338,1063,18
596,2251,18
710,1669,2
2035,3302,4
2043,2408,3
307,1445,3
573,1946,4
4107,1622,4
139,1319,3
2270,3268,1
353,974,6
234,3871,3
1225,3252,2
2909,3459,6
121,1824,6
866,3699,3
881,2883,2
2280,2906,21
261,2842,4
1555,1619,3
2209,4011,29
2437,3888,2
3583,3673,4
146,3300,3
1160,1873,18
3001,3108,2
3297,3613,29
552,2349,2
547,1937,4
1034,3560,9
1328,3264,14
3581,3770,4
1186,3250,4
2234,3435,2
2339,3511,3
405,1616,21
6,3487,29
1020,2261,3
1314,1773,3
933,2910,4
673,1942,29
737,3487,29
2172,3234,3
2672,3796,2
97,3347,29
1348,2291,22
3686,3698,4
775,3120,14
1546,3273,14
962,3038,2
1546,2125,14
1767,3406,3
2984,4011,29
2744,3126,17
925,3264,14
2391,3238,2
777,2579,2
2206,3847,3
1530,4010,1
262,2120,3
1997,3550,13
549,3157,2
1304,2457,3
902,1714,3
142,2939,2
477,2332,4
2248,2723,14
1034,2513,9
1383,1761,2
1002,3714,29
3287,3288,21
326,1632,2
4135,2117,3
27,2725,4
2782,3894,22
518,796,22
1527,2642,3
1192,1945,21
1773,3416,3
2531,3078,1
249,573,4
2417,3189,3
1386,2737,4
562,737,29
1059,3550,13
1958,2829,8
3315,4011,29
2287,2516,6
2744,3707,17
105,1165,4
2161,3934,6
1979,3727,2
706,1048,21
56,2437,2
706,778,21
2281,3255,4
153,1879,5
1590,2333,2
387,707,17
46,1628,2
405,1226,21
1165,1533,4
215,1272,2
507,708,3
1544,3686,4
2043,2152,3
195,1967,2
1761,2141,2
1185,1406,4
208,3260,4
153,922,5
408,3930,3
2410,2741,17
3264,4020,14
1852,2751,2
3653,4079,29
447,1136,2
1236,4020,14
119,1854,3
6,3653,29
1317,3159,3
1099,2350,10
4146,1167,3
117,2250,29
215,2031,3
2063,3981,2
184,1018,10
742,2018,4
1506,3659,22
1587,3193,3
764,4041,3
3058,3827,4
1417,1716,2
2128,2335,4
1023,3190,4
2247,2867,21
778,847,21
973,2128,4
862,3938,2
117,1266,29
1967,3397,2
366,405,21
842,2055,1
4122,708,3
3288,3378,21
827,1203,3
2804,3536,2
3816,3844,4
3800,3930,4
4126,2063,2
3352,3483,18
1283,3654,1
1237,1997,13
1904,4036,2
3613,3714,29
1337,2415,3
1546,3728,14
350,1942,29
1427,3415,4
1828,3742,4
1177,2438,3
1597,2691,3
15,3288,21
1707,2039,5
939,1953,4
1907,2393,5
1744,2020,4
3409,3691,5
2753,3297,29
366,1169,21
1679,2734,5
97,3714,29
823,3126,17
1030,3126,17
2984,4079,29
514,3560,9
1942,3987,29
184,3922,10
250,2386,29
478,4041,2
4135,3685,5
53,1577,3
203,3357,3
3174,3387,29
2751,3578,6
1384,3934,6
824,1122,10
1063,1160,18
529,3297,29
7,2043,3
765,923,2
986,3413,3
2749,3894,22
3120,3155,9
2023,3816,3
403,3489,3
1860,2319,4
3347,3578,29
954,3416,3
1348,3659,22
901,1418,3
1954,3538,4
2516,3387,29
415,990,2
518,3897,22
2637,3711,3
286,429,4
508,2002,3
1033,3343,3
115,3121,1
1553,4079,29
2251,3971,18
778,1169,21
880,2002,3
2181,2534,3
4121,1018,10
1041,2168,22
1445,3818,8
2168,3894,22
2187,3250,4
1739,2709,3
2416,2675,3
1938,2356,3
101,2606,8
15,3378,21
1524,2913,4
2140,3605,4
889,3578,6
518,3659,22
1237,1777,13
2386,3714,29
795,2227,2
3125,3581,4
1082,1436,9
1383,3751,2
2783,3659,22
440,471,4
2125,2723,14
939,2007,4
4129,2291,22
3503,4061,3
1160,2995,18
1577,4065,3
1392,2452,4
1292,3942,2
529,3487,29
2750,3327,5
532,1194,9
403,1107,3
1873,3352,18
398,2866,3
2701,3728,6
1356,2686,4
424,1506,22
939,2199,4
1298,1875,2
3006,3945,3
1031,1935,18
2281,4015,4
358,3147,1
622,3936,4
2168,3659,22
3974,3986,1
3250,3956,4
7,432,4
656,3503,4
1177,2971,3
1099,3922,10
3673,3685,5
529,2004,29
2513,3271,9
2875,2935,4
1063,3483,18
1194,1599,9
1266,4011,29
1781,2775,2
2042,2593,3
426,2291,22
85,3726,4
122,2575,9
1994,3653,29
3840,3843,4
1035,1133,3
1575,3753,3
1464,1622,4
2130,2637,3
1231,1524,4
2913,3601,4
1048,1981,21
1327,2734,5
2291,3659,22
1453,3830,3
2701,3260,6
3418,4079,29
593,1026,3
1675,2967,3
1266,3315,29
1546,2723,14
1170,4012,2
983,3541,6
2233,2867,21
428,1882,14
1674,2708,4
1016,4021,5
3190,3304,4
2337,2915,2
271,2158,2
4107,3617,3
1478,1731,2
1041,1506,22
1023,1359,4
62,3391,1
2261,3242,3
2850,3394,2
2744,3916,17
2057,2753,29
1775,3753,3
2808,3745,2
529,3174,29
1954,2875,4
338,3231,18
2278,2489,9
6,3714,29
176,1328,3
1168,2933,3
1498,3550,13
2741,3126,17
1436,2605,9
105,1533,3
1328,2060,3
1641,3318,13
3042,3330,3
3074,4080,29
65,925,14
216,1524,4
273,875,2
315,2923,3
737,4011,29
681,1640,3
1958,3479,8
175,1440,1
2327,3549,2
4129,3659,22
91,1720,4
383,778,21
823,2741,17
4129,796,22
1182,2525,4
1863,3113,4
1997,3087,13
1113,1348,22
1190,3195,3
1362,3358,2
196,3387,29
1401,3481,3
1464,3698,4
1909,1912,3
967,1752,3
1105,2257,2
1141,2957,4
1697,3468,3
387,3935,17
1553,3387,29
1677,4073,4
259,4021,5
2250,3487,29
605,1099,10
2572,2977,9
432,2965,4
487,2356,3
1076,2493,3
1033,2036,4
4098,359,4
479,3881,4
383,3571,20
1051,3897,22
742,2035,4
590,3483,18
1472,3751,3
1770,2268,4
426,2081,22
2095,3238,5
85,3890,4
1261,2733,2
1773,3091,4
707,3227,17
3556,4030,6
2101,2480,3
2017,3613,28
792,1875,3
1251,2271,3
163,955,3
4111,2237,4
296,1735,2
112,1537,3
350,3347,29
1553,2250,29
878,1211,4
1909,3742,4
3613,3620,28
1393,2310,1
1524,1614,4
3087,3550,13
344,1878,8
3092,3692,4
1140,3227,3
778,3288,21
1042,3290,4
1030,3916,17
1677,2673,4
3659,3894,22
305,2708,3
1886,2733,2
2437,2883,2
1902,3700,3
2291,2749,22
1122,3100,10
172,2830,3
2233,3378,20
483,963,1
612,1931,2
775,1236,14
196,283,6
2909,3919,6
101,1836,8
971,1677,4
73,2521,3
2890,3142,3
250,3297,29
1879,4021,5
32,3125,4
1318,3490,9
757,3935,17
3074,3347,29
4109,2669,2
1002,3347,29
1063,1873,18
419,3747,2
2250,3074,29
1287,3554,2
1697,3201,3
2168,2903,22
2319,3832,4
65,479,14
532,2549,9
4137,364,1
147,2869,3
432,770,4
1359,2528,4
1816,2904,4
354,1722,14
1266,3387,29
1711,1900,2
1862,3503,3
3571,4003,5
673,3653,29
1192,3287,21
2533,3788,3
3051,3058,3
2290,2398,17
1883,3293,4
1869,3558,3
2035,2036,4
1132,3443,4
1313,2035,4
2570,2630,1
2500,3579,2
3477,3612,1
471,839,4
3387,3840,29
1675,3575,3
1981,3287,21
816,4003,5
2457,4015,3
573,839,4
1024,1192,21
4135,544,3
15,3081,21
4133,2471,3
3691,3754,5
1002,4011,29
2012,2813,2
1514,1951,2
1343,3930,4
925,2125,14
3260,3583,4
262,1674,4
556,2369,17
1099,3875,10
2445,3567,3
2906,3378,20
2984,3714,29
561,1937,4
4122,507,3
973,2036,4
486,596,18
1614,3809,4
3136,3703,2
629,2556,3
3203,3419,3
3297,3418,29
1760,2012,3
2227,3115,2
528,1300,3
2192,2903,22
4155,2254,2
384,3347,29
1677,1967,4
383,2429,21
1065,3934,6
956,3787,4
905,1863,4
2117,3384,3
586,2079,3
2083,3098,1
1249,3021,2
674,4079,29
4136,2308,2
195,1868,2
2858,3538,4
785,3155,9
742,1191,4
1614,3934,6
775,1722,14
426,3659,22
1048,1226,21
1237,3054,13
1218,3086,4
1030,2741,17
1128,1844,4
827,1901,3
299,2202,4
535,2134,4
1082,1137,9
2833,3502,3
3769,3987,5
4024,4034,4
1250,2602,5
2168,3897,22
1250,3733,5
1148,1681,2
2350,3875,10
65,2248,14
1644,1766,3
383,2280,21
432,573,4
2525,2762,4
2199,2499,3
823,2410,17
1616,3081,21
2637,3926,3
3174,3714,29
1113,2081,22
1866,3337,4
1373,3489,3
1653,2452,4
3102,4005,4
3531,3684,4
1553,4011,29
51,432,4
2079,2289,3
1945,2280,21
344,1958,8
1907,3685,5
2332,2601,2
707,1030,17
1068,1577,3
1555,2677,3
1137,2634,9
1994,3315,29
2109,2395,10
217,1555,3
989,1065,6
1715,3494,3
2223,2685,3
1780,3560,9
1372,2265,4
97,1942,29
737,2984,29
1154,1212,1
1553,1994,29
1579,3387,29
1616,3378,21
2287,3387,29
673,3297,29
1048,1616,21
905,2829,4
765,1453,3
3126,3707,17
1089,3043,4
1518,2649,3
1527,1572,4
424,1348,22
2220,2559,4
3312,3625,13
1801,1816,4
2797,3763,3
117,3613,29
153,3683,5
2232,2957,4
2643,3122,2
742,1926,4
390,3250,4
405,2247,21
383,2233,20
1329,1507,3
1387,2709,3
2379,2664,3
486,2251,18
1030,3917,17
1051,1348,22
2372,2701,6
2517,2701,6
432,839,4
1444,3633,3
1873,3231,18
3125,3770,4
90,454,4
531,3770,6
973,2499,4
2410,3916,17
1899,4049,4
2043,2151,3
163,1630,3
1031,3483,18
707,1137,17
820,3304,2
486,1935,18
529,3653,29
4136,604,3
2192,3659,22
1674,1709,4
2489,2575,9
707,2741,17
1128,3840,4
2502,3150,4
41,579,3
495,1191,4
383,3288,21
189,2024,5
432,954,4
4107,2015,3
2126,4035,4
725,3238,2
1274,1531,10
121,1733,6
743,2638,2
53,190,6
2199,3368,3
353,989,6
2125,2248,14
1534,2752,3
540,938,2
3081,3287,21
1910,2356,3
90,286,4
4112,3074,29
919,970,4
3,3016,2
2429,2906,21
497,1127,5
3419,4093,2
898,1402,2
1002,2984,29
1099,2711,10
707,2369,17
6,350,29
2070,2829,4
3467,3846,3
4153,1674,4
85,496,4
486,3134,18
192,3743,6
1048,3378,21
596,1031,18
714,1002,29
631,2562,3
153,3611,5
2036,3710,4
737,3714,29
1553,1783,29
1014,2290,17
1317,3247,3
2001,2673,4
366,3081,21
247,3446,3
428,3989,14
1493,1735,3
3074,3714,29
4137,1880,1
426,3894,22
878,2281,4
2015,3900,3
717,1186,3
1582,4073,4
2627,3837,4
999,2986,4
1087,1364,2
3224,3715,1
1096,2764,3
970,3097,4
565,1400,4
2004,3174,29
1677,3633,4
778,3081,21
970,3439,4
1944,3613,28
1122,3594,10
1439,2166,2
2036,2263,4
596,2446,18
2753,3418,29
2520,3678,1
87,818,3
3418,3487,29
1222,3938,2
635,1317,3
1169,1616,21
1800,3953,3
956,3328,4
2168,2782,22
2875,2887,4
932,3574,3
354,2125,14
1128,2453,5
1277,3578,6
595,2749,22
1024,2867,21
757,1014,17
1051,1113,22
153,3723,5
514,1780,9
2135,2769,3
3661,3664,4
458,3930,3
267,3137,2
737,1783,29
1677,1818,4
2876,3178,2
331,1140,3
486,3971,18
1266,3174,29
338,3971,18
518,2291,22
2043,3449,3
2280,2357,21
587,3860,1
1167,3930,3
3272,3500,3
1034,1367,9
4121,3875,10
2398,3917,17
2945,2946,1
63,241,1
875,3476,2
939,3587,4
3406,3506,3
1145,1480,2
454,2894,4
6,117,29
1555,2627,4
2454,3292,2
2209,2977,9
2753,2984,29
1404,2354,3
1474,2995,18
2784,2813,2
792,1677,4
1137,1436,9
1226,2247,21
423,3881,4
753,1994,29
1400,3673,4
2513,3560,9
1024,2906,21
2737,3956,4
1729,1775,3
1730,3733,5
1122,1335,10
366,1024,21
1187,3312,13
1287,2282,2
463,1674,4
201,518,22
1675,1725,3
2066,3504,4
710,3338,2
1545,3387,29
1415,2836,1
2004,3297,29
66,3613,28
1116,2733,3
2977,3253,9
973,2199,4
2620,3611,3
343,3861,3
428,4020,14
2263,2869,4
1908,3684,4
1766,3506,3
706,1945,21
1436,2634,9
169,626,7
319,567,2
1670,1816,4
2129,3044,4
4129,2081,22
1092,3119,2
913,1233,4
369,2450,2
2209,3418,29
824,3100,10
6,1783,29
1128,3310,4
189,3347,29
1084,1213,3
1783,2753,29
2675,3956,4
1507,3413,3
799,1656,6
169,2213,7
435,1453,3
1095,3765,3
157,2741,17
1933,3157,2
882,3120,7
3220,3611,3
3714,4079,29
2002,3189,3
2004,2753,29
1144,1899,2
1474,1935,18
1034,1318,9
132,1248,2
3558,3589,3
83,3043,4
1014,3707,17
1317,1921,3
1653,2952,4
3399,3415,4
1041,2749,22
391,3932,3
529,2386,29
2885,2892,3
424,2291,22
1226,3378,21
1236,3273,14
825,3071,3
1644,3506,3
531,2123,6
1994,3074,29
86,1383,2
1710,3723,3
2386,3653,29
850,1484,1
250,737,29
542,2337,2
2223,3084,3
486,3483,18
3459,4003,5
925,1236,14
2605,3127,9
2605,2634,9
3629,3853,4
3074,3174,29
55,3842,4
2224,2778,2
345,2986,4
847,1024,21
556,2744,17
171,2645,3
1954,3046,4
596,2995,18
3487,3613,29
4116,1378,3
4,3229,1
263,3312,13
117,2004,29
453,1902,3
2219,2289,3
2660,3401,2
971,1022,4
1236,3989,14
769,1531,10
1592,1994,29
2760,2890,3
1169,3288,21
2117,3471,3
1618,3072,2
1371,3996,4
1572,2447,4
2984,3297,29
1970,2035,4
4118,1524,4
1920,2130,3
799,2701,6
1596,2515,3
83,2129,4
4129,518,22
335,1733,6
1961,3244,3
1266,3653,29
1033,3686,4
1788,3551,2
744,3217,1
209,2187,3
861,1901,3
1424,2532,1
816,3293,5
1203,2229,3
1921,2802,3
121,799,6
313,3043,4
61,2345,3
424,1051,22
577,2892,2
856,2502,4
621,660,3
2529,4046,1
2855,2909,6
1555,3430,3
703,1167,3
2311,2859,1
529,3074,29
157,3935,17
1165,3629,4
3174,3297,29
1081,2612,2
1553,2683,29
1994,3387,29
1664,2329,2
1553,2947,29
172,2130,3
409,1697,3
619,2545,4
1226,2429,21
1753,3284,4
490,2863,2
757,2369,17
812,2510,3
452,914,4
1945,3287,21
458,1132,4
1776,3438,2
1981,3081,21
933,1274,6
6,1002,29
604,2099,3
1067,2948,3
250,1002,29
1752,2180,3
89,1541,9
350,2984,29
424,2783,22
424,2782,22
737,1942,29
3054,3625,13
812,1129,3
286,1614,4
913,1231,4
455,1760,3
954,2772,3
4130,3384,3
893,2885,3
2961,3922,10
3155,3560,9
2196,3917,17
1132,1863,4
2749,2903,22
1431,2186,3
908,2023,3
366,778,21
117,3174,29
4124,3863,2
1153,3662,4
184,605,10
1402,2158,2
2410,3935,17
1194,2489,9
1868,1951,2
1177,2901,3
1082,1468,9
2983,3164,1
2737,3250,4
2593,3944,3
117,1553,29
1764,4078,2
2867,3591,21
208,2701,6
2015,3829,3
1370,3114,3
350,3297,29
824,2109,10
2723,3264,14
1522,3215,1
2004,3418,29
478,764,3
1113,3659,22
2730,3937,4
596,3971,18
46,2537,2
3058,3291,3
1165,4034,4
2233,2560,21
1113,3897,22
3387,4072,29
1882,2753,29
1257,4035,3
3837,3996,4
183,3853,3
283,2516,6
1766,3406,3
2012,3216,2
2172,2356,3
2579,3033,2
673,1002,29
3787,3936,4
1231,2258,4
1677,2134,4
532,2278,9
55,219,4
1108,2340,3
876,2258,3
2035,2165,4
1042,2419,4
1942,3714,29
742,3195,4
824,3594,10
1194,3173,9
495,1086,4
161,1905,3
15,3287,21
1002,2386,29
974,1384,6
1060,1605,2
2224,3513,2
785,1318,9
585,3769,5
706,2429,21
1335,3100,10
2357,3288,21
2428,2437,3
2952,3517,4
2069,3705,6
664,3914,2
2258,2709,3
65,1236,14
1873,1935,18
383,1024,21
1908,2447,4
162,2687,2
1502,2627,4
864,2637,3
2220,3075,4
1213,3869,3
3312,3550,13
415,1453,3
2047,4060,2
1264,2228,3
2209,3315,9
374,2015,3
1187,3054,13
498,3004,1
151,1601,4
2356,2637,3
338,2446,18
1022,2281,4
2516,2604,6
1051,2081,22
2345,2538,3
210,2351,2
405,2233,21
1051,3894,22
338,3352,18
866,3568,3
350,2753,29
1063,1474,18
1340,3883,3
1006,4061,3
864,2687,3
4133,4141,3
1107,3489,3
1953,2023,3
3036,3469,3
1777,3054,13
522,3646,4
612,3681,2
1002,1942,29
1034,3271,9
1572,1597,4
3074,3653,29
903,2613,3
1974,2000,2
2027,3613,28
1153,4080,4
101,2829,8
250,2753,29
1471,1596,3
2653,2723,14
3202,3723,3
99,3091,4
4109,3792,2
369,1705,2
615,939,4
1546,3264,14
2373,2730,4
882,1451,5
326,3357,3
1041,3894,22
190,627,6
47,213,2
1396,3827,4
163,1515,3
1356,2250,29
1524,3357,4
556,3917,17
957,1500,2
2498,3580,1
3646,4003,5
909,3887,3
6,3418,29
768,1977,3
596,3483,18
1765,2503,2
2017,3668,4
1733,2909,6
1236,2248,14
285,3347,29
825,3981,3
816,2871,5
1160,1935,18
656,3616,4
2036,2593,4
1493,3919,3
1592,3653,29
2886,3878,3
4096,458,3
2419,3290,4
1616,2867,21
1682,3815,2
1553,3271,29
1014,2410,17
1641,3625,13
162,864,3
1994,2977,29
171,2890,3
2031,2411,3
1176,2126,4
2289,2424,3
488,1883,4
1596,2529,3
2711,3290,10
1842,2733,2
1453,3716,3
161,3129,3
1546,2248,14
313,1265,3
432,1664,4
157,2196,17
575,2061,3
2263,3907,4
2130,3501,3
152,975,4
1231,2752,4
278,726,4
656,1585,4
1900,2038,2
361,2453,5
1734,2300,1
2333,2723,14
905,1250,5
3134,3231,18
34,2213,7
572,2446,18
1035,1816,4
1335,3962,10
352,2941,3
2643,4078,2
1711,2038,2
560,1203,3
1729,2135,3
1187,3318,13
432,2329,4
1026,1107,3
1831,2834,3
3810,3913,4
706,2247,21
2066,3728,6
1318,1780,9
2398,3707,17
1597,2515,3
2655,4047,1
82,2132,1
673,3418,29
350,4079,29
2256,3286,3
1096,1863,4
3074,3578,29
273,2535,2
3315,3733,9
732,2870,2
1502,3180,4
2860,3938,2
2233,3288,21
528,3887,3
944,1167,3
3797,3832,4
132,1874,2
3347,4079,29
827,1718,3
962,1033,3
645,3195,3
1262,2890,3
1493,2827,3
2744,3935,17
645,2556,3
1266,1942,29
315,819,3
533,3663,5
1997,3312,13
1236,3264,14
65,354,14
113,3745,2
527,3500,3
34,67,7
1994,3613,29
3384,3471,3
166,3103,2
55,1753,4
1624,1654,3
428,2723,14
727,1946,4
383,3534,20
590,2995,18
187,4067,3
3164,3809,3
3407,3415,4
4129,2168,22
50,754,3
2806,3947,1
6,3174,29
2048,2333,4
669,3570,3
767,1194,9
3297,4011,29
350,1002,29
1087,3750,2
497,1327,5
1192,2247,21
895,1938,3
1348,3897,22
2858,3091,4
411,3467,3
1133,1950,2
504,3770,4
727,3407,4
323,712,3
2289,2411,3
547,3770,4
2248,4020,14
4150,3002,2
917,3578,6
1981,3288,21
241,2342,1
1493,4079,29
3483,3971,18
1086,2282,4
1348,2168,22
2056,3494,3
1109,1441,3
2417,2466,3
529,3613,29
1018,2961,10
529,1002,29
338,1160,18
15,1616,21
923,1453,3
1493,1921,3
453,3700,3
1616,2906,21
465,1760,3
2280,2429,21
4154,2802,3
150,531,6
717,1736,3
423,547,4
531,3729,6
4121,2350,10
41,3788,3
1116,2273,3
2353,2502,4
1274,3271,9
2556,3809,3
15,3591,21
341,1946,4
750,3396,3
2723,3989,14
79,730,1
1049,3976,2
989,3934,6
1873,3483,18
590,1474,18
595,1051,22
274,2638,2
285,3663,5
866,1264,3
1192,2018,16
1997,3054,13
190,247,6
2015,2676,3
3803,4047,2
15,1192,21
1409,4005,4
827,1555,3
913,1524,4
1451,3769,5
2066,4086,4
1995,3844,4
263,3336,3
826,845,1
2410,2744,17
424,1041,22
2350,3922,10
723,3686,4
1531,2109,10
1921,2829,4
12,1412,3
708,3861,3
1266,3297,29
264,2910,4
1585,3673,4
1674,1826,4
2181,2545,3
581,1122,10
2048,2723,14
250,4011,29
1612,2408,3
2379,3405,3
513,2418,1
1041,1113,22
250,3840,29
549,1933,2
3470,3522,3
1141,1464,4
2800,2968,4
315,1342,3
65,775,14
2366,3613,28
1564,3269,1
643,742,4
1942,3387,29
2567,4008,2
1946,2128,4
3124,3686,4
2135,3570,3
34,626,7
1378,2345,3
1241,2346,4
778,1945,21
336,3913,4
1816,2962,4
117,3347,29
3174,3613,29
2489,2549,9
403,2271,3
1483,3690,3
2209,4007,9
1510,2267,4
4157,2626,4
151,3074,29
1616,3591,21
2168,2749,22
792,986,3
171,2068,3
556,2196,17
432,3530,4
992,1274,6
1239,3242,3
428,1722,14
1546,4020,14
157,823,17
2598,3956,4
996,2355,3
486,590,18
1237,3318,13
1689,2502,4
1184,2637,3
223,3808,4
1462,1464,4
299,3086,4
1191,2868,4
1901,2677,3
2457,3402,3
3274,3763,3
1390,3673,4
2237,3178,4
3853,4065,3
486,1031,18
681,3458,3
3347,3487,29
775,3728,14
187,540,3
306,2401,1
4107,2151,3
3297,3714,29
2626,3295,4
547,561,4
64,1107,3
2753,3174,29
1853,1892,2
65,1844,14
2395,3482,7
623,3192,4
1798,2462,3
15,2429,21
1165,4024,4
731,929,2
753,2550,9
1065,1384,6
354,428,14
1291,3624,3
477,2254,4
1282,2268,4
704,1329,3
1259,3533,1
963,2565,3
1356,2977,9
3550,3762,13
301,2415,3
432,2151,4
2386,3074,29
117,1783,29
1629,3290,4
2826,3956,4
4129,1051,22
873,3356,3
911,3467,3
1231,1826,4
1144,4049,4
1048,1169,21
3613,3668,28
423,1191,4
3594,4006,10
792,1507,3
3231,3352,18
336,3810,4
572,3352,18
572,590,18
1194,2575,9
2169,3541,6
648,3569,2
1095,1246,3
250,3174,29
1189,1553,29
2247,3288,21
3347,3743,29
2360,3250,4
192,3613,28
4122,2643,3
2984,3347,29
366,2233,21
1944,2554,5
2386,3174,29
941,3881,4
190,2069,6
1120,2876,2
1319,2977,9
497,2734,5
1043,1674,4
1266,1783,29
1994,3297,29
805,1864,2
2560,3287,21
1553,3297,29
531,4030,6
496,1881,3
590,1031,18
612,828,2
452,3529,4
2128,3692,4
1031,1063,18
67,626,7
1059,3762,13
1176,1188,4
2516,3813,6
1120,1867,2
4137,414,1
3165,3594,10
596,3352,18
1783,2250,29
166,3896,2
2309,2729,1
706,2867,21
1148,1597,3
1099,3510,10
3174,3653,29
546,1370,3
234,3465,3
754,873,3
1451,3987,5
1051,1506,22
825,3363,3
529,3714,29
3187,3956,4
660,2128,4
1017,1615,3
1680,3274,3
1400,1893,4
2126,2165,4
387,3917,17
750,869,3
1848,2637,3
96,3125,4
349,3218,2
123,1778,2
2078,3387,29
3095,3695,3
1014,1030,17
1343,2692,4
775,2125,14
2285,2462,3
3664,3665,2
1757,2757,3
313,3698,4
1213,2128,4
2806,3331,1
529,4011,29
1266,2250,29
547,1589,4
2039,3418,29
2350,2961,10
1498,1546,14
514,785,9
3202,4013,2
387,2741,17
3770,3936,4
604,2562,3
293,3357,3
479,1191,4
556,2410,17
1468,2634,9
2575,3173,9
1383,1760,3
119,2285,3
2799,3677,1
1882,3987,5
2247,2906,21
1026,1251,3
497,1679,5
698,1019,2
2004,3347,29
232,1319,3
4109,2228,2
252,421,2
2250,3613,29
268,2220,4
366,1981,21
1274,3594,10
379,3347,29
2180,2408,3
1108,3936,4
1169,2560,21
1744,3728,6
411,3846,3
3498,3937,4
614,2810,4
1024,1616,21
17,483,1
2162,3657,2
426,595,22
1196,2140,4
2573,4030,6
2196,2410,17
1483,3673,4
1264,1453,3
2248,3989,14
14,864,3
1191,1241,4
2012,2784,2
579,2354,3
816,947,5
843,3472,3
2017,2066,4
2447,3531,4
1944,3663,5
1919,1995,3
1266,1553,29
1780,2513,9
19,3981,2
1035,1176,4
2723,4020,14
4147,2465,3
1236,1546,14
1122,3165,10
176,1247,1
4141,2029,3
2637,3301,3
1587,1937,4
21,2612,2
40,1541,9
1241,3881,4
1826,3013,2
2250,3714,29
509,2627,4
1498,1641,13
428,1546,14
2129,3043,4
21,2089,3
1770,3728,6
1185,2686,4
301,681,3
85,416,4
249,2336,3
24,2603,3
284,3919,3
1867,2876,2
201,426,22
2645,3722,3
1018,1099,10
1580,3238,2
3347,3613,29
377,579,3
1059,3087,13
2156,3348,2
1758,2161,4
1092,2855,2
15,2247,21
97,3487,29
778,2280,21
97,1387,29
2800,3489,3
2621,3883,3
2602,2977,9
3500,3604,3
1994,3733,29
1824,3171,6
935,1023,4
133,2241,2
27,1343,4
579,1340,3
1808,1862,2
353,3934,6
366,2560,21
2447,3399,4
1555,2156,3
1176,1909,4
623,1231,4
510,2237,4
2749,3659,22
4143,533,5
1524,4059,4
251,866,3
232,1168,3
93,1387,2
663,4039,4
778,2906,21
621,3914,2
925,2909,14
250,1553,29
559,3405,3
583,904,2
1033,1971,3
2480,4042,3
1946,3844,4
1237,3550,13
2394,2519,3
264,933,4
773,4070,2
967,2408,3
2125,3989,14
2369,2741,17
581,3100,10
2965,3767,3
3300,3714,29
1524,1602,4
2366,3494,6
1169,3378,21
1076,1617,2
2129,3250,4
304,3362,3
1077,2959,4
1448,1739,3
2993,3940,3
1129,3058,3
1003,2544,3
344,1836,8
648,1682,2
2423,3476,2
1188,1778,4
3616,4073,4
262,3192,4
1876,2220,4
119,3671,3
497,2992,5
3589,3788,3
796,1506,22
3418,3653,29
477,939,4
1861,2520,1
2237,3192,4
1498,3087,13
2250,2984,29
1942,1994,29
3155,3271,9
479,2134,4
479,1241,4
2660,3825,2
1524,3714,29
750,3558,3
3802,4040,1
65,3264,14
696,1952,3
579,768,3
900,3815,2
87,2616,3
1002,3613,29
595,1348,22
1047,2456,2
2615,3235,1
481,2355,3
417,2913,3
157,1883,17
1677,2186,4
917,2753,29
589,3221,1
1518,2770,3
4153,3008,2
750,1231,4
354,1236,14
473,2366,6
2036,3686,4
780,2993,3
815,3125,4
1739,2040,3
1207,3673,4
350,3714,29
1938,2130,3
619,3415,4
612,2367,4
2290,3707,17
201,3897,22
2220,2886,4
1192,2867,21
354,1546,14
190,2223,6
908,1953,3
1616,2280,21
340,2172,6
2749,2782,22
4129,424,22
2386,3297,29
670,2652,2
2457,2546,3
128,3455,1
619,1231,4
1206,3091,4
1680,2454,3
1266,3347,29
127,2015,3
133,2680,2
504,726,4
2393,3685,5
7,4033,3
383,706,20
1987,2948,3
3550,3625,13
2571,2602,5
101,155,8
410,2366,6
1033,1903,3
3075,3844,4
2429,2560,21
1400,2137,4
1806,2734,5
1092,1904,2
1296,2069,6
1742,2181,3
167,1743,3
1714,2760,3
368,941,4
796,1113,22
1641,1777,13
4107,3108,3
3330,3710,3
1589,3289,4
1945,2560,21
345,2265,4
1991,4080,4
2393,3691,5
1383,1472,3
2263,2993,4
125,586,3
553,2742,1
2428,2869,3
249,3395,3
1024,2247,21
6,4011,29
4129,2782,22
2289,3543,3
592,1046,1
153,259,5
2089,2220,4
2210,4027,3
1591,1863,4
3728,3939,6
1453,3697,3
374,635,3
2267,2576,2
999,2265,4
1614,3120,7
1722,2723,14
2250,3387,29
459,2199,3
1148,1672,2
4143,4011,29
726,815,4
727,2046,3
1592,4011,29
423,1937,4
3134,3971,18
737,1266,29
1266,3074,29
2903,3659,22
687,2496,4
663,4086,4
1446,2941,3
463,2708,3
63,2727,1
1,3095,3
48,2289,3
2446,2995,18
3613,3760,28
152,619,4
707,3935,17
811,3523,1
2695,2752,3
85,3279,4
1647,3980,3
1191,3881,4
422,1682,2
1031,3352,18
1720,3965,4
3238,3353,2
2369,2744,17
2035,3330,4
1537,1825,3
687,4028,4
219,3284,4
2339,2613,3
766,3145,2
656,4049,4
1901,2229,3
556,2290,17
2247,2357,21
778,2560,21
623,1674,4
2553,3244,3
432,2047,4
97,529,29
3181,3200,3
2163,2725,4
1024,1169,21
1166,2061,3
2453,2723,14
1820,4073,4
813,2411,3
970,2302,4
1359,3590,4
357,2685,2
2753,3487,29
2036,3124,4
490,3387,29
255,1779,2
838,919,3
1041,2192,22
2948,3601,4
1464,2824,4
6,529,29
778,2357,21
2263,3019,4
2808,3945,3
546,3114,3
796,3894,22
876,2273,3
2355,3541,6
590,1063,18
1237,1498,13
1086,2140,4
854,2877,1
250,2984,29
4127,2047,2
1024,1226,21
1077,4028,4
1590,2048,4
513,571,1
707,1191,17
573,3844,4
2130,2974,3
2658,3096,2
596,1474,18
97,3653,29
366,3378,21
1059,1187,13
432,909,4
1246,3765,3
157,400,17
2220,3330,4
1157,3846,3
2537,2542,2
3325,3479,8
2852,3881,4
250,4072,29
632,1961,3
673,2667,29
1967,2225,2
381,2453,5
1432,2356,3
3867,4044,1
2906,3288,21
190,4065,6
2069,3864,6
387,2744,17
1971,3362,3
2783,3894,22
2369,3917,17
1257,3508,3
3284,3422,4
1935,3971,18
1806,2992,5
3620,4086,4
1169,2233,21
547,3340,4
456,1773,3
718,3512,2
2977,3733,9
1997,3625,13
1868,3432,2
673,2039,29
681,1533,3
731,1028,2
1145,3503,3
1185,3595,4
250,3613,29
1712,2509,1
1185,2415,4
97,3387,29
366,2357,21
2452,2952,4
2977,3613,28
1043,1854,4
1879,3086,5
335,3728,6
229,1084,3
1269,3578,6
2770,3406,3
1464,2737,4
1160,2251,18
139,2977,9
673,3174,29
1056,1296,3
1575,4033,3
2899,3936,4
111,3058,3
424,518,22
4120,236,3
2020,3939,4
1231,3568,4
2006,2909,6
1680,1743,3
2452,3517,4
190,3853,6
1382,1940,6
396,1529,1
1824,3290,6
1946,2890,4
2125,3264,14
2395,4006,10
3310,4024,4
778,2233,21
479,964,4
2103,2220,4
2291,2782,22
2815,3599,2
6,2004,29
2281,3929,4
1767,2649,3
1783,3074,29
1058,1359,4
48,2626,4
1864,1940,6
247,3705,6
939,3516,4
1264,3697,3
190,901,6
2441,2627,4
1266,2386,29
405,847,21
3294,3599,2
1207,1596,3
1291,4065,3
816,3058,5
2426,3673,4
3253,4015,3
138,3623,2
707,757,17
585,882,5
3917,3935,17
1122,1531,10
2741,3935,17
605,2884,10
1186,2187,3
263,681,3
497,3485,5
996,2896,3
707,3707,17
92,1788,2
1034,1531,10
1034,3155,9
2241,2680,2
1801,2906,20
3578,3613,28
4101,2420,3
814,1984,2
188,3377,1
593,2672,3
3613,3646,28
1099,1610,10
767,1599,9
3089,3844,4
939,3686,4
24,1306,3
1752,3391,3
2192,2783,22
283,2287,6
366,847,21
1653,2562,4
1077,3423,4
201,2081,22
1192,2280,21
2163,2692,4
3193,3358,3
559,1527,3
590,1873,18
1730,2977,9
1981,2867,21
2196,2369,17
1531,3155,10
15,2560,21
1082,3127,9
108,1047,2
1226,3081,21
454,1524,4
4098,2968,4
1133,1816,4
1168,1172,3
641,3105,1
3047,3613,28
150,2573,6
256,527,3
1506,2783,22
252,2349,2
2753,3387,29
3054,3087,13
263,1698,3
1187,1777,13
387,2290,17
514,2513,9
696,1483,3
1002,1994,29
1121,2043,3
4148,3945,3
486,1160,18
1130,1401,3
905,1162,4
3633,3828,3
1944,3347,29
623,3930,4
1537,2857,3
69,3953,3
1003,2521,3
3054,3762,13
2573,3556,6
1561,1971,4
1041,3897,22
673,1553,29
341,704,3
338,1474,18
813,2289,3
1937,3289,4
2703,4005,4
1946,2463,4
486,2446,18
3916,3935,17
441,1093,3
1137,1541,9
1996,2832,1
3203,3208,3
397,3110,2
680,2637,3
1095,3522,3
496,1654,3
40,89,9
703,2469,2
2709,3879,3
2109,4006,10
1387,4095,2
1599,2489,9
1200,3781,1
723,1884,3
2081,2903,22
330,496,3
737,3297,29
423,1589,4
2576,3229,2
1233,1713,4
2445,3861,3
1781,3257,2
1994,4079,29
30,2672,2
1783,2386,29
799,3327,6
2482,3360,2
1824,2977,9
1688,3419,2
251,3830,3
805,1940,6
919,3807,3
1524,2502,4
2069,3541,6
2017,4039,4
1651,1755,2
1615,3071,3
590,596,18
147,2263,4
3600,4029,1
1527,1808,3
4147,1729,3
2089,2886,3
799,3728,6
1185,1356,4
2089,3500,3
778,2867,21
1938,3502,3
1775,1854,3
778,1192,21
366,3287,21
27,2692,4
2366,3743,6
2210,3458,3
673,2386,29
2543,3918,3
3252,3942,2
46,1346,2
2627,2675,4
2367,4005,4
3286,3538,4
604,2308,3
432,471,4
196,1579,6
1472,3945,3
101,1445,8
1063,2901,18
38,1409,3
1008,2852,2
1839,4008,2
1537,3887,3
2843,3125,4
2223,2640,3
1128,3578,6
1088,3419,2
187,1613,3
85,2972,4
1002,3418,29
354,2723,14
780,3940,2
848,3213,2
2749,2783,22
1863,2565,4
2723,3327,14
1277,3347,29
3081,3288,21
816,3928,5
3902,3912,2
4157,956,4
190,983,6
157,1014,17
1188,3673,4
533,2977,9
764,3516,3
1041,2782,22
1966,3930,3
442,3574,3
1945,3378,21
1113,2168,22
2336,3844,4
169,2846,7
1024,3288,21
340,2500,6
3360,3468,2
153,2874,5
1909,3975,3
843,1940,6
3287,3442,21
108,2456,2
2428,3114,3
3613,4003,28
2737,3698,4
3297,3347,29
293,3703,3
1192,1226,21
1386,3248,4
847,2280,21
590,2251,18
996,2169,3
799,1185,6
2753,3663,29
3827,3944,4
697,3807,3
1994,2386,29
4111,3192,4
117,2977,29
3840,4080,4
1351,2825,2
1475,4073,4
65,3395,14
3160,3340,2
2149,3881,4
3077,3899,1
117,1942,29
687,2959,4
352,1446,3
144,1098,2
532,2489,9
117,3714,29
2737,3044,4
4113,153,5
824,3482,10
1006,3503,3
3673,3728,6
549,1807,2
1574,1787,2
529,673,29
1501,1961,3
3295,3785,2
1274,2910,6
3962,4006,10
323,2043,3
1308,2281,4
1774,3364,1
2457,3448,3
788,3741,2
336,2590,4
2736,3582,3
451,510,4
1824,2753,29
3582,3980,3
1348,3894,22
784,3264,14
97,737,29
399,2876,2
377,3883,3
1165,3310,4
23,2172,3
47,2610,2
1153,1601,4
1409,1921,3
452,1456,3
1089,2129,4
673,1783,29
958,3147,1
2319,2670,4
1842,1886,2
2319,3881,4
405,706,21
1461,2220,4
187,3355,3
879,2885,3
1356,2217,4
1641,3054,13
4122,2445,3
361,3578,6
3386,3509,2
2550,2947,9
480,2241,2
132,1877,2
386,1439,2
941,1903,4
1274,2015,6
1469,3944,3
1464,2505,4
1879,2202,5
1307,1913,2
1974,2376,2
4156,1613,2
41,3847,3
258,3357,3
1051,2749,22
2192,2749,22
2698,3193,3
1942,2386,29
1378,2188,3
201,2168,22
1250,2510,5
2708,3766,3
256,2737,4
477,3686,4
1891,2220,4
250,1783,29
262,623,4
1854,2110,3
1644,3406,3
193,2504,2
163,3481,3
147,1370,3
1945,2906,21
428,3728,14
2752,3776,3
3213,3412,2
1191,3832,4
2738,2901,3
3271,3490,9
970,3914,4
529,3387,29
1940,3541,6
3510,3875,10
954,2152,3
545,1937,4
4113,3940,2
713,2584,1
2984,3653,29
866,1613,3
2520,4082,1
619,792,4
184,3875,10
749,1898,1
859,1186,3
3124,3357,4
366,2429,21
3685,3754,5
2903,3894,22
840,1321,3
2974,3502,3
454,1253,4
2661,2760,2
2731,3383,2
2653,3661,4
2428,3888,3
1024,2233,21
3832,3881,4
259,1016,5
573,2956,4
3125,3936,4
65,4020,14
2337,3355,3
190,3157,6
2890,3601,4
3054,3312,13
683,685,2
198,3638,2
1474,3231,18
1059,1997,13
1561,3347,29
1777,3550,13
3142,3722,3
152,3530,3
1277,3074,29
1596,3673,4
3487,4079,29
486,1474,18
208,2517,4
681,2510,3
1714,3844,4
3335,3337,4
1014,2744,17
2533,3558,3
4138,3809,3
1824,3312,13
2355,2527,3
1544,3571,3
1816,3800,4
334,1818,2
85,91,4
207,3419,2
24,497,5
3318,3550,13
1293,3936,4
1777,3087,13
1,611,3
127,2676,2
581,824,10
1994,4011,29
560,3697,3
426,2783,22
579,3883,3
1364,3750,2
424,3894,22
1409,2367,4
1775,2110,3
1784,2679,2
1160,2446,18
250,350,29
586,966,3
47,2825,2
155,3325,8
97,2004,29
72,2923,3
2446,3352,18
596,1063,18
2480,3919,3
87,3118,3
796,2749,22
89,1082,9
1441,2885,3
1266,2004,29
876,1116,3
40,2605,9
1945,3081,21
1236,2125,14
190,3541,6
1479,3570,3
507,1267,3
1348,2192,22
2099,2562,3
30,593,3
355,1184,2
3126,3916,17
3407,4003,5
3745,3945,3
1132,2565,4
970,973,4
1002,1553,29
157,2369,17
1031,2251,18
1122,3962,10
1108,1293,3
1384,3172,6
1176,2035,4
3174,3347,29
2909,3728,6
3287,3591,21
847,2867,21
1233,3601,4
1099,2419,10
2159,3354,2
1226,2233,21
2753,3347,29
1291,1718,3
1498,3054,13
3117,3965,4
533,4011,29
1342,2371,3
914,1456,4
2429,3081,21
184,2961,10
2250,3653,29
1282,1744,4
2278,2575,9
896,916,2
1294,1400,4
1474,2251,18
1629,3337,4
2046,3956,4
2410,3917,17
3328,3787,4
2161,3179,4
3407,3743,6
428,3327,14
824,4006,10
2140,3881,4
1735,3994,2
73,324,3
1371,3906,4
1705,2450,2
263,2493,3
767,3173,9
405,3288,21
1014,3917,17
51,2056,3
366,2247,21
1589,1937,4
2140,2579,4
1445,1952,3
726,3125,4
1733,3728,6
2516,3415,6
201,796,22
942,1827,2
85,2159,4
1031,3134,18
939,973,4
1250,2571,5
2109,3165,10
1002,3487,29
1942,3074,29
2251,3134,18
907,3766,3
2475,2501,2
1800,3578,6
1856,2210,3
1614,3882,4
595,2081,22
572,1873,18
883,3116,2
1113,1506,22
2842,2968,4
3260,3728,6
847,1048,21
827,3256,3
2368,2623,2
758,3056,2
2128,3797,4
1241,3704,4
3673,4051,4
424,1113,22
424,3659,22
137,1233,4
717,3250,4
72,1561,4
529,1994,29
355,2591,2
707,2398,17
381,925,14
2004,3613,29
2220,2957,4
2228,2817,2
1641,3550,13
1682,1851,2
1800,3718,3
133,1405,2
122,1194,9
1783,4011,29
1373,2842,4
1773,4033,3
1939,3476,3
1900,3995,2
954,1773,3
816,3881,5
2489,3173,9
3141,3285,1
1041,2783,22
134,3920,1
673,4079,29
1240,2521,3
904,2423,2
155,344,8
742,3583,4
673,3487,29
510,623,4
2085,3732,1
1167,3389,3
105,3058,3
1003,1240,3
345,1372,4
350,2386,29
753,1553,29
2791,3199,2
785,1367,9
1371,3837,4
340,547,6
866,1231,4
1766,1767,3
1157,3563,2
2556,4072,3
189,533,5
2984,3387,29
1902,4019,3
3327,3473,5
3629,4024,4
289,3106,7
1211,2754,4
40,1468,9
2571,2977,9
157,1030,17
1958,2062,8
3738,3846,3
1225,3014,2
1266,3613,29
381,3065,2
1783,3297,29
2947,3418,29
2125,3273,14
1836,3479,8
2664,3405,3
1031,2995,18
2515,3414,3
2723,3273,14
839,2965,4
810,3124,4
1863,2764,4
1746,2602,5
1147,2519,3
151,1153,4
1226,2280,21
595,3897,22
157,707,17
673,2004,29
4122,343,3
6,250,29
1834,3414,2
1935,3352,18
4133,2029,3
1048,2867,21
2335,3783,3
4111,510,4
1709,3766,4
1417,1938,3
1677,3558,4
1409,2351,3
1051,2168,22
108,3021,2
1255,1375,1
3578,3663,6
737,3174,29
1336,2980,2
1958,2588,8
3613,4011,29
1099,2961,10
562,3714,29
1908,3531,4
715,1546,14
2051,3337,4
223,4005,4
1866,3335,2
117,4011,29
3092,3124,4
2168,2291,22
650,844,2
3707,3935,17
117,4079,29
2429,3591,21
1051,2291,22
1534,3776,3
1003,3808,4
250,1266,29
1783,3387,29
3174,4011,29
426,796,22
957,3898,2
848,3412,2
2126,3091,4
335,2701,6
2337,2807,2
67,169,7
2923,3223,3
2288,2916,1
645,3809,3
681,2129,4
2398,2410,17
2687,3807,3
2453,3300,5
1966,3673,4
1203,2092,3
1038,1258,1
1401,1630,3
774,2368,2
1684,3412,2
350,1783,29
1783,3714,29
623,2237,4
796,2291,22
847,2247,21
1094,2971,3
590,3231,18
2386,3347,29
121,3728,6
1777,3625,13
424,2168,22
2302,3587,3
946,3508,3
4129,2903,22
293,3136,3
1942,3653,29
3989,4020,14
2993,3220,3
930,3599,2
1024,1048,21
3260,3661,4
454,1427,4
1870,3655,1
2627,3019,4
157,2744,17
350,1266,29
1172,2977,9
1553,2209,29
532,1599,9
1348,2081,22
1244,3602,1
580,3091,4
816,3264,14
2479,2791,2
119,3753,3
150,2123,6
3120,3594,10
443,1023,4
3074,3840,29
424,796,22
2723,3661,14
419,4064,2
518,2783,22
426,2168,22
1024,3287,21
3399,4049,4
1177,2263,4
1524,3776,4
1791,2814,1
442,2101,3
2770,3506,3
1546,3074,29
1553,3594,29
65,2750,14
873,2648,3
533,3180,5
1607,3264,14
2887,3538,4
1560,3895,2
338,3483,18
2263,3090,4
515,3420,2
1546,1722,14
2109,3962,10
424,3897,22
366,2867,21
3718,3953,3
391,3496,3
1243,3455,1
1063,3231,18
1780,3155,9
2487,2696,1
1194,2278,9
2534,3009,3
190,2640,6
2209,2257,9
989,1384,6
91,3965,4
122,1599,9
2250,3418,29
2051,3810,4
3174,4079,29
706,3288,21
190,3460,6
922,1879,5
1591,3116,3
3698,3956,4
66,1824,6
2593,3827,4
1226,1945,21
1680,3763,3
636,2368,2
1002,2004,29
213,2825,2
559,3516,3
1361,1607,5
2048,2453,5
2206,3883,3
1981,2560,21
97,2386,29
1373,2800,3
532,767,9
1031,2446,18
4102,3035,3
663,3760,4
3418,4011,29
153,1016,5
1784,3967,2
856,1922,2
1146,2637,3
528,861,3
187,3506,3
1752,2408,3
1561,2250,29
16,2553,2
1074,2149,3
3866,3937,4
405,2906,21
1782,2775,2
2977,3418,29
1524,2163,4
7,1216,3
3325,3818,8
2415,3791,3
1266,1592,29
605,2961,10
350,1553,29
1122,3482,10
2120,3192,4
2156,3494,3
2128,4031,4
556,1014,17
2913,3828,3
1682,3032,2
706,1616,21
1024,3081,21
1607,1650,5
1281,2454,2
1884,1971,3
2741,2744,17
3074,3387,29
611,3095,3
3578,3743,6
4129,3894,22
644,2045,1
6,737,29
4147,2135,3
190,3705,6
4121,2961,10
366,383,21
6,673,29
2035,2126,4
975,2502,4
1997,3318,13
1310,3195,3
1130,3628,2
1063,2446,18
4106,2069,6
737,3653,29
1934,3387,29
847,3591,21
2154,3930,3
117,2753,29
2263,3996,4
915,1778,2
163,533,5
3164,3621,1
1356,3949,4
426,1113,22
1046,2014,1
1755,2502,4
2867,3287,21
2997,3945,3
3770,3787,4
4124,2825,2
1616,3287,21
250,2004,29
67,2213,7
366,1616,21
2374,2923,3
778,3378,21
975,3530,4
2213,2846,7
1002,3074,29
1616,1682,21
167,3763,3
1935,2446,18
4129,2783,22
4109,1453,3
1453,1560,3
581,4006,10
849,1223,1
1714,2661,3
341,972,3
1400,1722,14
521,3448,3
1020,1239,3
328,657,1
596,3231,18
1561,2374,4
586,1963,3
1703,3138,1
1203,1555,3
2128,3827,4
611,3695,3
2214,2909,6
288,1874,2
1845,2777,2
975,3193,4
2134,2673,4
2081,3659,22
3671,4015,3
2410,3126,17
1722,3374,14
1335,2109,10
2634,3127,9
409,2735,3
1023,2528,4
3103,3896,2
1192,2560,21
1024,3378,21
1873,2995,18
572,3483,18
758,1257,3
1777,1997,13
759,2804,2
2408,3218,3
2210,3884,3
41,3883,3
1225,2508,2
335,799,6
1505,4005,4
267,1287,2
914,1231,4
63,980,1
532,2575,9
1824,3327,6
1094,3817,2
2550,3315,9
572,596,18
441,1966,3
1132,3683,4
2251,2446,18
2802,3469,3
1946,2956,4
2089,2612,3
757,2741,17
866,3254,3
672,1557,1
2961,3875,10
589,2009,1
117,737,29
893,1745,3
201,595,22
757,823,17
1361,2943,2
1335,1531,10
2457,2502,4
1057,1312,2
2254,2413,2
264,3606,4
1942,3487,29
2081,2168,22
3465,3871,3
3312,3762,13
4133,2486,3
1014,3916,17
354,775,14
817,1317,3
1266,3487,29
3043,3698,4
878,971,4
1017,2397,2
2562,3387,29
1942,2753,29
49,1322,1
1674,3417,4
117,673,29
97,3074,29
1873,3134,18
2867,3378,21
238,2144,3
393,484,1
51,3494,3
702,1992,1
454,633,4
1233,3024,4
250,3418,29
366,1945,21
1824,1883,6
2001,2220,4
278,3581,4
1537,1689,3
136,1530,1
1153,2447,4
387,556,17
2386,3613,29
1531,3962,10
3409,3685,5
3075,3330,4
497,2432,5
775,1546,14
3729,4030,6
1188,2068,4
1226,2906,21
447,2643,2
674,2415,3
2730,3498,4
2977,4011,29
344,3818,8
1265,3686,4
1030,2744,17
1446,2735,3
2153,2421,1
66,3171,6
1063,2251,18
2995,3483,18
135,398,3
2783,2903,22
3063,3644,1
3030,3071,3
2606,3818,8
497,2502,5
970,3587,4
1113,2749,22
2031,3919,3
518,1113,22
4135,1648,3
2171,3234,2
556,823,17
4139,3338,2
1187,3550,13
3521,4015,3
2371,2923,3
1030,2398,17
1293,2340,3
1169,3287,21
276,3386,2
138,2186,3
1274,3606,6
723,2210,3
1743,3763,3
974,3934,6
2875,3046,4
168,438,1
1018,3510,10
2355,3246,3
4151,1621,3
546,2428,3
1248,1874,2
1277,3743,6
1965,2592,2
2126,3583,4
1684,2162,2
1493,2929,3
296,1430,2
1059,3318,13
2251,3483,18
514,3155,9
2887,3264,14
2957,3250,4
2386,3387,29
3218,3363,2
2062,2588,4
15,383,21
825,3030,3
1563,3965,4
3427,3626,3
896,2555,2
2373,3498,4
1137,3127,9
104,957,2
2131,3655,1
2153,3445,1
1830,3239,1
405,1945,21
1207,3415,4
2675,3021,3
1834,2515,3
3318,3625,13
524,3800,4
909,2772,3
1718,3624,3
1735,4079,29
2730,3180,4
1269,1800,3
2782,2783,22
1531,2513,10
486,3231,18
866,3332,3
1749,3742,4
1757,2740,3
112,1921,3
2709,3694,3
201,1348,22
256,3187,3
2419,2711,10
1638,3480,1
1974,2128,4
68,2675,3
371,4022,2
473,3613,28
2006,4003,5
1616,1981,21
230,2241,2
338,1935,18
441,2154,3
1266,3418,29
2128,2558,4
1160,1474,18
717,3878,3
109,1351,2
2643,2712,2
1767,4076,3
1277,3613,28
799,2048,6
1553,3714,29
354,3989,14
2639,3415,4
354,3264,14
2902,3892,1
4135,3471,3
785,1780,9
487,2637,3
1946,3344,4
350,2250,29
1707,2947,5
1697,2480,3
1808,3503,3
1461,3250,4
109,2825,2
1480,3503,3
718,2231,2
1167,2002,3
556,3126,17
3601,3786,4
379,2250,29
2297,2993,3
1863,2106,4
1714,2763,3
796,2783,22
85,3117,4
200,2612,2
1524,3601,4
1051,2192,22
383,1048,21
2927,4042,2
1169,1981,21
2263,3837,4
1140,2507,3
2886,3197,3
1623,2753,29
757,2398,17
3037,3622,2
3898,4007,2
2959,4028,4
3100,3962,10
4109,628,2
1629,1883,4
2753,3578,29
579,1404,3
1281,3292,2
3465,3673,4
1282,3939,4
1680,2355,3
3529,4005,4
2298,2356,3
504,3125,4
825,3218,3
289,2846,7
1348,1506,22
2349,3722,2
2020,3728,6
706,2906,20
4097,1203,3
778,1981,21
65,1539,14
287,315,3
1766,4067,3
1845,2752,3
2357,3287,21
605,3510,10
1317,1477,3
974,1065,6
619,975,4
3529,3629,4
1371,2627,4
1099,2638,10
201,3894,22
2345,2743,3
305,1674,4
2263,2437,4
866,2019,3
1176,1816,4
1318,3271,9
812,2095,5
428,3469,14
970,2128,4
91,1563,4
1047,1441,3
796,2192,22
3159,3426,3
572,2251,18
1226,3287,21
1783,4079,29
1382,3472,3
866,3947,3
1116,2258,3
201,2749,22
2549,3173,9
2250,4011,29
757,3126,17
737,3347,29
2281,2388,4
2909,3731,6
1572,3531,4
1527,3675,3
2443,3817,2
2843,3936,4
518,595,22
2753,4079,29
2543,3909,3
1553,3653,29
1994,2984,29
428,2457,14
1745,2885,3
11,2680,2
1356,2978,4
2549,2575,9
278,3125,4
1386,3043,4
405,3081,21
424,2081,22
1561,2923,4
919,1410,3
1810,2532,1
1891,3932,3
669,1479,3
486,2995,18
529,3743,29
615,1953,3
1207,3260,4
1187,1498,13
1835,2156,2
4098,2842,4
687,1077,4
1474,3134,18
2004,3487,29
183,4065,3
1271,3563,2
2677,3872,3
428,1236,14
232,2977,9
1046,3455,1
428,775,14
2103,3844,4
477,3827,4
1907,3691,5
2056,2127,2
1147,2394,3
514,1531,10
2783,3897,22
531,2573,6
2372,2517,4
1464,3447,4
2004,2984,29
96,726,4
2001,3844,4
4138,236,3
453,611,3
2296,2338,4
507,3861,3
355,2637,3
2369,3707,17
1981,2429,21
265,3086,4
925,4020,14
1461,1622,4
1616,1945,21
595,2192,22
122,532,9
900,3997,2
2701,2909,6
223,773,4
1777,3762,13
581,3962,10
1038,2186,3
1187,1641,13
296,2221,2
1002,3387,29
2233,2247,21
368,471,4
1169,2247,21
1453,3058,3
3613,3653,29
3273,4020,14
140,816,5
796,1041,22
1051,2903,22
3260,3673,4
827,2774,3
1328,2964,3
323,1057,3
668,1766,3
4099,903,2
1818,3139,2
3165,3482,7
707,2196,17
2250,2386,29
1622,2002,4
172,3710,3
1783,2004,29
934,1918,2
3387,3653,29
728,793,1
775,925,14
1599,2549,9
518,1051,22
572,3231,18
15,2867,21
1464,2785,4
218,2760,2
2429,3288,21
189,1250,5
1524,3658,4
590,3971,18
1572,1908,4
1098,2977,9
1995,3972,3
24,1127,3
1950,3238,2
85,330,4
2961,3510,10
689,1441,3
350,1592,29
681,2005,3
757,3917,15
955,2095,5
15,1981,21
1043,3601,4
1002,3297,29
2627,3469,4
417,619,4
1441,3386,3
1932,1965,2
2554,3347,29
686,784,4
767,2549,9
2515,2713,3
785,3271,9
2951,3737,1
1291,3853,3
1872,2510,3
1907,3754,5
673,1482,29
3264,3989,14
2446,3971,18
932,3008,3
1444,1677,4
1690,1987,2
331,1014,17
1797,3599,2
353,3172,6
1175,1511,2
1468,2605,9
1464,3956,4
1498,3318,13
3095,3671,3
3095,4015,3
218,1499,2
1412,3601,4
1621,2335,3
2028,2127,2
1578,2420,1
596,1160,18
2462,2802,3
2850,3310,4
1284,4006,10
76,3200,3
19,2063,2
1234,2036,4
1031,1873,18
2251,3231,18
122,2489,9
723,2239,3
847,1226,21
97,1002,29
201,1506,22
535,1677,4
226,3386,2
975,1231,4
497,704,5
89,1436,9
2220,3844,4
4135,3384,3
742,1828,4
494,3442,4
824,3962,10
753,2977,9
854,1443,1
3726,3984,2
595,2168,22
985,4080,4
1059,1641,13
3613,4086,28
1271,3846,3
1401,3844,4
565,1294,3
1023,1058,4
67,289,7
2753,3714,29
22,774,2
6,2753,29
547,3790,4
1744,2268,4
3418,3613,29
1160,3134,18
411,911,3
1971,3884,3
1531,1553,29
533,2095,5
2672,3320,2
350,3613,29
2649,2770,3
3487,3714,29
847,3081,21
2293,3254,3
2296,2525,4
1171,3945,3
907,1175,2
1666,3596,2
1168,3371,3
528,1414,3
189,2571,5
157,1112,17
673,1266,29
12,1317,3
354,4020,14
2977,3347,29
323,2436,3
3134,3483,18
1472,3979,3
2393,3409,5
1231,3182,4
556,707,17
533,1882,5
1981,2247,21
2715,2992,5
6,1994,29
222,2957,4
1033,1561,4
323,2015,3
3668,4086,4
424,595,22
428,3264,14
209,3250,4
397,2929,2
293,3696,3
2263,3906,4
1187,1237,13
1622,2505,4
856,1760,3
1519,3576,2
656,3673,4
443,1359,4
2705,2902,1
1274,1553,29
1946,2046,4
983,2069,6
40,1436,9
777,3033,2
2794,2876,2
2886,3386,3
1787,2002,3
827,2258,3
3007,3919,3
387,2410,17
1014,2369,17
3297,3487,29
3646,3743,6
2220,2232,4
203,258,2
1872,2710,2
283,3813,6
517,1994,29
51,2144,3
495,2319,4
296,3021,2
97,117,29
1935,2251,18
1824,3578,6
589,3677,1
1292,3252,2
125,966,3
1873,2446,18
2516,3673,6
402,1705,2
2560,3288,21
386,2166,2
1776,3183,2
2069,2281,6
1537,3469,3
1424,3233,1
2146,2477,2
217,1453,3
507,2643,3
742,743,4
2168,2192,22
1432,2298,3
1722,3989,14
825,1615,3
662,3003,2
2909,4003,6
117,2984,29
1356,3347,29
3661,3673,4
1059,3625,13
1680,2121,3
3653,3714,29
529,3347,29
3124,3549,4
1616,2247,21
432,3419,4
1987,3975,2
135,2671,3
350,3653,29
2971,3817,3
73,2544,3
2740,2757,3
626,3106,7
1777,3312,13
201,3659,22
975,1317,4
529,1783,29
479,1377,4
2291,2783,22
1532,3492,2
1,3695,3
757,2196,17
1317,1412,3
2196,3916,17
97,3174,29
945,2678,1
529,2250,29
605,2350,10
3087,3762,13
3803,4073,4
2510,2710,3
1063,3134,18
796,3659,22
1640,2129,4
1674,3800,4
778,2429,21
973,3312,13
1506,2903,22
1327,1679,5
1048,3288,21
1722,3264,14
2980,3511,3
2789,4003,5
2395,3165,7
1889,2127,2
2627,2993,4
2755,3139,2
96,278,4
2140,2858,4
65,1546,14
823,3935,17
1812,2890,3
518,2782,22
97,2984,29
556,3707,17
673,2984,29
2101,4042,3
417,2585,3
1405,2680,2
1630,3481,3
1873,3971,18
581,1531,10
565,3827,4
1851,3351,2
34,289,7
6,2984,29
1166,2638,2
2115,2258,3
387,3916,17
428,925,14
2382,2562,3
2128,3783,4
527,3449,3
1506,2081,22
1629,3293,4
635,975,4
792,1298,3
1436,3127,9
2202,3086,4
230,480,2
816,1453,5
4129,2192,22
1018,2350,10
1731,2169,3
105,2415,3
1114,3542,1
595,2903,22
410,3494,3
922,4021,5
1783,3653,29
4102,3844,4
1122,1284,10
733,2144,3
1092,4036,2
603,723,3
101,2588,8
951,2411,3
2612,3447,4
2332,3686,4
405,1192,21
3091,3742,4
405,2560,21
2753,3653,29
1994,3487,29
1863,3683,4
1335,3594,10
1283,2285,2
2772,3530,3
428,3490,14
315,2371,3
3653,4011,29
6,2250,29
2258,2273,3
2616,3118,2
515,1165,4
1046,3379,1
627,3263,2
518,2192,22
198,3386,2
786,3112,2
1546,2198,14
786,937,2
3271,3560,9
1348,2903,22
97,1783,29
1014,1140,17
2782,2903,22
590,3352,18
586,3379,3
426,2782,22
1472,1855,3
2071,3512,2
1129,3945,3
122,2278,9
1711,1797,2
1249,3099,2
3347,3663,29
432,953,4
2356,2548,3
1446,3909,3
2193,2884,2
157,3917,17
2711,2961,10
323,1756,3
2036,3837,4
1686,2150,1
2004,3653,29
476,1814,1
4111,451,4
1274,3120,7
939,1491,4
2496,4028,4
901,2640,3
387,2369,17
662,4060,2
925,1546,14
265,299,4
839,3767,4
2218,3362,3
174,732,2
1679,1806,5
770,2151,3
2140,3091,4
2357,3081,21
3054,3318,13
413,3284,4
96,3770,4
764,2220,4
249,3636,3
2128,3735,4
1092,4088,2
1033,3873,3
3200,3403,3
504,531,6
76,3181,3
673,1994,29
1770,2020,4
1231,1565,4
1945,3288,21
118,165,2
3097,3516,3
2913,3633,3
153,827,5
972,1946,4
757,2410,17
645,1167,3
986,1507,3
2903,3897,22
15,1024,21
941,1170,4
204,3358,2
3043,3686,4
259,1942,29
656,3415,4
1945,2233,21
2254,3091,4
3513,3515,2
2669,3792,2
1371,2263,4
816,1607,5
101,1958,8
1398,1950,2
925,3989,14
1561,2957,4
366,1192,21
405,778,21
1851,3815,2
215,3919,3
689,1109,3
2061,2638,3
4111,623,4
2892,3758,2
2539,2542,2
1909,1987,3
2017,3760,4
272,531,6
350,673,29
223,3102,4
2015,3076,3
2846,3106,7
3310,3629,4
4121,2711,10
799,2909,6
1749,1816,4
966,3125,4
3740,3742,4
1553,2386,29
97,4079,29
941,3075,4
1284,3594,10
1278,1361,2
2095,2289,5
122,2549,9
2357,2560,21
1073,2263,4
4107,2002,3
1572,3684,4
1954,2887,4
2675,3272,3
1187,3625,13
796,1051,22
551,2241,2
917,3663,5
1607,1824,6
1318,3155,9
2040,2258,3
2548,3438,3
453,1411,3
737,1994,29
1274,3155,9
1453,3895,3
1783,3347,29
2560,2867,21
1096,1591,3
1674,1816,4
2036,2149,4
1531,3594,10
775,2248,14
2619,3578,6
383,405,21
3482,4006,10
52,1324,1
1633,2585,2
1647,2736,3
2768,4071,1
971,4015,4
767,2489,9
985,2594,4
1048,1661,21
2066,3613,28
2662,3401,2
1445,2433,3
426,2903,22
796,2168,22
596,3134,18
2060,2964,3
1541,2605,9
707,1014,17
1128,1472,4
546,1614,4
156,3035,3
3297,4079,29
1284,2109,10
354,925,14
1048,2247,21
509,2263,4
190,1940,6
1239,2261,3
970,3146,4
2386,4079,29
80,323,3
340,3460,6
1002,1783,29
3162,4033,3
2181,2618,3
1014,3935,17
524,1786,3
