id,0,density,3
950,4028
3970,950
3970,4028
id,1,density,3
3180,3498
3180,746
3498,746
id,2,density,3
3343,962
1033,3343
1033,962
id,3,density,3
2296,988
2296,2525
2525,988
id,4,density,3
3762,885
616,3762
616,885
id,5,density,3
1164,223
1164,3808
223,3808
id,6,density,3
1284,3962
1284,824
824,3962
id,7,density,3
2360,3956
3250,2360
3250,3956
id,8,density,3
2447,1572
2447,1908
1572,1908
id,9,density,4
311,1394
3287,311
311,1559
3287,1394
1394,1559
3287,1559
id,10,density,4
518,3897
1051,518
1230,518
1051,3897
1230,3897
1051,1230
id,11,density,5
1759,4079
3283,1759
3347,1759
3418,1759
3283,4079
3347,4079
3418,4079
3283,3347
3283,3418
3347,3418
id,12,density,6
2369,387
2369,823
2369,3917
2369,2398
2369,3935
2290,387
387,823
387,2744
387,3917
2398,387
387,3935
2290,823
2744,823
823,3917
2398,823
823,3935
2398,3917
3917,3935
2290,2398
2398,2744
2398,3935
2290,3935
2744,3935
id,13,density,7
2369,2744
2290,2369
2290,2744
