original_node_id index_graph_node_id
0:29,36,68,18,9,14,
1:2,38,128,1,211,206,
2:0,120,215,254,297,108,264,281,348,
3:71,62,162,286,
5:54,143,261,314,315,316,317,318,110,195,317,334,361,362,363,364,365,366,367,368,103,108,358,371,408,409,410,411,412,413,414,113,121,401,426,465,467,468,469,470,471,472,473,474,
6:186,188,189,314,315,316,317,318,408,409,410,411,412,413,414,465,467,468,469,470,471,472,473,474,
7:15,0,0,1,1,
8:85,2,84,0,126,1,249,1,264,
9:58,31,18,
12:2,0,108,121,
13:0,1,1,
14:0,1,1,
15:32,230,234,303,304,305,350,352,354,396,399,455,457,
16:31,161,1,120,
18:29,36,68,102,14,226,
19:31,1,224,1,185,
21:2,142,0,4,123,23,121,
23:1,1,
24:157,72,183,114,146,
25:0,100,126,0,208,126,278,108,243,121,252,
26:28,171,133,145,336,
27:105,0,64,0,246,127,276,
28:7,58,16,
29:0,1,1,
30:2,2,0,1,1,
31:24,0,153,0,275,1,271,1,257,
32:2,129,123,108,121,
34:29,43,123,177,226,337,385,445,
35:70,53,78,22,93,
36:96,106,134,242,108,257,
37:0,104,0,126,120,121,
38:2,0,1,1,
39:1,
40:208,291,335,379,438,
41:0,0,1,113,1,118,
42:9,134,15,183,114,146,
43:29,123,177,226,337,385,445,
44:6,30,95,173,206,1,108,237,342,1,121,269,387,407,
46:34,112,7,5,
47:6,67,165,0,125,0,164,117,176,
48:1,2,1,1,
50:208,138,130,
51:0,1,235,1,248,
52:46,57,54,1,1,
53:64,104,108,121,
54:151,140,223,242,308,296,352,
55:9,113,0,139,213,0,137,244,1,1,121,333,
56:4,0,1,
58:2,1,
59:76,21,1,
60:0,0,46,29,
61:41,2,
63:12,0,0,1,1,
64:2,0,0,1,1,
65:13,70,0,289,295,296,0,126,340,342,345,1,179,383,384,386,1,137,439,441,442,
66:6,21,71,109,150,32,217,237,288,237,328,342,257,353,387,
67:226,297,337,385,445,
68:0,1,186,1,219,
69:85,84,249,264,
70:2,0,1,1,
71:2,62,1,1,
72:15,126,232,307,354,
73:25,19,30,126,129,
76:13,132,21,189,178,
77:2,174,0,111,121,
79:0,0,1,1,
83:12,0,108,121,
85:11,2,125,2,111,0,243,1,110,265,1,138,263,
87:0,97,1,40,128,1,108,1,134,266,
88:63,99,29,59,256,1,251,56,121,290,
89:68,108,208,291,379,438,
90:241,108,283,
91:2,111,179,212,221,264,0,243,304,1,265,320,344,1,263,368,399,
92:0,1,60,
94:27,0,123,235,1,108,268,319,1,121,268,350,
96:2,191,245,123,235,295,108,268,311,121,268,363,
97:81,82,83,84,121,124,127,129,131,133,184,186,188,189,235,237,238,240,241,242,243,244,54,143,314,315,316,317,318,110,195,361,362,363,364,365,366,367,368,103,108,408,409,410,411,412,413,414,113,121,465,467,468,469,470,471,472,473,474,
98:49,2,169,108,121,
99:1,1,
100:17,1,
101:61,119,170,80,174,102,178,267,1,252,335,1,124,258,357,394,
102:19,37,109,152,0,167,1,108,255,1,121,259,
103:32,58,112,0,160,2,125,207,0,132,282,0,126,233,325,1,108,237,368,1,121,257,420,
105:11,116,1,108,1,121,
106:30,53,0,109,0,126,237,1,108,237,1,121,257,
107:70,53,78,22,93,
108:55,48,1,
109:39,0,0,53,1,
111:0,1,1,
112:40,109,2,95,0,1,180,1,124,
115:1,
117:15,103,115,121,124,127,129,131,109,163,184,186,188,189,173,206,219,235,237,238,240,241,217,261,276,314,315,316,317,318,268,288,317,326,334,359,362,363,364,365,366,367,342,358,364,371,408,409,410,411,412,413,269,354,387,401,416,426,465,467,468,469,470,471,472,473,
118:76,66,185,215,
119:33,2,1,1,
121:0,162,205,257,274,0,126,331,338,1,108,372,374,1,121,423,430,
122:175,227,300,339,373,440,
123:76,182,143,217,
124:53,2,0,136,1,108,1,121,
125:1,1,
126:2,4,175,23,235,
127:70,93,1,1,
130:0,1,1,
131:80,124,217,288,237,354,
132:19,11,40,97,1,1,
133:26,125,152,67,0,1,1,138,
134:90,0,1,90,
135:78,5,69,171,123,
136:1,
137:34,102,154,0,247,337,358,397,
138:99,0,1,121,
139:83,108,121,
140:1,1,
141:124,271,289,312,314,343,386,402,
142:30,87,13,
144:1,1,
145:224,257,293,
146:70,9,239,263,0,233,40,237,313,1,257,372,
147:0,217,1,1,
148:20,37,61,
150:66,144,241,85,346,
151:0,0,126,1,237,1,257,
152:79,0,108,121,
153:6,2,175,0,240,303,1,248,1,310,347,
154:0,1,1,
155:168,170,174,267,269,252,335,352,394,408,414,
156:47,100,0,148,238,319,
157:45,75,118,2,221,118,344,18,108,390,44,121,447,
158:16,27,1,1,
160:26,40,77,
161:14,70,189,230,181,240,212,260,
162:0,1,1,
163:2,0,1,1,
165:76,66,185,215,
166:143,123,259,282,311,324,1,282,310,347,1,273,388,
167:9,2,1,137,1,210,
169:177,226,297,385,445,
171:0,126,1,108,296,1,121,332,
172:3,59,16,0,102,2,108,121,
173:0,2,120,41,177,1,121,
174:0,0,111,121,
175:67,5,1,1,
178:97,120,120,121,
179:51,101,219,150,294,104,314,158,349,
180:6,29,139,238,1,231,245,121,302,
182:2,0,1,199,1,151,
183:139,142,108,121,
184:67,119,283,290,292,329,370,376,380,429,434,436,
186:51,150,104,158,
187:0,0,0,1,154,1,136,
188:25,87,74,31,
189:22,53,136,261,288,317,237,327,345,358,353,385,401,
190:7,0,139,104,142,266,1,108,274,1,121,287,
191:2,167,0,1,108,1,121,
192:159,173,145,217,268,288,108,269,354,
193:0,1,1,
194:0,1,1,
195:38,1,226,8,225,
196:53,69,275,0,318,321,88,360,366,0,406,421,
197:139,238,245,302,
198:0,197,1,185,1,215,
199:41,37,
200:0,123,108,121,
201:76,125,182,239,311,360,401,466,
202:0,2,100,0,0,173,1,133,1,121,
203:2,42,0,155,119,
204:0,0,210,1,180,
205:107,51,
206:0,1,1,
208:32,0,134,0,242,1,237,1,257,
209:2,0,1,121,
210:0,1,1,
213:6,67,125,0,117,176,
214:48,0,1,1,
215:78,2,126,17,1,180,1,124,
217:1,
218:0,0,1,161,1,121,
219:9,113,139,213,137,244,1,121,333,
220:2,1,1,
221:120,215,0,254,297,108,264,1,281,348,
222:0,108,121,
223:3,170,242,121,126,249,1,255,333,1,256,369,
225:2,0,1,1,
226:0,1,1,
227:65,146,0,144,292,1,114,284,341,1,146,339,389,
228:2,267,289,312,314,343,349,402,
230:7,11,94,67,140,0,1,219,138,
231:10,51,4,
232:108,121,
233:0,1,1,
234:20,0,108,121,
235:34,102,0,358,397,
236:2,166,0,186,0,162,1,130,1,121,
237:82,155,0,108,121,
239:178,298,301,390,393,447,450,
240:0,120,0,126,1,108,1,121,
241:15,1,236,1,199,
244:92,114,78,19,
245:2,0,174,0,1,111,1,121,
247:7,27,139,142,108,121,
248:107,244,166,266,300,
249:0,1,108,1,121,
250:11,53,81,82,83,48,70,121,124,129,131,0,184,186,188,189,85,235,237,238,240,241,242,0,314,315,316,317,0,126,361,362,363,364,365,366,367,368,88,108,237,408,409,410,411,412,413,0,121,257,465,467,468,469,470,471,472,473,
251:2,100,0,0,134,121,
252:29,26,
253:107,183,117,259,0,311,1,310,1,388,
254:111,68,
255:103,176,34,190,121,
256:15,2,164,0,123,108,121,
258:0,2,42,1,155,1,119,
259:15,0,2,95,175,220,0,303,1,121,347,395,
260:26,40,77,
261:39,11,206,118,260,
262:2,0,126,1,120,1,121,
264:36,0,165,309,
265:47,21,153,156,
266:71,96,
267:0,92,83,1,
268:126,126,243,252,
269:74,96,32,39,
270:41,37,
271:47,1,
272:0,1,1,
273:16,27,1,1,
274:63,6,59,121,
277:24,1,0,
278:191,245,123,235,295,108,268,311,121,268,363,
279:109,224,
280:67,71,21,
281:1,1,
282:2,0,1,1,
283:187,275,318,321,360,366,406,421,
284:131,178,231,247,318,360,
285:25,136,342,387,
286:2,87,241,23,108,25,283,
287:24,1,1,
288:40,1,1,
289:123,177,226,337,385,445,
290:2,0,0,1,
293:59,75,112,2,119,0,131,240,1,150,248,1,150,310,
296:1,
297:0,0,1,1,
298:0,0,1,
299:47,2,212,153,300,156,343,
301:0,133,0,143,254,195,1,108,281,1,121,324,
302:0,2,129,123,235,1,108,268,319,121,268,350,
303:32,50,105,42,83,
305:0,1,1,
306:62,90,108,121,
308:2,123,108,121,
311:120,126,128,132,185,187,303,304,350,352,354,396,399,455,457,
312:219,276,326,416,
313:12,0,0,1,121,
314:1,
315:15,126,24,199,1,147,298,1,228,292,
316:181,99,203,166,
317:2,119,0,131,1,150,1,150,
318:4,217,0,231,237,289,
319:121,214,113,269,118,304,
320:25,77,1,
321:71,1,42,
323:12,63,2,0,0,1,1,
324:25,30,126,129,
325:1,0,1,1,
326:0,156,147,155,119,
327:5,0,1,
330:125,72,110,74,138,
331:28,96,165,222,246,307,379,
332:6,48,105,0,0,1,1,
335:205,51,372,374,111,423,430,
336:127,246,139,134,272,
338:83,180,229,299,349,392,451,
339:4,0,232,1,108,1,121,297,
340:2,109,0,139,265,102,142,266,293,316,108,274,332,350,121,287,356,398,
341:72,2,98,108,33,121,
342:1,1,
343:3,149,163,125,149,
344:174,267,269,277,301,252,335,352,394,408,414,
345:68,121,250,323,
346:2,129,0,148,235,305,268,319,349,268,350,400,
347:0,128,1,1,168,
348:265,277,313,
350:81,82,83,84,209,235,237,238,240,241,242,243,244,249,314,315,316,317,318,236,361,362,363,364,365,366,367,368,325,408,409,410,411,412,413,414,362,465,467,468,469,470,471,472,473,474,
351:77,0,37,1,1,
352:21,124,200,271,289,312,386,402,
353:147,356,363,412,
354:340,342,345,383,384,386,439,441,442,444,
355:61,129,108,121,
356:9,24,99,2,0,132,1,121,
357:1,1,
359:17,118,260,
360:33,1,
361:32,0,1,1,
362:163,81,169,161,
363:95,54,80,95,
364:47,0,0,181,284,56,111,295,1,121,271,
365:0,75,0,46,29,
366:77,78,303,304,350,352,354,396,399,455,457,
367:0,19,1,121,
368:1,
369:57,152,122,164,
371:7,45,0,76,
374:2,0,120,0,126,1,161,1,121,
375:7,29,1,0,140,
376:17,0,1,1,
377:0,0,113,118,
378:17,0,1,1,
379:36,217,140,288,108,237,223,354,
380:283,290,292,370,376,380,429,434,436,
381:125,132,108,121,
382:130,176,19,126,302,1,149,263,121,264,355,
383:187,0,304,305,308,309,0,352,354,1,399,402,1,457,458,
384:30,1,
386:101,219,267,314,349,
387:75,178,221,298,301,344,346,348,390,391,447,449,
389:79,0,0,158,108,1,121,
390:1,1,
391:113,74,171,132,205,
392:0,1,1,
394:76,182,22,143,217,
395:72,62,0,126,1,108,1,256,
396:64,52,104,
397:89,42,1,1,
398:82,5,171,123,
399:2,0,0,1,1,
400:0,45,60,108,121,
402:0,122,164,
403:105,2,122,0,158,0,230,261,1,204,1,195,251,
404:1,1,
405:185,187,230,232,350,352,354,396,399,455,457,
407:120,126,128,130,185,187,230,303,304,350,352,354,396,399,455,457,
408:0,115,191,200,197,288,
409:9,60,4,0,1,213,1,231,
410:0,1,
411:71,172,43,117,
412:193,286,415,422,
413:113,139,213,137,244,121,333,
415:2,1,1,
416:111,97,198,243,110,265,138,263,
417:0,0,1,1,
418:2,0,1,
419:92,194,148,132,
420:78,130,0,1,212,256,1,295,
421:29,26,
422:0,1,
423:73,191,264,1,108,1,278,
424:239,360,401,466,
426:182,311,360,401,466,
427:35,153,0,126,108,273,121,299,
428:0,174,176,2,125,223,0,132,289,0,126,340,1,108,237,382,383,1,121,257,437,439,
430:6,185,35,234,306,9,237,330,67,257,374,
432:13,25,2,108,0,175,0,1,131,1,121,
433:25,87,74,31,
434:75,123,108,121,
435:1,
436:50,53,80,81,82,83,15,103,116,121,124,30,95,173,219,222,231,237,36,217,261,276,280,313,315,316,317,0,288,317,326,332,356,362,363,364,1,237,342,358,364,377,400,408,409,410,1,354,387,401,416,426,431,456,467,468,469,470,
439:0,0,1,1,
440:2,0,1,1,
441:52,117,1,1,
442:1,124,109,285,
443:115,258,141,1,142,308,364,
444:229,299,349,392,451,
445:0,0,1,1,
446:0,2,157,1,121,
447:1,1,
449:0,1,1,
450:0,1,
451:111,2,182,108,121,
452:72,256,
453:136,1,91,153,
454:2,73,126,241,38,108,1,121,283,
455:2,0,0,1,1,
456:33,1,1,
457:71,108,8,84,106,
458:0,96,115,191,0,216,200,122,288,
459:0,0,1,1,
461:3,1,1,
462:3,47,151,35,140,0,111,308,121,352,
463:1,0,0,1,1,
464:4,1,1,
465:0,0,0,1,1,
468:48,0,1,176,1,126,
470:8,34,37,314,315,316,317,318,361,362,363,364,365,366,367,368,369,408,409,410,411,412,413,414,415,465,467,468,469,470,471,472,473,474,475,
471:1,9,2,1,131,1,167,
472:6,71,103,0,109,140,268,288,315,237,327,342,269,353,387,407,
473:0,30,0,1,121,
475:150,270,222,246,307,379,
476:56,100,42,17,
477:15,0,0,120,247,0,126,280,1,108,329,1,121,378,
478:1,1,
479:0,211,1,108,241,1,121,284,
480:7,11,94,74,67,140,0,1,219,138,
481:2,0,1,1,
483:65,119,66,
484:15,60,1,
486:229,299,349,392,451,
487:129,108,121,
488:1,1,
489:1,120,41,177,1,121,
490:126,88,121,
491:30,109,74,130,96,135,126,248,32,108,39,121,264,
494:65,2,61,114,294,20,146,282,
495:18,2,171,0,211,0,136,283,1,108,241,1,121,284,
496:125,0,72,110,74,138,
497:37,57,9,157,196,0,183,263,308,114,253,1,146,314,393,
498:46,7,5,
499:2,0,141,216,
500:32,0,0,1,1,
504:0,123,235,1,108,268,1,121,268,
507:2,149,22,0,163,1,125,3,149,
509:2,166,157,108,121,
510:111,145,2,138,195,182,251,108,244,121,327,
512:28,74,65,24,92,
513:27,2,0,108,121,
514:190,204,277,285,288,294,310,322,327,333,369,375,415,419,424,432,
516:7,60,0,1,1,
517:0,1,1,
518:76,125,182,239,311,360,401,466,
519:125,0,117,176,
520:2,0,1,1,
522:10,0,101,82,
523:67,70,2,0,169,1,179,290,1,137,335,
524:88,1,121,
526:1,121,
527:2,164,0,1,108,1,121,
528:22,29,52,0,1,166,1,233,
529:6,34,37,206,219,235,237,238,240,241,242,243,217,261,314,315,316,317,318,288,326,361,362,363,364,365,366,367,368,328,342,364,408,409,410,411,412,413,414,353,387,416,465,467,468,469,470,471,472,473,474,
531:144,241,0,273,1,346,1,396,
532:73,175,227,300,339,373,440,
533:53,0,109,2,95,173,122,179,237,288,317,1,121,257,353,385,401,
534:0,1,121,
535:2,128,108,121,
536:56,1,1,147,
537:2,0,0,1,1,
538:29,2,0,1,1,
540:2,0,0,1,1,
541:21,271,314,343,386,402,
542:1,1,
543:78,1,1,
545:27,1,
546:4,2,0,144,0,1,116,1,173,
547:27,73,2,0,128,11,108,1,121,278,
548:70,110,164,275,318,321,360,366,406,421,
549:66,28,24,
551:11,2,67,1,1,
552:29,26,
554:3,113,45,49,
556:75,178,344,346,390,447,
557:7,11,74,125,2,152,67,1,1,138,
558:1,1,
559:98,0,233,1,247,1,303,
560:1,
561:73,109,10,2,109,0,108,299,278,
562:32,128,131,233,257,
564:4,34,80,0,0,217,0,288,1,237,1,289,354,
565:0,110,157,0,1,108,279,1,121,341,377,
567:121,214,113,269,118,304,
568:0,1,1,
569:74,0,181,89,228,0,152,284,0,347,1,108,388,1,121,448,
570:229,349,392,451,
571:27,2,0,108,121,
572:180,229,349,392,451,
573:13,0,138,0,0,203,1,108,1,121,
574:0,1,
575:0,0,1,121,
577:0,1,
578:1,1,
579:0,1,113,1,118,
580:0,1,1,
581:74,111,104,156,211,217,330,336,365,425,428,
582:1,1,
583:42,42,4,0,228,1,175,1,163,
584:0,0,1,1,
585:58,112,160,282,325,368,420,
586:2,0,1,1,
587:125,164,117,176,
588:18,94,80,
589:56,0,1,1,147,
590:299,392,451,
593:2,80,2,0,1,1,
594:21,101,200,219,271,267,289,314,349,386,
595:239,311,360,401,466,
596:180,229,299,349,392,451,
598:76,239,311,360,401,466,
600:5,76,125,239,311,360,466,
601:58,16,
602:91,15,
603:26,0,126,1,121,
604:48,91,12,77,195,251,0,151,259,1,176,280,1,126,337,
605:8,67,36,172,96,177,216,154,255,283,187,246,370,162,307,429,
611:50,2,128,1,211,91,206,
612:17,0,93,1,1,128,
613:0,1,
615:0,2,126,108,121,
616:27,228,347,388,448,
617:30,25,14,31,155,158,197,
618:2,95,0,132,10,126,1,121,
619:2,1,108,1,121,
621:0,100,135,0,126,108,121,
622:0,2,102,0,1,192,1,190,
623:25,1,81,0,145,2,138,7,120,126,251,1,120,244,1,121,327,
624:0,0,1,1,
625:0,0,1,1,
626:123,226,297,337,385,445,
627:0,1,1,
629:0,1,
630:135,136,222,
631:93,77,151,176,126,
632:18,200,145,218,186,
633:73,38,1,
634:40,1,1,
635:2,0,0,158,1,108,1,121,
636:18,
638:0,155,119,
640:3,0,108,121,
641:10,78,
642:7,1,1,
645:0,1,
646:3,1,1,
647:31,1,
648:16,63,
650:0,1,
651:13,1,175,
652:1,103,
653:0,1,1,
656:20,11,61,1,108,237,1,121,257,
658:137,108,121,
659:192,120,124,155,
660:21,0,100,0,0,126,86,108,116,121,
661:31,196,16,140,120,
662:50,30,123,170,273,
663:50,55,0,98,217,146,108,301,121,280,
664:2,21,1,
665:77,0,37,1,1,
666:0,1,1,
668:0,99,206,269,154,283,136,326,
669:41,19,19,56,210,143,182,30,220,
670:81,0,69,163,84,142,
671:12,163,36,193,195,286,259,307,320,280,331,353,362,337,367,410,422,
672:92,49,0,73,1,
673:8,3,33,34,103,121,124,127,129,131,133,0,122,280,314,315,316,317,37,190,361,362,363,364,365,366,367,1,210,304,362,408,409,410,411,412,413,1,214,342,422,465,467,468,469,470,471,472,473,
674:0,143,116,195,1,108,1,121,
675:156,147,155,119,
678:8,87,0,86,209,1,156,1,165,
679:48,1,0,168,6,1,169,1,161,
680:0,1,
681:47,11,116,0,173,0,195,1,108,1,121,
682:0,1,1,
683:2,158,0,178,154,136,
684:0,1,1,
685:2,158,0,178,154,136,
686:54,16,230,126,271,240,336,260,381,
687:146,165,185,227,144,292,313,284,341,361,339,389,409,
689:136,2,192,5,157,
690:53,144,149,36,168,54,242,
691:2,73,180,124,
692:43,2,168,1,108,121,301,
693:192,120,124,1,155,
694:0,0,0,126,108,121,
695:0,1,1,
696:10,1,1,
698:0,8,1,
699:2,0,0,1,1,
700:0,2,1,
701:97,132,237,126,239,274,
702:76,1,1,
703:3,0,0,111,121,
704:72,118,2,157,98,193,263,114,33,314,
705:74,228,284,347,388,448,
706:120,187,230,304,305,308,309,352,354,399,402,457,458,
707:28,118,81,178,96,221,165,298,150,341,343,344,1,222,387,389,390,1,158,307,443,446,447,
708:0,163,1,125,1,149,
709:52,98,34,
710:2,0,173,221,
711:28,222,307,
712:12,2,0,0,1,
713:86,106,100,
716:4,0,110,2,0,120,0,232,1,108,279,1,121,297,
717:14,0,1,108,1,121,
718:0,1,1,
719:70,53,78,22,93,
720:0,1,121,
721:50,123,0,170,273,
722:0,1,1,
723:26,0,126,1,121,
724:53,70,24,0,237,257,
725:1,1,
726:0,191,245,123,235,295,108,268,311,121,268,363,
727:0,224,1,108,1,121,
729:2,0,1,1,
731:1,1,
732:0,111,121,
733:117,0,1,1,
734:36,149,96,154,262,3,270,187,323,162,359,
735:217,237,289,
736:0,224,173,257,133,121,293,
737:128,235,237,238,240,241,242,243,244,233,361,362,363,364,365,366,367,368,237,408,409,410,411,412,413,414,257,465,467,468,469,470,471,472,473,474,
738:123,297,337,385,445,
739:361,362,363,364,365,366,367,368,369,408,409,410,411,412,413,414,415,465,467,468,469,470,471,472,473,474,475,
740:95,153,255,315,124,259,376,
741:11,46,20,43,0,126,1,108,1,121,
742:12,0,126,254,297,1,121,281,348,
743:1,56,
745:66,85,
746:6,142,2,103,0,290,1,199,355,1,151,405,
748:0,1,1,
749:22,90,0,130,1,256,1,295,
750:23,0,0,1,1,
752:2,0,201,110,138,
753:3,220,222,328,332,334,371,377,381,426,431,435,
754:208,138,130,
755:1,1,
757:75,118,178,221,298,301,389,390,446,447,
758:26,142,121,
759:28,
762:86,149,196,218,
763:0,0,133,0,125,1,111,1,121,
764:0,1,1,
765:1,1,
766:0,12,114,47,
767:175,227,300,339,440,
768:0,11,1,209,1,237,
769:204,277,285,288,322,327,369,375,419,424,432,
770:25,108,0,131,121,
772:1,4,178,231,247,318,360,
773:0,1,1,
774:58,31,18,
775:125,223,224,225,0,126,233,340,342,345,1,237,383,384,386,1,257,439,441,442,444,
776:31,0,176,179,223,224,225,126,340,342,345,237,383,384,386,257,439,441,442,444,
777:53,2,0,1,1,
778:77,78,230,303,304,350,352,354,396,399,455,457,
779:0,190,0,223,1,221,1,241,
780:3,1,1,
781:0,0,1,43,
782:6,67,0,125,0,164,1,117,1,176,
783:0,0,1,1,
784:54,1,230,126,271,240,336,260,381,
785:20,43,76,104,277,285,288,369,415,419,424,
786:97,181,214,128,330,
787:86,52,15,1,1,
788:1,1,
789:8,6,142,238,290,355,405,
790:2,46,110,201,252,7,193,287,5,177,321,
791:0,0,0,1,43,147,
792:1,79,0,114,2,0,46,196,1,108,1,121,
794:0,0,1,
795:2,4,175,64,23,235,
796:76,111,360,401,68,466,
797:111,68,
799:0,162,0,132,257,274,48,126,331,338,1,237,372,1,257,423,
800:31,129,7,142,
801:71,108,8,84,106,
802:17,180,223,159,
803:47,1,1,
804:0,126,108,121,
805:55,0,1,
806:13,12,40,
807:4,0,1,167,1,121,
809:0,1,1,
810:49,0,2,169,0,108,121,
811:30,36,1,1,
812:51,2,1,1,
813:1,2,1,1,
814:131,130,168,128,125,
815:2,191,123,235,108,268,121,268,
816:9,2,100,0,126,1,108,1,121,
818:1,1,
819:15,24,1,1,
823:178,298,301,344,346,390,447,
824:74,111,150,211,217,236,277,281,330,336,365,425,428,
825:4,95,14,0,1,1,
826:20,37,61,
827:0,1,2,0,0,202,1,216,1,243,
828:1,
829:1,2,0,189,1,167,1,121,
830:0,1,1,
831:22,130,0,256,295,
832:182,239,311,401,466,
833:109,173,217,288,354,
834:1,1,
835:0,1,1,
836:124,200,271,289,312,314,343,386,402,
837:61,209,126,108,296,121,332,
838:2,24,89,
839:13,2,134,0,0,132,1,114,1,146,
840:0,0,180,1,223,1,159,
841:13,1,146,
842:3,85,
843:7,109,167,157,208,
844:0,1,
845:20,37,61,
846:47,0,148,1,108,238,121,319,
847:126,128,130,132,230,232,234,352,354,355,399,403,404,457,459,462,464,
848:0,69,84,
849:2,1,1,
850:103,68,64,
851:41,116,173,0,108,121,
853:4,2,0,1,1,
854:83,0,44,65,1,
856:1,
857:54,1,230,126,240,260,
858:76,1,1,
859:43,1,108,32,121,301,
861:52,2,0,1,174,1,229,
862:53,144,149,14,36,168,54,242,
863:53,144,149,14,36,168,54,242,
864:0,0,126,1,108,1,121,
865:2,105,0,135,0,127,1,149,1,121,
866:9,0,2,100,0,0,134,1,121,
867:46,135,0,126,108,121,
868:22,78,0,295,
869:23,0,1,1,
873:208,138,130,
875:16,1,1,
876:78,0,69,104,170,195,270,
877:94,0,1,1,181,
878:97,1,0,232,268,169,257,161,266,
879:0,192,5,183,1,246,
882:160,207,282,325,368,420,
883:1,
884:130,60,75,169,119,182,
885:181,228,347,388,448,
887:1,116,72,55,1,109,1,172,
889:0,2,32,132,126,112,121,
890:13,134,132,114,146,
891:1,84,101,2,99,0,128,262,121,294,
892:0,1,
893:34,0,1,
894:26,88,1,37,41,
895:157,108,121,
896:197,152,195,
898:47,1,
899:1,1,
900:33,81,29,1,
901:139,266,287,
902:6,105,0,135,0,127,1,149,1,121,
903:72,15,35,
904:4,175,163,
905:0,1,230,1,121,
906:0,90,1,1,
907:91,184,127,
908:0,1,1,
909:1,9,0,1,131,1,167,
911:71,172,43,117,
912:123,108,121,
913:1,108,247,351,121,254,383,
914:0,120,126,108,121,256,
915:182,22,143,217,
916:197,152,195,
917:53,71,109,158,217,261,288,315,342,387,407,
919:2,0,138,24,126,108,278,89,121,
921:12,1,1,
922:15,6,0,2,175,214,0,303,60,248,309,1,347,
923:1,1,
924:146,144,284,339,
925:0,174,176,179,18,125,223,225,132,289,293,295,296,108,383,384,386,121,439,441,442,444,
926:73,38,1,
927:111,77,39,101,
928:10,78,
931:0,117,0,237,257,
932:1,116,72,55,124,1,109,1,172,285,
933:119,165,309,
934:123,108,121,
936:0,0,1,1,
937:97,181,214,88,128,330,
939:0,2,97,0,0,126,1,108,1,121,
941:88,123,0,1,108,1,121,
942:1,58,99,0,1,121,
943:135,0,126,108,121,
946:99,79,256,251,290,
948:27,4,0,1,
949:2,85,42,
950:185,227,292,313,341,361,389,409,
951:109,152,2,153,108,255,121,259,
952:2,0,120,126,1,121,
953:2,0,1,1,
954:2,0,0,126,1,1,121,
955:2,1,1,
956:129,0,148,32,235,305,1,319,349,1,350,400,
961:107,59,
962:5,73,155,0,27,108,7,121,
964:0,1,
965:72,15,35,
966:2,0,1,1,
967:8,207,0,221,56,1,249,
968:16,0,2,123,108,121,
969:0,2,0,1,141,3,216,
970:0,2,97,0,126,1,108,1,121,
971:15,97,0,187,232,268,0,128,1,108,257,121,266,
972:47,0,108,121,
973:2,97,198,0,120,247,0,126,280,1,108,291,329,1,121,378,
974:260,278,309,323,356,363,412,
975:79,2,0,0,158,1,108,1,121,
976:22,52,0,1,174,1,229,
977:70,117,0,237,257,
978:23,27,35,27,
979:1,1,121,
980:12,0,1,1,
981:2,0,1,1,
982:4,1,1,
983:15,139,265,266,293,316,274,332,350,287,356,398,
985:0,0,109,7,130,63,135,0,126,1,108,237,1,121,
986:79,114,2,196,108,121,
987:1,0,1,1,
988:27,65,197,213,272,300,306,370,392,
989:184,260,309,323,356,363,412,
991:0,26,1,12,
993:120,126,121,
994:0,45,108,121,
995:10,2,0,127,1,108,1,121,
996:33,151,139,235,137,108,318,
997:129,239,108,262,121,279,
998:157,108,121,
999:68,137,108,250,121,323,
1000:0,111,121,
1001:26,28,17,10,
1002:8,184,186,188,189,235,237,238,240,241,242,243,244,314,315,316,317,318,408,409,410,411,412,413,414,465,467,468,469,470,471,472,473,474,
1003:25,19,126,129,
1006:11,8,139,0,186,275,255,
1007:2,110,0,147,0,252,1,193,1,177,
1008:53,0,121,
1009:125,239,311,360,401,466,
1010:24,1,0,
1011:3,2,0,174,1,111,1,121,
1013:47,0,0,111,121,
1014:75,81,178,165,298,301,270,341,344,222,246,387,390,307,443,447,
1015:54,76,62,
1016:220,303,319,248,309,347,395,
1017:1,1,
1018:172,173,283,290,292,329,429,434,436,
1020:101,219,294,314,349,
1022:51,1,232,128,108,266,
1023:115,0,258,1,1,308,
1024:32,303,304,350,352,354,396,399,455,457,
1025:89,152,0,108,121,
1026:80,105,2,122,0,158,0,220,261,1,204,1,195,251,
1027:0,132,79,97,1,121,
1028:1,1,
1030:75,118,122,221,298,301,344,346,390,447,
1031:83,180,229,349,451,
1033:5,0,82,126,0,155,0,126,1,108,1,121,
1034:190,204,310,322,327,369,415,419,424,
1035:97,148,167,2,147,120,243,266,126,274,120,276,121,312,382,
1036:21,84,44,36,
1037:17,1,
1038:69,179,0,123,121,
1039:0,191,264,34,108,70,278,380,
1041:239,311,360,466,
1042:140,177,33,1,227,121,
1043:1,81,2,0,120,126,1,120,1,121,
1044:35,15,126,24,1,1,121,
1045:105,122,220,261,195,251,
1047:34,2,55,0,48,1,
1048:77,78,11,120,126,128,37,185,187,2,134,230,61,114,395,399,20,146,454,457,
1049:34,92,45,
1050:6,86,0,0,1,1,
1051:125,182,239,360,401,466,
1053:115,22,258,1,142,308,364,
1054:2,0,108,121,
1055:163,81,169,161,
1056:142,108,121,
1057:2,0,0,215,1,152,
1058:115,258,141,308,364,
1059:74,117,181,228,448,
1060:2,1,
1061:37,118,193,263,314,
1062:31,0,121,1,113,269,1,118,304,
1063:36,83,180,229,68,299,1,451,
1064:81,82,83,104,162,184,186,188,257,270,314,315,316,317,310,331,361,362,363,364,365,354,372,408,409,410,411,415,423,465,467,468,469,470,471,
1065:44,10,147,309,323,356,363,412,
1066:54,185,121,200,
1067:1,121,
1070:1,180,0,1,194,1,189,
1072:60,73,107,130,99,51,188,
1074:112,176,164,207,
1075:45,194,148,132,
1076:0,137,1,220,1,240,
1077:146,185,227,144,292,284,341,339,389,
1078:18,125,205,0,132,239,257,0,126,233,331,1,179,237,372,1,137,257,423,
1080:0,83,0,133,125,111,1,121,
1081:0,108,121,
1082:169,291,335,379,438,
1083:6,0,2,1,204,
1084:24,35,153,0,126,108,273,121,299,
1086:2,0,0,136,1,121,
1087:90,1,
1089:12,0,108,121,
1090:0,1,1,
1091:132,217,261,0,126,232,288,315,1,108,307,342,359,121,354,387,407,
1092:33,0,1,1,
1093:52,117,1,1,
1094:79,68,0,1,1,
1095:56,98,106,122,129,228,160,163,292,142,322,
1096:0,109,1,1,191,
1097:56,106,0,1,202,1,193,
1098:1,1,
1099:119,6,140,171,172,29,177,216,1,370,121,427,429,
1100:1,131,231,247,318,360,
1101:48,1,1,
1103:81,82,83,84,361,362,363,364,365,366,367,368,369,408,409,410,411,412,413,414,465,467,468,469,470,471,472,473,474,
1106:97,15,181,214,88,1,128,1,330,
1107:80,105,2,122,0,158,0,230,261,1,204,1,195,251,
1108:129,0,0,108,121,
1109:136,192,5,157,
1110:23,0,1,1,
1111:0,1,
1112:118,18,44,
1113:35,182,239,311,401,466,
1115:56,100,42,17,
1116:0,1,169,270,
1117:29,177,297,385,445,
1119:70,117,0,237,257,
1120:1,151,
1121:12,0,0,1,1,
1122:74,104,156,236,277,330,365,425,
1123:2,142,0,123,1,121,
1125:130,135,126,149,264,
1127:157,72,183,114,146,
1128:0,0,1,1,
1129:0,0,1,1,
1130:2,1,1,
1131:95,225,237,255,267,
1132:0,151,1,139,1,122,
1133:2,120,120,121,
1134:34,8,102,0,0,141,233,1,247,1,303,358,
1135:64,
1137:150,270,335,222,246,379,307,438,
1138:0,63,1,
1139:41,0,108,121,
1140:51,96,150,270,158,307,
1141:0,108,121,
1143:0,1,
1144:44,13,126,1,121,
1145:2,0,0,1,
1146:4,150,0,298,1,348,1,390,
1147:188,298,348,390,
1148:0,0,1,1,
1150:8,0,0,1,1,
1151:63,0,1,1,238,
1152:111,121,
1153:0,0,126,1,108,1,121,
1154:35,44,65,1,
1155:0,0,1,121,
1156:125,67,0,138,
1157:58,43,65,
1159:52,1,1,
1160:180,299,349,451,
1161:1,1,
1163:0,1,1,
1164:0,134,126,249,255,333,256,369,
1165:41,6,116,173,222,0,222,108,293,121,256,
1166:1,56,
1167:0,0,1,1,
1168:1,108,1,121,
1169:185,187,396,399,455,457,
1170:0,0,1,1,
1172:1,108,1,121,
1173:73,126,27,180,7,124,
1174:0,0,46,29,
1175:184,127,
1176:17,0,97,148,2,147,0,120,243,0,126,1,121,312,
1177:16,0,129,1,108,1,121,
1180:3,0,0,157,1,108,1,121,
1182:65,55,197,213,272,300,306,370,392,
1183:72,126,108,256,
1184:61,129,108,121,
1185:0,11,0,1,108,1,121,
1186:14,43,2,168,0,32,121,301,
1187:181,228,284,347,448,
1188:2,170,0,152,0,1,108,1,121,329,
1189:1,1,
1190:0,1,1,
1191:0,211,1,108,241,1,121,284,
1192:65,183,185,47,302,303,144,350,114,294,394,395,396,146,282,452,454,455,
1193:45,108,121,
1194:73,175,227,300,339,373,440,
1195:33,81,29,1,
1196:18,2,0,136,283,241,284,
1198:0,2,161,0,120,252,126,279,108,247,351,121,254,383,
1199:54,155,36,259,62,298,
1200:40,86,35,0,0,181,1,111,1,121,271,
1201:0,0,1,108,1,121,
1202:89,1,121,
1203:0,202,1,216,1,243,
1204:118,103,68,64,
1205:2,0,1,1,
1206:0,1,1,
1207:0,126,1,108,1,121,
1208:182,272,296,316,403,
1209:76,125,182,239,311,360,401,466,
1210:0,109,93,95,1,151,255,128,262,353,
1211:48,97,0,232,268,6,128,169,257,161,266,
1212:35,44,65,1,
1213:153,0,126,1,108,273,1,121,299,
1215:0,0,1,108,1,121,
1216:0,1,1,
1217:1,1,
1218:47,21,2,153,156,
1219:2,1,3,
1221:14,51,0,95,1,
1222:53,14,36,54,
1223:2,1,1,
1224:2,0,0,1,
1225:0,2,0,1,1,
1226:185,187,350,352,354,396,399,455,457,
1227:1,1,
1228:0,188,1,141,
1229:1,1,
1230:76,0,311,1,401,121,466,
1231:1,0,2,161,0,120,0,126,1,108,1,121,
1233:0,2,154,0,141,1,108,247,1,121,291,358,
1234:0,0,1,1,
1235:28,147,215,260,273,278,356,412,
1236:70,223,224,225,289,295,296,340,342,345,439,441,442,444,
1237:181,228,347,388,448,
1238:10,0,127,0,126,1,108,121,334,
1239:2,219,294,314,349,
1240:126,129,
1241:53,2,0,1,108,241,108,121,284,
1242:69,0,1,
1244:26,115,1,225,37,233,41,245,
1245:9,2,1,1,
1246:56,98,106,122,26,129,228,160,163,292,142,322,
1248:19,11,40,97,1,1,
1249:1,
1250:21,0,261,1,230,345,358,1,121,385,401,
1251:158,261,8,204,1,251,
1252:96,25,22,
1255:67,71,21,
1256:14,245,165,260,
1257:79,142,0,256,49,251,121,290,
1258:27,69,123,1,121,
1260:1,65,0,178,1,124,
1262:95,2,0,0,126,1,108,1,121,
1263:4,90,120,1,108,279,1,121,341,
1264:0,120,0,126,1,108,43,121,340,
1265:12,121,
1266:173,209,222,235,237,238,240,241,242,0,249,280,314,315,316,317,318,179,236,288,334,361,362,363,364,365,367,1,205,325,381,408,409,410,411,412,413,1,257,362,431,465,467,468,469,470,471,472,473,
1267:22,0,1,3,
1268:0,0,174,0,126,1,111,1,121,
1269:109,135,126,248,108,121,264,
1271:58,43,65,
1272:78,126,17,180,124,
1274:26,119,270,309,415,
1276:62,90,108,121,
1277:206,218,217,261,288,315,342,359,387,407,417,
1278:2,108,121,
1279:27,4,1,
1280:0,2,0,108,121,
1281:39,2,181,99,203,166,
1282:108,185,234,306,237,330,257,374,
1284:23,74,111,104,156,211,217,277,281,330,336,365,425,428,
1285:0,1,1,
1286:103,176,34,190,121,
1287:0,83,1,
1288:83,109,7,130,176,0,135,19,126,248,71,121,264,
1289:14,51,0,95,1,
1290:0,1,1,
1291:139,0,142,1,108,1,121,
1292:0,88,1,111,1,144,
1293:129,108,121,
1294:0,1,1,
1295:108,335,438,
1296:142,108,121,
1298:79,114,2,0,46,1,108,1,121,
1299:67,71,21,
1300:52,1,1,
1302:176,135,126,149,264,
1303:18,94,80,
1305:0,0,1,1,
1306:2,61,1,1,
1307:19,0,80,26,50,
1309:0,0,0,107,
1310:12,0,1,
1311:121,
1312:0,215,1,152,
1313:2,0,1,1,
1314:0,1,1,
1315:1,97,148,167,120,243,266,0,126,274,120,276,121,312,382,
1317:79,2,0,1,108,1,121,
1318:16,26,43,76,190,204,277,287,288,310,322,327,305,369,404,415,419,424,
1319:83,108,121,
1320:123,177,226,297,385,445,
1321:17,0,180,223,159,
1322:6,48,0,1,1,
1324:46,57,54,1,1,
1325:0,1,121,
1327:24,57,137,196,234,308,393,
1328:230,126,240,260,
1329:72,114,2,98,196,33,121,
1331:0,126,2,153,0,129,239,108,262,121,279,
1333:119,252,258,
1334:0,139,122,
1335:211,217,277,281,330,336,365,425,428,
1336:53,2,0,108,121,
1338:57,1,180,0,1,194,1,189,
1339:0,1,1,
1340:0,0,113,118,
1341:44,0,1,1,
1342:24,199,95,1,147,298,1,228,292,
1343:88,105,0,64,246,1,127,1,121,276,
1344:0,38,
1346:34,112,7,5,
1347:91,58,33,1,
1348:5,311,360,466,
1349:66,123,162,68,188,227,
1351:39,53,1,
1352:2,1,
1353:12,34,2,0,0,215,1,152,
1354:97,132,237,239,274,
1356:0,11,95,173,206,154,288,1,108,237,342,1,121,257,387,
1358:2,0,1,
1359:22,258,60,141,1,142,1,308,364,
1360:7,1,1,
1361:4,0,2,79,126,255,1,108,1,121,
1362:0,1,
1364:68,90,1,
1365:17,39,0,126,118,240,260,
1366:0,186,0,162,1,130,1,121,
1367:204,369,375,419,424,432,
1368:62,0,152,0,1,108,1,121,
1370:0,217,1,1,
1371:3,62,166,0,157,258,1,108,237,334,1,121,269,366,
1372:121,0,137,108,250,121,323,
1373:1,192,
1374:0,126,1,121,
1375:67,71,21,
1376:5,69,40,109,2,95,0,217,43,153,237,1,255,1,259,353,
1378:83,109,155,135,248,248,302,263,312,71,264,355,391,
1379:12,57,
1381:1,1,
1382:109,167,157,208,
1383:6,0,190,0,223,1,221,1,241,
1384:147,184,260,309,323,356,363,412,
1386:12,123,108,121,
1387:88,115,1,37,41,
1389:1,1,
1390:2,1,121,
1391:2,0,1,1,
1392:42,183,272,151,296,176,316,265,403,
1393:0,1,1,
1394:126,128,130,132,187,190,230,232,234,352,354,355,457,459,462,464,
1395:118,103,68,64,
1396:0,120,0,1,121,
1397:0,112,0,121,
1398:8,0,86,1,
1399:0,1,1,
1400:11,61,0,70,2,106,0,126,242,1,108,237,1,121,257,
1401:47,2,0,1,108,1,121,
1402:47,1,
1404:11,1,209,1,237,
1405:26,1,1,
1407:202,277,285,1,207,285,305,369,1,145,275,404,415,419,
1408:0,0,1,
1409:0,2,3,0,1,1,
1410:126,108,121,
1411:20,136,115,153,
1412:0,126,108,121,
1413:101,229,0,4,277,
1416:44,0,0,1,1,
1419:361,362,363,364,365,366,367,368,408,409,410,411,412,413,414,465,467,468,469,470,471,472,473,474,
1420:0,117,0,1,108,1,121,
1421:10,0,0,1,1,
1424:19,11,
1427:0,0,109,2,0,134,0,126,1,108,1,121,
1429:17,0,120,108,121,
1432:59,129,239,121,279,
1433:18,3,0,129,1,108,1,121,
1434:36,3,187,162,
1435:169,291,335,379,438,
1436:335,379,438,
1438:74,236,277,365,425,
1439:2,219,314,349,
1440:67,0,5,1,1,
1441:34,136,2,0,192,5,183,1,157,
1442:0,2,118,0,0,126,1,108,1,121,
1443:44,65,1,
1444:2,1,
1445:61,10,1,1,
1446:50,200,0,271,289,312,1,314,343,1,201,386,402,
1447:2,0,0,1,1,
1450:0,1,1,
1451:112,160,282,368,420,
1452:31,1,1,
1453:0,2,100,0,195,1,108,1,121,
1454:0,1,
1455:0,120,120,121,
1456:72,108,256,
1457:31,1,1,
1461:92,0,37,126,186,0,187,54,108,260,87,121,328,
1462:2,177,0,108,121,
1464:15,92,2,126,186,0,177,1,108,258,1,121,
1465:10,0,1,1,
1467:0,96,127,216,200,197,288,
1468:208,291,335,438,
1469:0,1,
1470:2,0,121,
1471:0,0,1,
1472:6,86,0,0,1,1,
1473:0,0,1,141,1,216,
1474:36,349,392,451,
1475:0,0,1,1,
1476:93,49,33,184,91,177,72,174,
1479:41,19,56,210,143,182,30,220,
1480:2,0,1,
1482:3,0,122,0,190,1,210,1,214,
1483:2,10,1,1,
1484:118,103,68,64,
1485:230,352,354,399,402,457,458,
1487:0,0,1,
1488:0,2,156,0,206,1,154,289,1,136,325,
1489:44,0,1,1,
1492:15,217,268,269,
1493:1,0,0,1,1,124,
1495:89,0,121,
1496:57,1,0,1,1,
1497:0,1,1,
1498:109,181,347,224,448,
1499:0,0,1,1,
1501:18,200,145,218,186,
1505:52,1,1,
1506:35,311,360,401,466,
1507:79,114,196,108,121,
1509:22,90,212,256,295,
1510:87,241,108,283,
1511:91,184,127,
1512:2,208,0,291,0,335,1,108,379,1,121,438,
1513:25,53,15,69,103,0,109,0,217,261,237,288,63,151,255,342,1,128,262,353,387,
1514:1,8,
1515:0,1,1,
1518:0,154,136,
1519:1,1,
1520:0,110,2,172,0,0,232,1,297,
1522:0,1,1,
1523:1,1,
1524:1,2,0,120,0,126,1,108,247,1,121,
1525:4,175,23,235,
1527:0,0,1,1,
1528:23,0,126,1,108,58,121,
1529:64,52,104,
1530:1,1,
1531:16,26,104,270,277,310,322,330,354,365,369,415,419,425,
1532:0,1,1,
1533:41,116,173,108,121,
1534:0,41,1,1,121,
1535:77,78,185,187,230,350,352,354,455,457,
1536:20,9,139,
1537:2,0,0,1,1,
1539:13,0,1,
1541:68,169,291,335,379,438,
1542:32,50,105,42,83,
1543:1,122,
1544:0,1,1,
1545:70,117,0,0,237,257,
1546:53,70,70,0,109,154,176,0,134,289,295,63,237,383,384,386,1,224,257,439,441,
1547:96,25,22,
1549:163,81,169,161,
1550:104,300,339,440,
1551:21,0,0,121,
1552:0,0,1,1,
1553:48,103,121,124,127,131,12,104,163,184,186,188,259,307,310,334,361,362,363,1,280,353,354,362,377,407,408,409,1,337,410,415,422,431,465,467,468,
1554:24,41,173,179,275,205,271,257,
1555:2,0,0,202,265,1,216,277,1,243,313,
1556:92,107,49,27,0,73,217,1,135,
1557:92,49,0,73,1,
1559:77,78,187,399,403,457,462,
1560:0,100,0,0,173,1,121,
1561:15,0,110,2,126,173,0,132,217,261,126,232,288,1,108,237,307,1,121,297,354,
1563:221,264,243,304,265,320,344,263,368,399,
1566:0,109,0,134,0,126,1,121,261,
1568:25,77,1,
1570:17,70,230,126,240,339,260,361,
1571:0,106,203,134,126,242,299,108,237,317,121,257,373,
1572:11,0,126,285,1,121,351,
1574:5,2,1,
1575:33,120,201,188,1,232,1,198,
1576:128,49,11,121,
1577:64,0,108,121,
1579:0,88,0,
1581:0,126,108,121,
1584:93,1,
1585:1,108,1,121,
1587:110,0,33,206,1,168,
1588:0,1,1,
1589:2,0,0,191,108,121,278,
1590:18,32,1,1,
1591:2,0,109,1,191,
1592:0,209,249,236,325,362,
1593:11,100,0,143,0,195,1,108,1,121,324,
1594:0,89,30,14,155,158,237,197,269,
1595:172,160,
1596:0,109,0,126,1,1,121,261,
1597:11,2,0,159,0,126,1,108,1,121,
1599:73,227,300,339,440,
1600:32,0,125,0,132,0,126,1,108,1,121,
1601:0,126,1,108,1,121,
1603:89,0,1,1,
1606:0,181,284,1,111,295,1,121,271,
1607:99,0,132,79,126,97,108,121,
1608:4,2,206,218,79,255,288,315,1,108,342,359,1,121,387,407,417,
1611:1,0,2,0,120,41,177,1,1,121,
1612:8,0,1,
1613:2,0,0,1,1,
1614:4,2,0,0,1,1,
1615:95,14,59,1,146,1,234,
1616:32,77,78,120,126,128,185,187,303,304,350,352,354,396,399,455,457,
1617:0,137,1,220,1,240,
1620:125,0,110,138,
1621:21,2,0,126,105,108,121,
1622:2,126,186,0,187,121,328,
1623:2,132,126,1,200,121,315,
1625:130,75,169,119,182,
1626:2,62,1,1,
1627:1,1,
1628:34,112,7,5,
1629:0,45,60,2,133,1,108,1,121,
1630:2,162,0,1,225,1,232,
1631:30,13,
1632:0,156,147,155,119,
1635:0,1,
1636:111,179,212,221,264,243,304,265,320,344,263,368,399,
1637:2,0,0,1,1,
1638:108,67,110,
1640:47,1,1,
1641:181,228,388,448,
1643:11,46,20,0,43,135,0,0,126,1,108,1,121,
1644:143,0,206,269,1,154,283,1,136,326,
1647:202,285,275,
1648:1,1,
1649:33,1,
1650:0,132,79,97,1,121,
1651:1,0,1,
1653:93,182,77,183,272,151,296,176,316,126,265,403,
1654:72,74,
1655:23,2,13,0,126,1,108,58,121,
1656:0,32,48,126,1,108,1,121,257,
1657:132,0,179,257,
1659:106,2,0,172,1,258,1,316,
1660:46,43,135,0,126,1,108,1,121,
1661:19,37,134,114,255,146,259,
1662:100,0,108,121,
1663:10,51,213,4,203,
1664:25,0,1,1,
1665:125,2,107,110,73,138,
1666:7,87,89,1,88,
1667:84,101,0,128,262,1,121,294,
1668:93,33,19,11,
1669:0,120,0,108,121,
1670:97,120,120,121,
1671:275,255,
1672:0,1,1,
1673:18,39,1,
1674:1,81,0,97,0,120,237,0,126,1,120,239,1,121,274,
1675:64,31,205,202,
1676:74,96,199,32,214,39,171,
1677:1,84,0,97,2,99,0,0,128,1,108,1,121,
1679:24,57,137,234,308,393,
1680:9,10,2,0,126,1,1,121,
1681:0,1,1,
1682:0,124,0,199,1,171,
1683:185,121,200,
1684:2,0,69,84,
1685:96,106,134,242,108,257,
1686:0,43,1,1,
1687:52,0,1,1,
1688:0,0,1,1,
1689:2,0,0,1,1,
1690:129,7,1,142,
1692:15,97,180,0,128,1,108,257,1,121,266,
1693:0,47,1,247,
1694:9,116,131,167,
1695:52,98,34,
1697:1,4,77,49,0,0,189,1,167,1,121,
1699:64,52,104,
1700:1,1,
1701:109,7,63,0,108,121,
1702:0,1,1,
1703:1,
1704:2,0,1,1,
1705:57,0,0,152,1,122,1,164,
1706:60,64,130,99,188,
1707:193,286,310,320,354,362,415,422,
1708:27,86,16,35,146,0,181,253,111,1,121,271,
1709:0,141,0,120,0,126,1,108,247,1,121,254,
1710:7,45,1,0,1,76,140,
1711:1,180,0,1,215,1,230,
1712:1,58,
1713:0,2,1,1,
1714:6,2,105,0,135,0,1,149,1,121,
1718:0,1,0,1,1,
1719:0,0,1,1,
1720:111,179,212,97,221,264,198,243,304,110,265,320,344,138,263,368,399,
1721:66,6,
1722:31,70,0,109,176,179,2,223,224,225,0,134,289,295,296,126,340,342,345,1,108,237,383,384,386,1,121,257,439,441,442,444,
1724:13,0,1,1,
1726:64,31,205,50,202,
1728:0,1,1,
1729:160,74,148,
1730:71,132,288,314,345,385,
1732:12,30,23,194,98,126,1,112,1,121,
1733:162,331,338,372,374,423,430,
1735:1,
1736:2,167,0,1,108,1,121,
1738:65,119,66,
1739:0,170,195,169,
1740:138,126,108,121,
1741:71,80,162,286,
1743:2,0,1,137,1,210,
1744:6,108,185,234,306,237,330,257,374,
1745:34,0,192,5,183,1,246,
1746:53,95,173,261,237,288,108,237,345,358,257,353,385,401,
1747:36,126,1,121,
1748:93,95,217,261,237,128,262,353,
1749:2,120,0,120,121,
1750:36,68,18,9,102,14,226,
1751:130,60,169,119,182,
1752:8,207,0,221,56,1,249,
1753:9,113,139,213,137,244,121,333,
1755:1,0,1,
1756:0,0,1,1,
1757:0,14,245,1,165,1,260,
1758:215,309,356,412,
1759:32,81,82,83,84,128,235,237,238,240,241,242,0,131,314,315,316,317,318,82,233,361,362,363,364,365,366,367,368,75,237,408,409,410,411,412,413,414,102,257,465,467,468,469,470,471,472,473,474,
1760:2,0,0,1,1,
1761:47,1,1,
1762:56,31,98,0,129,1,163,97,142,
1763:0,2,0,0,1,154,1,136,
1764:2,1,154,1,136,
1765:2,1,1,
1766:0,0,2,143,0,206,1,154,1,136,
1767:0,156,154,136,
1768:2,158,0,156,0,178,1,154,1,136,
1769:2,0,1,1,
1770:101,234,237,257,
1771:11,8,139,0,186,275,255,
1772:1,1,
1773:33,0,1,1,
1775:15,94,1,1,
1776:0,1,1,
1777:117,181,347,388,448,
1778:76,182,22,143,217,
1779:103,34,126,121,
1780:76,190,204,277,288,310,322,327,305,369,378,404,415,419,424,433,
1781:113,1,1,
1782:1,1,
1783:81,82,83,84,184,186,188,189,314,315,316,317,318,465,467,468,469,470,471,472,473,474,
1784:0,0,46,29,
1785:1,128,121,
1786:88,64,121,
1787:5,2,1,
1788:63,137,0,188,0,1,60,141,
1789:20,105,115,115,153,
1792:25,27,111,145,2,138,0,182,251,1,108,244,1,121,327,
1794:0,151,1,1,
1796:0,106,2,0,172,26,123,286,1,108,258,12,121,316,
1797:29,45,1,0,1,1,
1798:95,153,255,315,259,376,
1799:16,146,4,181,253,111,121,271,
1800:30,85,2,130,126,248,108,249,121,264,
1801:120,120,121,
1802:71,96,
1803:0,88,0,
1804:18,132,0,108,121,
1806:24,196,234,308,253,393,
1807:66,28,24,
1808:2,0,1,1,
1809:189,210,0,134,261,324,351,
1810:8,19,11,
1811:1,1,
1813:0,1,1,
1814:56,42,17,
1815:1,6,207,1,169,286,1,161,331,
1816:1,0,97,2,120,243,0,126,120,121,312,
1818:38,0,97,0,128,1,108,1,121,
1821:0,0,218,1,1,121,
1822:0,1,239,
1823:38,84,66,0,1,1,
1824:21,32,132,0,126,237,1,108,237,1,121,257,
1825:2,148,0,159,1,178,1,179,
1826:1,1,1,
1827:58,1,121,
1828:0,2,103,120,215,0,254,297,1,108,264,1,281,348,
1830:151,223,242,308,296,352,
1831:1,1,
1832:1,1,
1833:38,84,66,1,
1834:0,146,108,121,
1836:1,168,170,267,269,277,301,394,408,414,
1837:91,184,127,
1838:40,151,223,0,242,308,296,352,
1840:96,25,22,
1841:0,137,108,254,1,121,253,
1842:0,1,1,
1844:0,1,1,
1845:0,168,6,207,14,169,286,69,161,331,
1847:3,49,
1851:1,
1852:63,137,0,0,229,1,228,60,141,
1854:2,94,1,1,
1857:0,131,167,
1860:95,54,80,95,
1861:99,
1862:20,2,0,1,1,
1863:2,163,0,151,253,1,139,1,122,
1864:55,0,93,1,
1866:0,0,1,
1867:1,199,1,151,
1868:38,1,226,8,225,
1869:31,1,1,
1870:13,12,40,
1872:0,174,1,159,1,183,
1873:36,72,180,349,392,451,
1874:11,40,97,1,1,
1875:0,46,1,1,
1877:19,11,1,1,
1878:168,170,174,267,269,277,301,252,335,352,394,408,414,
1879:21,220,2,303,153,248,309,156,347,
1880:0,38,
1881:125,2,0,201,110,138,
1882:0,109,2,95,109,132,122,126,237,1,108,109,121,257,
1883:0,60,2,133,0,1,108,1,121,
1884:0,1,
1885:67,71,21,
1886:0,1,1,
1887:2,0,30,75,
1888:147,43,260,273,0,309,1,356,1,412,
1889:62,93,62,94,
1890:0,0,126,1,121,
1891:28,113,74,65,171,24,132,92,205,
1892:0,1,1,
1893:0,106,126,108,121,
1894:2,108,121,
1896:63,0,188,0,1,141,
1897:48,10,1,234,1,196,
1898:22,90,130,256,295,
1899:44,126,121,
1900:57,54,1,0,1,1,
1901:3,2,0,0,265,1,277,1,313,
1902:20,94,136,115,153,
1903:0,82,0,1,1,
1904:33,0,1,1,
1905:14,70,39,230,126,240,339,260,361,
1907:120,279,291,357,413,
1908:11,129,189,210,126,285,261,324,351,
1909:97,147,0,1,120,55,121,
1910:0,108,121,
1912:147,0,0,120,121,
1913:19,0,80,26,50,
1914:0,2,126,121,
1915:37,0,255,259,
1916:15,126,0,126,278,86,108,243,116,121,252,
1917:31,196,16,140,120,
1918:123,108,121,
1919:0,101,86,
1920:0,0,129,108,262,121,279,
1921:0,109,2,95,0,1,124,
1922:1,
1923:30,53,80,81,0,109,184,186,2,95,173,220,235,236,237,85,132,217,261,280,314,315,71,126,237,288,314,328,361,362,1,108,255,328,345,362,371,406,408,42,121,257,353,385,418,426,463,465,467,
1924:15,0,15,
1925:107,27,0,217,135,
1926:0,1,
1928:119,80,102,156,252,357,
1929:0,1,1,
1930:25,31,155,158,197,
1931:17,1,1,
1932:56,90,106,202,193,
1933:66,28,24,
1934:0,121,
1935:72,180,229,299,349,392,451,
1936:35,44,65,1,
1937:27,73,109,0,191,33,108,1,121,278,
1938:16,157,240,0,129,239,1,108,262,326,1,121,279,375,
1939:2,102,0,148,1,192,238,1,190,319,
1940:7,55,11,55,109,0,167,266,293,316,1,157,274,332,350,1,208,287,356,398,
1941:4,131,178,247,318,360,
1942:121,124,127,129,131,133,95,235,237,238,240,241,242,0,361,362,363,364,365,366,367,368,1,345,408,409,410,411,412,413,414,121,353,465,467,468,469,470,471,472,473,474,
1944:25,71,103,109,150,268,288,342,387,
1945:77,78,185,187,303,304,350,352,354,396,399,455,457,
1946:13,47,0,0,126,1,108,237,1,121,345,
1948:16,27,1,1,
1949:103,163,286,310,320,354,362,415,422,
1950:8,87,0,86,1,156,1,165,
1951:38,1,8,
1952:48,10,1,234,1,196,
1953:0,0,126,1,108,1,121,
1954:16,141,202,20,126,240,260,
1955:8,49,33,184,177,174,
1956:27,65,55,44,306,370,392,
1957:29,26,
1958:1,102,178,269,57,156,301,1,252,352,124,258,357,414,
1959:0,1,1,
1960:0,1,
1961:200,145,218,186,
1965:56,90,106,0,202,193,
1966:0,96,115,1,197,1,250,288,
1967:1,84,101,2,128,262,1,8,121,294,
1968:225,237,255,267,
1971:15,0,208,0,126,278,1,108,243,1,121,252,
1972:94,77,1,181,
1973:54,110,103,113,
1974:17,0,83,0,0,125,1,111,1,144,
1975:2,120,0,121,
1976:2,0,1,1,
1977:0,11,1,209,1,237,
1979:153,275,271,257,
1980:6,1,1,
1981:126,128,130,132,187,190,230,232,234,399,403,404,457,459,462,464,
1982:2,0,1,1,
1983:0,2,143,99,0,206,269,20,154,283,9,136,326,
1984:131,130,0,168,128,256,125,295,
1985:0,0,2,0,1,154,1,136,
1986:7,64,139,266,108,287,
1987:31,0,129,7,1,55,142,
1988:97,120,120,121,
1989:59,1,1,
1992:76,1,1,
1993:0,1,
1994:0,150,184,186,188,189,209,222,235,237,238,240,241,0,249,280,314,315,316,317,1,303,325,377,408,409,410,411,412,1,344,362,431,465,467,468,469,470,471,472,
1995:155,0,36,101,108,259,86,121,298,
1996:39,216,160,131,
1997:181,388,448,
1998:1,8,
1999:5,35,360,401,466,
2000:0,0,1,
2001:0,2,155,0,1,1,121,
2002:5,2,1,1,121,
2003:174,111,121,
2004:235,237,238,240,241,242,243,244,314,315,316,317,318,361,362,363,364,365,366,367,368,408,409,410,411,412,413,414,465,467,468,469,470,471,472,473,474,
2006:132,126,108,121,
2007:2,0,126,108,121,
2009:56,0,147,
2011:15,97,198,0,120,247,108,291,329,121,378,
2012:2,104,199,0,120,226,0,126,281,1,297,1,121,306,
2013:180,229,299,392,451,
2015:70,93,1,1,
2016:205,257,274,331,338,372,374,423,430,
2017:55,13,217,146,108,270,121,338,
2018:65,2,47,0,144,114,294,1,146,282,
2020:6,108,101,185,234,237,257,
2022:0,112,75,175,0,220,0,240,303,46,108,248,309,29,121,310,347,
2023:2,0,61,1,1,
2025:25,85,175,131,121,
2026:0,1,1,
2027:1,103,
2028:62,93,62,94,
2029:65,50,1,154,
2031:4,2,0,1,108,1,121,
2032:50,103,109,219,326,364,416,
2033:53,0,117,2,1,108,1,121,
2035:17,2,0,120,215,0,126,254,1,108,264,1,121,281,348,
2036:0,2,0,120,0,126,254,1,108,1,121,281,
2037:29,26,
2038:54,1,180,0,1,215,1,230,
2039:3,30,163,0,122,286,0,190,310,320,1,210,304,354,362,1,214,342,415,422,
2040:0,0,170,195,169,
2041:108,67,110,
2042:0,97,120,0,1,121,
2043:12,0,0,1,1,
2046:75,0,123,1,108,1,121,
2047:25,85,175,0,131,9,121,
2048:0,18,32,132,0,126,276,1,108,237,322,1,121,257,371,
2049:0,97,148,0,120,1,120,1,121,
2050:0,120,0,1,120,1,121,
2051:127,246,139,134,272,
2052:172,160,
2054:2,0,0,1,1,
2055:3,85,
2056:0,1,1,
2057:2,126,1,200,121,315,
2060:230,126,240,260,
2061:99,0,256,1,251,56,121,290,
2062:80,252,357,
2063:4,14,31,196,1,140,1,120,
2064:31,116,0,1,1,
2066:0,98,13,0,217,1,108,270,1,121,338,
2067:109,155,2,176,0,135,248,248,302,1,263,312,1,264,355,391,
2068:0,1,1,
2069:15,11,2,109,139,265,0,142,266,293,1,108,274,332,1,121,287,356,
2071:1,1,
2072:0,1,55,
2074:96,165,255,262,115,150,270,1,222,246,323,48,158,307,359,
2075:95,132,0,126,288,314,1,108,345,1,121,385,
2076:107,244,266,300,
2077:0,201,1,110,1,138,
2078:0,
2079:2,0,0,1,1,
2081:76,125,182,311,360,401,466,
2083:66,123,162,68,188,227,
2084:10,38,51,213,55,4,203,
2085:38,57,51,55,4,
2088:1,
2089:16,0,106,2,126,0,123,1,108,1,121,
2091:35,125,239,360,401,466,
2092:0,1,1,
2094:9,2,1,1,
2095:22,51,71,103,2,95,1,237,327,342,358,1,121,353,387,401,
2096:2,0,0,1,1,
2098:0,2,154,194,0,161,1,247,1,121,291,358,
2099:77,176,126,
2101:124,121,285,
2102:7,60,0,1,1,
2103:0,2,155,105,121,
2104:192,120,124,155,
2106:0,1,1,
2108:0,0,1,121,
2109:23,104,150,211,330,365,425,
2110:94,1,1,
2112:1,9,116,0,131,1,167,
2113:0,1,2,40,108,79,134,
2114:54,0,101,108,259,86,121,298,
2116:49,123,194,
2117:211,
2118:5,82,135,184,
2119:75,1,151,
2120:1,1,
2122:0,0,1,1,
2123:14,396,
2124:0,1,
2125:223,224,225,289,295,296,383,384,386,439,441,442,444,
2126:0,12,120,114,126,254,108,47,121,281,
2127:62,93,62,94,
2128:17,21,15,0,2,97,0,120,1,108,1,121,
2129:47,1,108,1,121,
2130:3,59,16,0,102,2,0,157,240,70,129,239,1,108,262,121,279,
2133:48,91,36,195,251,259,307,280,331,337,367,
2134:2,0,128,1,108,1,121,
2135:19,56,160,74,143,57,182,30,148,
2136:87,0,86,209,156,165,
2138:20,11,2,189,0,0,126,1,108,261,1,121,351,
2139:0,1,
2140:53,0,136,1,108,241,1,121,284,
2141:0,2,0,1,141,1,216,
2143:2,0,1,1,
2144:65,117,0,1,235,1,248,
2145:12,6,57,
2146:107,244,166,266,300,
2147:0,209,236,325,362,
2148:17,0,0,1,1,
2149:112,0,176,1,164,1,207,
2150:0,43,1,1,
2151:108,0,131,121,
2152:2,0,1,1,
2153:92,114,78,19,
2154:52,117,1,1,
2156:0,0,1,1,
2157:0,1,77,0,189,1,167,1,121,
2158:0,47,1,247,
2159:138,
2160:5,82,135,184,
2161:147,215,260,273,278,309,356,412,
2162:2,0,0,69,108,84,121,
2163:1,105,0,0,0,246,121,276,
2164:0,0,1,1,240,
2165:2,0,126,1,108,1,121,
2166:101,219,267,314,349,
2168:76,125,145,239,28,311,106,360,144,401,213,466,
2169:33,11,82,0,139,235,1,121,318,
2170:1,
2171:0,1,1,
2172:0,1,108,1,121,
2173:2,0,0,193,1,201,1,143,
2174:1,1,
2175:0,2,118,0,138,256,24,126,260,108,278,89,121,320,
2177:24,1,0,
2178:3,0,108,121,
2180:8,0,56,1,
2181:8,0,221,1,
2182:227,300,339,373,440,
2183:0,63,1,
2186:2,99,0,179,0,211,1,191,121,
2187:14,0,1,121,
2188:130,176,135,248,149,312,264,391,
2189:73,175,227,300,339,373,440,
2191:95,225,237,255,267,
2192:76,239,311,360,401,466,
2193:8,96,154,3,226,187,272,162,317,
2195:0,174,1,111,1,121,
2196:118,178,344,346,390,447,
2197:11,1,
2198:109,224,
2199:35,0,153,0,126,1,108,1,121,
2201:28,0,331,338,108,372,374,121,423,430,
2202:2,212,153,300,156,343,
2203:2,109,0,142,11,108,1,121,
2204:9,0,112,2,175,0,120,0,126,240,1,108,248,1,121,310,
2206:31,0,0,113,118,
2208:1,1,
2209:53,220,222,280,23,328,332,334,8,371,377,381,1,426,431,435,
2210:52,26,87,0,0,126,1,1,121,
2211:8,121,124,127,129,131,133,184,186,188,189,0,314,315,316,317,318,0,361,362,363,364,365,366,367,368,1,408,409,410,411,412,413,414,1,465,467,468,469,470,471,472,473,474,
2212:0,1,1,
2213:226,297,445,
2215:41,37,
2216:0,132,307,354,
2217:11,1,1,
2218:52,26,87,0,0,1,1,
2220:16,92,0,2,126,0,120,1,108,243,1,121,252,
2222:29,2,0,1,1,
2223:7,126,266,108,121,287,
2224:76,21,1,
2226:93,1,
2227:64,23,
2228:0,0,0,1,43,121,
2229:0,1,1,
2230:0,0,1,1,
2232:126,186,0,108,260,121,328,
2233:120,187,230,304,305,308,309,399,402,457,458,
2234:128,49,11,121,
2235:1,67,107,2,164,183,0,282,311,1,282,310,1,167,273,388,
2237:25,63,145,138,195,7,75,251,1,244,151,327,
2238:78,126,17,180,124,
2239:0,126,1,121,
2241:26,11,94,74,125,2,152,67,140,0,1,219,1,138,
2242:4,34,80,0,124,0,217,0,288,1,354,
2243:188,298,348,390,
2245:18,0,2,0,137,1,108,1,121,
2246:0,108,121,
2247:350,352,354,396,399,455,457,
2248:70,176,179,223,224,225,289,295,296,340,342,345,383,384,386,439,441,442,444,
2249:1,1,
2250:6,8,124,173,206,219,233,237,238,217,261,276,314,315,316,317,288,315,326,357,362,363,364,365,237,342,364,405,408,409,410,411,412,354,387,416,460,467,468,469,470,471,472,
2251:72,229,349,392,451,
2253:2,148,0,0,159,1,178,1,179,
2254:15,0,0,126,238,1,108,245,1,121,302,
2256:37,1,126,129,187,
2257:23,8,1,
2258:1,78,0,0,170,1,195,1,169,270,
2259:37,118,157,193,263,114,314,
2261:101,294,314,349,
2262:2,101,219,267,294,314,349,
2263:3,16,4,2,95,0,166,0,157,1,108,1,121,
2264:0,2,0,1,1,121,
2265:68,121,137,250,323,
2266:6,67,0,125,0,164,1,117,1,176,
2267:3,45,49,
2268:108,101,185,234,306,237,330,257,374,
2269:13,0,1,58,
2270:84,194,126,112,121,
2271:105,122,158,261,8,204,1,251,
2272:4,2,0,1,1,
2273:78,69,104,170,195,270,
2275:9,0,40,1,
2276:3,33,37,53,81,82,83,84,69,103,121,127,129,95,193,222,235,236,237,238,240,241,217,280,286,312,314,315,317,71,237,320,334,358,361,362,364,365,1,255,362,377,406,407,408,409,410,411,42,353,422,431,461,465,467,469,470,471,
2277:183,272,265,403,
2278:104,227,300,339,373,440,
2280:77,78,79,120,126,128,230,350,352,354,396,399,455,457,
2281:1,180,38,187,232,1,108,257,1,121,266,
2282:0,83,1,
2283:9,116,0,131,167,
2284:12,2,0,0,204,1,1,
2285:33,1,1,
2286:0,0,1,1,
2287:187,275,318,321,360,366,406,421,
2288:11,0,1,1,
2289:1,52,2,0,1,1,
2290:221,344,346,348,390,391,393,447,449,450,
2291:35,182,239,360,401,466,
2293:9,0,1,
2294:123,1,121,
2295:26,28,10,
2296:197,213,44,272,300,306,370,392,
2297:3,0,108,121,
2298:59,129,239,108,121,279,
2299:11,184,250,267,311,
2301:349,392,451,
2302:0,126,108,121,
2303:160,183,282,151,325,176,368,265,420,
2305:36,72,229,349,392,451,
2307:4,0,2,0,0,1,
2308:48,12,1,1,
2309:60,73,64,130,99,188,
2310:0,1,1,
2311:40,0,0,49,77,
2314:1,156,1,165,
2316:1,
2317:0,2,0,1,1,
2318:107,244,166,266,300,
2319:53,2,171,0,211,0,108,241,121,284,
2320:32,11,107,120,126,123,143,185,187,2,151,183,230,139,259,303,304,0,137,311,350,351,352,1,108,310,396,398,399,1,121,318,388,455,457,
2321:78,79,126,128,130,132,303,304,307,399,403,404,457,459,462,464,
2322:93,33,19,11,
2323:4,23,
2327:63,0,0,1,1,238,
2328:40,86,35,140,0,223,1,111,242,1,121,296,
2329:25,0,1,1,
2330:11,4,0,184,0,250,1,267,1,311,
2332:15,0,1,1,
2333:18,32,1,1,
2334:2,0,0,1,
2335:0,1,108,1,121,
2336:0,108,121,
2337:1,1,
2338:55,74,197,213,12,272,300,57,370,392,
2339:8,0,98,233,53,247,303,
2340:129,0,0,108,121,
2341:182,272,115,296,48,403,
2342:15,1,236,1,199,
2343:121,214,113,269,118,304,
2344:30,0,0,1,1,
2345:1,73,109,155,63,248,302,41,108,263,312,2,121,264,355,391,
2346:0,1,108,
2348:0,1,1,
2349:29,26,
2350:119,172,173,177,216,329,370,376,380,429,434,436,
2351:0,1,1,
2354:1,1,
2355:11,2,151,0,139,0,137,1,108,1,121,318,
2356:0,157,240,0,129,239,1,108,262,1,121,279,
2357:78,79,230,232,234,303,304,307,350,352,354,355,396,399,403,404,455,457,459,462,464,
2358:0,108,121,
2360:22,123,108,121,
2361:58,93,8,49,33,184,19,177,11,174,
2362:46,7,5,
2363:92,1,
2365:7,58,16,
2366:15,0,109,150,30,95,206,218,0,217,261,1,121,387,407,417,
2367:69,0,109,3,170,217,261,1,151,255,1,128,256,353,
2368:58,31,18,
2369:221,298,301,390,447,
2370:32,50,105,135,42,136,83,222,
2371:126,24,199,95,1,147,298,1,228,292,
2372:0,0,134,126,242,108,237,121,257,
2373:6,238,290,355,405,
2374:0,126,132,232,307,354,
2375:2,4,23,
2376:17,0,0,133,125,111,1,121,
2377:52,2,162,130,121,
2378:2,166,0,127,0,126,1,121,334,
2379:0,159,218,0,126,287,1,108,288,1,121,346,
2380:36,126,121,
2382:77,151,176,126,
2385:2,0,1,
2386:34,37,121,124,127,129,131,133,184,186,188,189,235,237,238,240,241,242,243,244,361,362,363,364,365,366,367,368,408,409,410,411,412,413,414,465,467,468,469,470,471,472,473,474,
2388:51,15,1,232,128,108,266,
2390:1,156,1,165,
2391:1,156,1,165,
2392:0,108,121,
2393:161,279,357,413,
2394:188,150,298,348,390,
2395:330,365,425,
2396:11,0,0,1,1,
2397:14,1,1,
2398:390,447,
2399:75,118,298,301,344,346,390,447,
2401:62,108,121,
2403:76,1,1,
2405:26,104,159,45,270,1,354,1,415,
2406:3,113,45,49,
2407:29,18,9,102,14,226,
2408:8,0,56,1,
2410:298,301,344,346,390,447,
2411:1,5,109,152,2,0,167,0,153,1,108,255,1,121,259,
2412:0,100,126,243,252,
2413:0,126,108,121,
2414:0,1,1,
2415:0,133,11,100,0,143,254,116,195,1,108,281,1,121,324,
2416:2,0,174,1,111,1,121,
2417:112,0,131,240,1,150,248,1,150,310,
2419:177,91,121,
2420:0,26,1,12,
2423:42,42,0,228,1,175,1,163,
2424:2,0,1,1,
2426:2,170,1,108,1,121,329,
2427:0,1,
2428:3,4,144,0,138,1,116,1,173,
2429:187,304,306,309,399,403,457,462,
2430:0,255,259,
2431:2,0,1,1,
2432:118,157,193,263,114,314,
2434:0,1,
2436:63,1,238,
2437:4,135,2,0,138,1,209,
2438:16,1,1,
2440:1,1,
2442:28,74,65,24,92,
2443:68,1,1,
2445:3,2,149,0,163,1,125,1,149,
2446:83,180,229,299,349,392,451,
2447:0,129,2,189,210,0,134,0,126,59,108,261,324,121,351,
2448:109,0,126,1,121,261,
2450:57,0,0,152,1,122,1,164,
2451:131,178,231,247,318,360,
2452:182,151,296,176,316,265,403,
2453:32,70,18,125,32,132,239,263,0,126,233,1,108,237,313,1,121,257,372,
2454:4,39,2,181,1,203,1,166,
2455:115,191,200,197,288,
2456:55,48,1,
2457:0,126,1,1,121,
2459:10,78,
2460:107,51,
2462:5,33,109,152,0,167,153,1,255,315,1,259,376,
2465:160,57,148,
2466:112,119,175,0,0,131,240,1,150,248,1,150,310,
2467:0,89,30,14,155,158,237,197,269,
2468:121,
2470:0,75,0,46,29,
2471:10,50,154,
2472:32,132,1,200,112,121,315,
2473:2,0,0,1,1,
2474:3,0,126,2,153,108,262,121,279,
2475:101,229,0,4,277,
2476:25,0,152,0,1,108,241,1,121,284,
2477:30,244,166,87,266,13,300,
2479:0,1,
2480:1,0,2,167,121,
2481:17,45,1,1,
2482:0,1,
2483:0,0,109,0,1,108,237,1,121,257,
2484:0,100,111,144,
2486:10,1,1,
2487:76,62,
2489:73,175,300,339,373,440,
2490:60,1,
2491:0,1,1,
2492:0,0,53,
2493:48,0,137,1,220,1,
2496:23,146,165,185,227,292,313,341,361,389,409,
2497:2,0,1,1,
2498:0,89,30,158,237,197,269,
2499:2,0,126,108,121,
2500:0,102,108,121,
2501:101,229,277,
2502:1,0,120,0,126,1,121,
2503:2,1,1,
2504:0,1,
2505:126,0,1,121,
2507:150,104,158,
2509:1,58,
2510:0,174,1,159,1,183,
2513:277,285,288,310,322,327,369,415,419,424,
2514:2,189,1,261,324,1,121,351,
2515:24,0,0,126,1,108,1,121,
2516:11,53,69,0,164,1,108,360,366,1,121,257,406,421,
2517:0,242,237,257,
2518:11,61,0,70,0,109,154,2,106,0,134,0,126,242,1,108,237,1,121,257,
2519:150,298,348,390,
2520:35,81,99,
2521:19,126,129,
2522:51,15,97,91,187,232,0,128,15,121,266,
2523:2,21,1,
2524:4,1,1,
2525:27,74,197,12,199,272,6,214,306,57,171,370,
2526:12,57,
2527:0,1,1,
2528:1,1,
2529:0,0,218,1,121,
2530:18,94,80,
2531:0,1,1,
2532:58,8,33,19,11,
2533:46,2,0,191,121,
2534:8,1,
2536:0,203,0,227,1,229,1,244,
2537:2,46,110,34,147,252,7,193,5,177,
2538:1,73,63,41,2,
2539:110,201,147,252,193,287,177,321,
2541:2,110,34,7,193,5,177,
2542:110,201,147,252,193,287,177,321,
2543:1,1,
2544:25,30,126,129,
2545:8,1,1,
2547:30,25,14,31,155,100,158,98,197,
2548:59,129,239,108,121,279,
2549:175,227,300,440,
2550:3,30,103,114,109,150,163,280,286,362,371,377,381,422,426,431,435,
2551:52,98,34,
2553:31,161,1,1,120,
2554:103,109,95,136,268,342,387,
2555:197,152,195,
2556:0,1,1,
2558:60,1,1,
2559:2,120,0,1,208,121,
2560:32,120,126,128,230,350,352,354,396,399,455,457,
2561:0,2,112,121,
2562:48,93,77,195,0,151,259,307,88,176,280,331,0,126,337,367,
2564:48,0,1,1,
2565:2,163,0,151,253,1,139,302,1,122,305,
2566:0,1,1,
2567:79,1,
2568:97,131,181,130,214,88,168,128,125,330,
2569:111,77,39,101,
2570:0,1,1,
2571:21,173,261,288,345,358,385,401,
2572:21,121,
2573:14,346,396,
2575:175,227,300,373,440,
2576:3,100,45,108,49,121,
2578:0,197,1,185,1,215,
2579:53,2,0,136,1,108,1,121,
2580:49,7,60,123,194,
2582:41,125,111,201,243,110,265,138,263,
2583:103,176,34,190,121,
2584:86,106,100,
2586:108,121,
2587:102,114,6,129,108,121,
2588:61,119,156,124,357,
2589:2,1,1,
2592:90,0,202,193,
2593:4,0,110,157,2,97,0,120,1,108,279,121,341,377,
2594:0,7,1,
2595:58,0,121,
2597:21,44,36,
2599:107,49,0,217,135,
2600:0,2,198,121,
2601:0,1,1,
2602:0,173,261,288,345,358,385,401,
2603:157,72,183,114,146,
2604:70,110,164,275,318,321,360,366,406,421,
2605:68,169,208,379,438,
2606:119,102,57,252,258,
2609:1,1,
2610:67,165,164,117,176,
2611:0,1,121,
2612:2,142,0,123,286,1,108,258,121,316,
2613:8,0,130,60,98,75,233,53,169,119,247,182,303,
2614:95,54,80,95,
2615:1,1,
2616:1,108,134,
2619:109,135,126,1,121,
2620:2,0,1,1,
2621:0,0,113,118,
2623:18,
2625:75,0,79,150,1,150,
2626:1,0,2,129,32,235,1,319,1,350,
2627:3,62,16,2,95,192,0,166,0,157,1,108,237,1,121,269,
2628:4,2,177,217,0,231,108,237,121,289,
2629:96,25,22,
2630:0,1,1,
2632:38,84,66,1,
2634:108,169,291,379,438,
2635:0,102,2,114,6,198,0,129,1,108,1,121,
2636:63,6,59,1,121,
2637:61,0,129,239,1,108,262,1,121,279,
2638:6,0,1,231,56,121,
2639:0,0,0,1,121,
2640:7,64,139,126,266,108,121,287,
2641:44,0,0,1,1,
2643:0,2,22,198,0,1,3,121,
2644:44,65,1,
2645:61,209,70,108,296,26,121,332,
2646:69,0,1,
2649:0,0,1,154,1,136,
2650:131,130,168,128,125,
2651:0,0,1,1,
2652:81,163,142,
2653:18,1,1,
2654:40,45,161,279,291,357,413,
2655:0,1,1,
2656:229,4,277,
2657:10,1,1,
2658:193,201,143,
2659:188,150,348,390,
2660:57,23,126,112,1,170,
2661:6,0,1,1,
2662:12,30,98,1,
2663:135,136,222,
2664:11,0,159,0,126,1,108,1,121,
2668:110,2,172,232,108,297,
2669:224,257,133,293,
2671:82,78,69,171,123,
2672:2,2,0,1,1,175,
2673:97,0,128,1,108,1,121,
2674:1,0,1,1,
2675:3,16,2,160,0,0,1,186,1,219,
2676:70,93,1,1,
2677:3,265,277,313,
2679:0,0,46,29,
2680:26,11,125,152,0,1,1,138,
2681:1,1,
2683:36,195,251,259,307,280,331,337,367,
2685:89,0,152,1,108,1,121,
2686:0,0,1,108,1,121,
2687:138,0,126,260,1,108,278,1,121,320,
2688:2,0,0,1,
2690:112,176,164,207,
2691:11,0,159,218,0,126,287,1,108,288,1,121,346,
2692:105,64,246,127,276,
2693:0,1,1,
2695:1,1,
2696:76,62,
2697:28,171,133,145,336,
2698:110,206,168,
2699:0,1,
2701:28,0,162,32,205,0,134,257,274,0,242,331,338,1,237,372,374,1,257,423,430,
2706:39,1,1,
2707:81,165,150,270,222,246,307,
2708:1,0,2,0,126,1,108,1,121,
2709:0,89,0,0,170,1,195,1,169,
2710:174,1,159,1,183,
2711:119,140,149,171,172,96,177,33,262,283,91,270,329,227,323,370,121,359,427,429,434,
2712:198,0,1,121,
2713:35,126,108,121,
2714:0,108,121,
2719:30,35,57,23,126,1,112,1,170,
2720:13,0,0,1,
2721:14,31,161,16,1,140,1,120,
2722:91,72,
2723:18,223,224,32,132,289,293,295,0,126,340,342,345,1,108,237,382,384,1,121,257,437,441,
2724:2,0,30,75,
2725:105,0,246,127,276,
2727:0,0,1,1,
2728:2,139,122,
2729:73,64,130,188,
2730:103,238,290,355,405,
2731:23,107,49,27,35,217,27,135,
2732:1,
2733:0,0,1,1,169,
2734:137,234,308,253,393,
2735:50,1,201,
2736:202,83,285,275,
2737:15,0,164,0,123,108,258,121,316,
2740:0,14,245,165,260,
2741:118,178,221,298,301,390,447,
2743:109,155,176,135,248,248,302,263,312,264,355,391,
2744:118,122,221,298,301,390,391,393,447,449,450,
2746:0,1,1,
2747:0,0,0,1,1,
2748:0,1,1,
2749:125,182,311,360,401,466,
2750:0,1,1,
2751:30,0,63,0,0,1,1,141,
2752:1,0,163,1,169,1,161,
2753:53,81,82,0,109,184,186,188,2,173,235,237,238,240,241,109,132,217,314,315,316,317,0,126,237,288,359,362,363,364,365,1,121,257,354,387,465,467,468,469,470,471,
2754:232,268,128,1,257,340,1,266,
2755:38,1,121,
2756:73,0,191,264,34,108,70,278,
2757:0,245,165,260,
2758:1,1,257,340,1,266,
2759:8,81,82,83,84,121,124,127,129,131,133,235,237,238,240,241,242,243,244,314,315,316,317,318,361,362,363,364,365,366,367,368,408,409,410,411,412,413,414,465,467,468,469,470,471,472,473,474,
2760:6,0,1,1,
2762:197,213,44,272,300,306,370,392,
2763:0,135,0,126,1,149,121,264,
2764:2,109,1,1,191,
2765:1,
2766:59,2,0,0,1,1,
2767:123,177,226,297,337,385,445,
2769:19,56,30,
2770:0,156,0,206,154,289,136,325,
2771:9,60,1,213,1,231,
2772:9,2,0,167,
2775:113,1,1,
2776:77,78,185,187,303,304,350,352,354,396,399,455,457,
2777:1,0,168,6,207,169,286,161,331,
2778:76,21,1,
2779:0,205,90,1,198,1,236,
2780:182,239,360,401,466,
2781:2,1,1,
2782:239,311,360,401,466,
2783:239,360,401,466,
2784:2,0,126,1,121,
2786:53,69,70,110,164,187,275,318,321,360,366,406,421,
2787:0,0,1,111,1,144,
2790:67,5,1,1,
2791:0,1,
2792:54,62,
2793:11,4,250,267,311,
2794:1,
2795:85,126,108,121,
2796:1,
2797:0,1,1,
2798:0,2,0,1,121,
2800:0,1,114,192,
2802:109,2,95,1,255,315,1,124,259,376,
2804:28,
2806:0,1,1,
2808:0,0,1,1,
2809:31,100,158,237,98,197,269,
2810:2,87,241,1,283,
2811:9,60,1,213,1,231,
2812:0,1,1,
2813:126,121,
2816:0,47,1,
2817:0,0,0,1,43,
2818:14,1,1,
2819:16,26,20,277,288,310,322,327,305,369,404,415,419,424,
2820:1,
2821:239,360,401,466,
2822:1,1,
2823:26,88,115,1,225,37,233,41,245,
2824:177,217,0,108,237,121,289,
2825:39,39,125,53,117,1,176,
2827:1,0,0,124,
2828:0,0,1,1,
2829:1,65,61,0,178,1,1,124,
2830:16,0,102,2,108,121,
2831:69,2,0,1,1,
2832:39,216,160,131,
2834:153,1,108,1,121,
2835:13,146,
2837:226,297,337,445,
2839:29,139,238,245,302,
2840:0,1,
2841:95,2,126,108,121,
2842:11,0,245,192,260,
2843:0,2,129,123,108,121,
2844:2,0,120,0,1,208,1,121,
2845:16,157,108,121,
2846:29,177,297,337,385,445,
2847:0,1,1,
2850:3,0,1,
2852:53,1,121,
2854:128,131,233,237,257,
2855:33,1,1,
2856:74,228,284,347,388,448,
2858:16,0,126,1,129,1,187,
2859:40,0,0,49,77,
2860:86,149,196,218,
2861:30,164,36,123,0,126,282,1,170,282,1,121,273,
2862:112,176,164,207,
2863:126,121,
2864:26,40,0,142,0,49,108,77,121,
2865:0,1,1,
2866:82,78,5,69,171,123,
2867:77,78,185,187,230,303,304,396,399,455,457,
2868:0,1,
2869:3,0,1,1,
2870:111,121,
2873:2,173,221,
2874:0,1,1,
2875:16,54,1,16,141,202,240,260,
2876:63,75,1,1,151,
2878:19,255,259,
2880:136,2,192,157,
2881:5,82,135,184,
2882:18,38,0,136,283,1,241,121,284,
2883:2,70,89,1,
2884:154,3,226,187,272,162,317,
2885:34,0,5,1,
2886:16,0,2,126,0,1,108,1,121,
2887:16,141,20,230,126,240,260,
2890:95,2,61,0,126,1,108,1,121,
2892:0,1,
2893:0,1,1,
2896:33,151,139,235,137,108,318,
2897:75,118,221,298,301,118,344,346,18,390,44,447,
2898:28,215,260,273,278,309,356,412,
2899:0,2,102,1,192,1,190,
2901:16,68,0,129,1,1,
2902:6,48,0,1,1,
2903:35,360,466,
2905:0,0,1,1,
2906:0,187,0,120,304,1,120,399,1,121,457,
2909:0,162,0,132,257,0,126,331,1,108,237,372,1,121,423,
2910:36,0,119,165,309,
2912:2,104,199,0,120,226,0,126,281,1,297,1,121,306,
2913:0,2,154,194,0,141,0,161,247,1,121,291,358,
2914:39,29,38,81,
2916:11,0,1,1,
2917:11,2,166,0,127,0,126,1,121,334,
2918:0,95,36,31,140,158,237,197,269,
2920:0,0,1,
2923:15,126,95,232,1,147,307,1,228,354,
2924:0,1,
2926:2,109,121,285,
2928:171,133,336,
2929:89,42,0,1,1,
2932:0,0,1,
2934:97,0,128,1,108,1,121,
2935:54,126,240,260,
2936:14,17,230,126,240,260,
2937:2,0,0,1,1,
2939:30,87,13,
2941:124,200,271,289,312,314,343,386,402,
2942:29,26,
2943:4,45,1,1,
2944:43,123,226,297,385,445,
2945:0,1,1,
2946:0,1,1,
2947:103,163,286,310,320,354,362,415,422,
2948:103,0,176,1,190,55,121,
2949:21,44,36,
2950:0,0,1,1,
2951:0,11,1,
2952:42,272,316,403,
2953:2,95,173,206,1,108,237,345,358,364,1,121,257,353,385,401,416,
2954:3,4,144,0,116,173,
2955:77,1,181,
2956:0,138,0,203,1,121,
2957:15,92,2,126,186,0,1,108,260,1,121,328,
2958:0,224,1,108,1,121,
2959:146,165,292,313,341,361,389,409,
2961:172,173,283,290,292,329,370,376,380,429,434,436,
2962:1,120,0,120,121,
2963:1,
2964:39,230,240,260,
2965:25,37,2,134,0,0,132,1,114,1,146,
2966:0,0,120,121,
2967:31,205,50,202,
2968:17,39,11,206,118,114,260,
2970:104,230,120,304,305,308,309,126,352,354,1,399,402,121,457,458,
2971:79,68,0,1,1,
2972:2,0,1,1,
2974:16,0,102,157,70,108,121,
2975:0,1,1,
2976:38,57,51,55,4,
2977:21,71,103,115,0,109,150,163,0,154,237,288,320,332,334,1,108,237,327,345,358,367,371,377,381,1,121,257,353,385,401,422,426,431,
2979:0,123,235,295,108,268,311,121,268,363,
2980:53,0,0,1,108,1,121,
2981:41,153,275,271,257,
2982:27,4,1,
2983:1,1,
2984:34,37,235,237,238,240,241,242,243,244,314,315,316,317,318,361,362,363,364,365,366,367,368,408,409,410,411,412,413,414,465,467,468,469,470,471,472,473,474,
2985:17,0,1,1,
2986:68,121,137,250,323,
2987:2,0,0,1,1,
2989:15,0,0,1,
2990:74,12,6,57,
2991:17,83,0,133,44,125,111,1,121,
2992:137,196,234,0,308,253,1,393,
2993:3,59,16,0,166,1,108,1,121,
2994:0,0,1,1,
2995:36,180,299,349,392,451,
2996:123,177,226,297,385,445,
2998:118,221,298,301,344,346,390,447,
2999:31,176,179,223,224,225,289,295,296,340,342,345,383,384,386,439,441,442,444,
3001:89,131,121,
3002:0,0,1,1,
3003:30,123,0,170,273,
3004:46,7,5,
3005:40,140,223,0,242,308,296,352,
3006:0,1,1,
3008:1,132,237,126,1,239,1,274,
3010:27,86,0,181,56,111,1,121,271,
3012:105,2,122,0,0,220,1,1,195,
3015:2,0,0,1,1,
3016:71,80,62,286,
3017:44,0,1,1,
3018:16,129,1,108,1,121,
3019:3,62,16,2,166,157,108,121,
3020:0,137,1,108,1,121,
3021:1,
3023:22,1,166,1,233,
3024:79,0,114,2,46,1,108,1,121,
3026:91,15,
3027:32,230,304,305,308,309,352,354,399,402,457,458,
3029:24,1,0,
3030:4,95,59,0,1,146,1,234,
3031:78,69,104,170,195,270,
3032:124,199,1,171,
3033:53,2,0,1,1,
3035:47,100,2,0,148,238,319,
3036:2,148,0,159,1,178,1,179,
3037:15,183,114,146,
3038:73,126,17,27,180,7,124,
3040:5,0,104,126,120,121,
3041:10,2,0,0,1,121,
3042:0,1,
3043:12,0,0,123,1,108,1,121,
3044:0,0,1,108,1,121,
3045:89,131,121,
3046:1,141,202,126,240,260,
3047:0,0,1,103,
3048:176,179,223,224,225,340,342,345,383,384,386,439,441,442,444,
3051:0,0,1,1,
3054:27,117,181,228,388,448,
3056:26,142,0,49,121,
3058:0,11,100,0,0,195,1,108,281,1,121,324,
3059:135,184,
3061:53,24,0,237,257,
3062:0,137,108,121,
3063:123,121,
3064:0,0,174,1,1,122,
3066:16,146,4,181,253,111,121,271,
3069:0,26,1,12,
3071:4,14,59,0,1,146,1,234,
3072:2,0,1,1,121,
3073:133,1,145,1,336,
3074:53,81,82,83,84,109,150,184,186,188,7,206,235,237,238,240,58,108,237,342,408,409,410,411,412,16,121,257,387,407,465,467,468,469,470,471,472,
3075:0,0,1,108,1,121,
3077:18,9,14,
3078:0,0,1,1,
3079:32,145,28,106,144,213,
3081:126,128,130,132,187,190,352,354,355,399,403,404,457,459,462,464,
3082:0,5,1,
3084:7,126,108,121,
3086:47,21,2,153,156,
3087:228,347,388,448,
3088:0,1,1,
3089:2,0,1,1,
3090:3,16,0,157,108,121,
3091:2,0,1,1,
3092:15,0,2,0,108,121,
3094:0,11,1,
3095:50,2,180,38,128,1,257,321,1,206,266,365,
3096:2,0,193,201,143,
3097:0,2,0,126,108,121,
3098:66,123,162,68,188,227,
3100:211,217,277,281,330,336,425,428,
3101:96,25,22,
3102:3,121,1,1,
3103:107,143,164,183,123,259,282,311,324,282,310,347,273,388,411,
3104:75,0,123,1,108,1,121,
3106:123,337,385,445,
3108:89,131,121,
3110:89,42,1,1,
3111:291,379,438,
3112:181,214,330,
3113:2,1,
3114:3,144,1,116,1,173,
3115:64,23,
3116:1,
3117:41,125,201,243,110,265,138,263,
3118:0,40,108,134,
3119:33,0,1,1,
3120:2,125,207,0,132,270,282,0,126,233,310,325,1,179,237,354,368,1,137,257,415,420,
3121:1,
3122:0,0,1,3,
3123:120,126,128,185,187,350,352,354,396,399,455,457,
3124:49,0,2,169,0,1,108,1,121,
3125:0,2,129,0,191,123,235,1,108,268,1,121,268,
3126:178,344,346,447,
3127:68,108,169,291,335,379,438,
3128:0,2,1,105,121,
3129:189,181,212,
3130:11,0,127,1,108,121,
3131:8,36,96,3,226,187,272,162,317,
3132:0,205,1,1,
3133:79,1,
3134:36,72,229,299,349,392,451,
3135:8,142,238,355,405,
3136:59,119,131,150,150,
3138:1,
3139:1,121,
3140:0,0,1,1,
3141:0,1,1,
3142:61,126,70,108,26,121,
3143:0,26,1,12,
3145:0,12,114,47,
3146:2,0,1,1,
3149:1,1,
3150:0,0,1,
3151:43,204,277,285,288,322,327,369,375,419,424,432,
3152:48,1,234,1,196,
3153:1,1,
3154:2,0,151,1,139,1,122,
3155:20,104,159,270,277,285,288,310,322,327,354,369,415,419,424,
3156:0,1,1,
3157:66,28,24,
3159:2,1,1,
3160:108,121,
3161:0,1,1,
3163:56,96,52,
3164:1,1,
3165:104,330,365,425,
3167:0,26,1,12,
3168:77,78,230,303,304,350,352,354,396,399,455,457,
3169:2,1,1,
3170:0,100,37,126,0,126,54,243,87,252,
3171:21,71,0,237,288,1,257,353,
3172:44,10,147,184,309,323,356,363,412,
3173:73,104,175,227,300,339,373,440,
3174:184,186,188,189,235,237,238,240,241,242,243,244,361,362,363,364,365,366,367,368,408,409,410,411,412,413,414,465,467,468,469,470,471,472,473,474,
3175:27,4,0,1,
3176:152,122,164,
3177:2,0,1,1,
3178:63,1,151,
3179:28,147,215,260,273,278,309,412,
3180:0,109,142,0,237,290,1,108,355,1,257,405,
3181:13,132,94,85,189,178,
3183:0,1,1,
3185:0,143,99,206,269,154,283,136,326,
3186:130,0,256,295,
3187:2,123,108,121,
3188:2,23,25,
3189:5,112,2,119,131,240,150,248,1,150,310,
3190:22,258,141,308,364,
3191:6,0,129,1,108,1,121,
3192:145,166,2,138,195,7,0,251,1,244,1,327,
3193:0,128,1,206,1,168,
3195:12,0,204,1,1,
3196:2,129,0,123,108,121,
3197:1,1,
3198:0,0,1,1,
3200:13,132,21,94,85,189,178,
3202:52,1,
3203:2,104,0,0,126,1,120,1,121,
3205:2,0,0,1,1,
3206:314,315,316,317,318,361,362,363,364,365,366,367,368,408,409,410,411,412,413,414,465,467,468,469,470,471,472,473,474,
3207:11,53,0,109,2,0,1,121,257,
3208:5,0,2,104,126,1,120,1,121,
3209:4,14,1,1,
3210:2,0,0,1,1,
3211:0,0,0,126,1,108,1,121,
3212:30,1,1,
3213:0,84,
3214:0,0,1,108,1,121,
3215:0,1,1,
3216:0,1,1,
3218:14,8,0,1,
3219:0,212,295,
3220:2,0,0,1,1,
3221:1,
3222:3,16,0,106,0,172,0,123,1,108,258,1,121,316,
3223:1,
3224:24,132,121,
3225:86,52,15,1,1,
3227:150,1,158,
3228:1,1,
3229:3,49,
3231:72,299,349,392,451,
3232:1,
3234:0,1,1,
3235:1,1,
3237:10,51,4,
3238:1,156,1,165,
3239:151,140,0,242,308,296,352,
3240:92,1,
3241:65,0,1,1,
3242:2,219,294,314,349,
3244:18,31,200,39,145,1,218,1,186,
3246:11,2,0,127,1,108,121,
3248:12,0,123,108,121,
3249:11,2,20,
3250:2,126,0,164,0,123,1,108,1,121,
3251:158,237,197,269,
3252:0,2,88,100,1,111,1,144,
3253:0,127,115,216,0,200,1,197,1,288,
3254:9,0,1,
3255:97,1,187,128,108,266,
3256:0,2,0,189,1,167,1,121,
3257:2,113,0,1,1,
3258:0,1,
3259:1,58,
3260:0,134,250,0,126,242,1,108,237,1,121,257,
3261:1,58,
3262:44,65,1,
3263:0,1,1,
3264:0,230,289,295,0,126,340,342,1,108,240,383,384,1,121,260,439,441,
3265:1,116,72,55,1,109,1,172,
3267:0,203,0,227,1,229,1,244,
3268:84,194,126,112,121,
3271:26,190,270,277,310,305,354,369,404,415,
3272:2,160,0,1,186,1,219,
3273:31,70,70,176,179,340,342,345,383,384,386,439,441,442,444,
3274:0,1,1,
3275:0,1,1,
3276:172,160,
3278:41,11,125,1,110,1,138,
3279:11,1,1,
3282:30,13,
3283:81,82,83,84,184,186,188,189,361,362,363,364,365,366,367,368,408,409,410,411,412,413,414,465,467,468,469,470,471,472,473,474,
3284:0,139,0,137,1,108,1,121,
3285:0,1,1,
3286:16,37,1,126,129,187,
3287:65,183,187,2,230,232,234,47,302,303,304,114,394,399,403,146,452,457,459,462,
3288:304,306,308,352,354,399,457,459,
3289:2,191,278,380,
3290:140,2,177,33,91,1,227,1,121,
3291:0,0,1,1,
3292:39,2,181,99,203,166,
3293:2,0,0,137,1,108,1,121,
3294:29,45,1,0,1,1,
3295:32,1,1,
3297:121,124,127,129,131,133,184,186,188,189,128,235,237,238,240,241,242,243,131,314,315,316,317,318,233,361,362,363,364,365,366,367,368,237,408,409,410,411,412,413,414,257,465,467,468,469,470,471,472,473,474,
3298:83,0,44,1,
3299:0,0,1,1,
3300:48,70,18,239,263,0,233,108,237,313,121,257,372,
3301:0,1,
3302:16,63,
3305:190,277,310,404,
3306:16,157,108,121,
3307:74,104,236,330,365,425,
3310:6,222,0,222,1,293,338,1,256,384,
3311:0,0,1,1,
3312:74,6,117,284,0,347,1,388,1,448,
3313:27,68,146,4,0,181,1,121,
3314:35,15,24,0,121,
3315:71,103,114,95,220,222,314,320,332,334,345,362,367,377,381,385,418,422,431,435,
3317:71,96,
3318:181,228,284,347,388,448,
3319:64,
3320:13,2,0,1,175,
3321:29,45,1,140,
3322:0,121,2,138,256,126,260,108,278,121,320,
3323:172,160,
3324:0,1,1,
3325:168,170,267,269,252,335,352,394,408,414,
3326:2,0,0,1,108,1,121,
3327:1,237,322,1,257,371,
3328:148,319,349,350,400,
3329:0,1,1,
3330:0,120,0,1,208,1,121,
3331:1,1,
3332:0,0,1,
3333:107,59,
3334:58,16,
3335:0,2,0,0,1,
3337:0,246,0,139,1,134,1,272,
3338:2,0,0,1,173,1,221,
3339:26,28,17,10,
3340:108,121,
3341:4,14,0,1,224,1,185,
3342:26,28,17,10,
3343:5,82,155,108,121,
3344:13,0,0,1,1,
3347:15,71,103,116,121,30,95,173,206,219,231,233,235,36,136,217,261,276,310,313,314,0,140,268,288,317,320,326,353,356,357,359,361,1,108,237,342,358,364,397,400,405,408,1,223,269,354,387,401,416,453,456,460,465,
3352:229,299,349,392,451,
3353:1,1,
3354:11,0,138,
3355:0,1,1,
3356:208,138,130,
3357:0,2,156,42,0,147,1,155,1,119,
3358:0,0,210,1,180,
3359:94,77,181,
3360:77,49,0,0,189,167,1,121,
3362:52,26,87,0,0,219,1,108,1,121,
3363:14,51,0,95,1,
3365:1,1,
3366:1,73,63,41,2,
3367:115,48,
3368:0,1,1,
3369:0,0,1,
3371:83,108,121,
3373:2,179,1,1,121,
3374:0,1,1,
3375:0,1,1,
3377:25,87,74,31,
3378:77,230,352,354,457,458,
3379:1,1,
3382:184,250,267,311,
3383:23,35,27,
3384:0,211,
3385:27,69,123,1,121,
3386:0,0,1,1,
3387:11,53,81,48,70,121,124,127,0,126,318,361,362,363,364,88,108,237,360,408,409,0,121,257,406,465,467,468,469,
3388:97,147,0,1,120,108,121,
3389:0,1,
3394:3,0,1,
3395:67,70,0,169,1,179,290,1,137,335,
3397:7,87,2,89,128,1,88,121,
3398:1,
3399:134,108,121,
3400:0,70,0,109,154,0,134,0,126,242,1,108,237,1,121,257,
3401:12,30,35,57,98,126,112,1,170,
3402:0,1,1,
3403:132,21,94,85,189,178,
3405:0,159,126,1,108,1,121,
3406:0,0,156,0,206,154,289,136,325,
3407:0,150,2,159,0,126,268,1,121,269,
3408:0,1,58,
3409:2,45,279,413,
3411:18,8,46,19,11,
3412:2,0,69,84,
3413:79,114,108,121,
3414:0,146,108,121,
3415:0,0,109,0,134,0,126,1,108,237,1,121,257,
3416:0,1,1,
3417:0,120,121,
3418:95,193,220,235,236,237,238,132,225,261,280,286,312,314,315,316,237,314,320,332,358,361,362,364,255,345,362,371,406,407,408,409,267,353,385,422,426,461,463,465,467,469,
3419:0,0,1,1,
3422:11,139,137,108,121,
3424:0,1,
3425:51,137,254,253,
3427:189,181,212,
3428:2,1,1,
3429:65,119,66,
3430:2,0,0,1,1,
3431:132,0,1,121,
3432:38,1,8,
3433:0,108,121,
3435:128,49,121,
3437:0,0,1,239,
3439:0,2,1,
3441:31,39,216,1,160,1,131,
3442:2,144,114,294,146,282,
3443:0,1,1,
3445:92,114,78,19,
3446:27,139,142,108,121,
3447:22,106,123,108,258,121,316,
3448:46,2,62,1,191,1,121,
3449:1,1,
3454:84,101,128,262,1,121,294,
3456:21,84,44,36,
3457:9,1,1,
3458:0,0,1,1,
3459:132,126,108,121,
3460:0,142,108,121,
3461:59,1,1,
3462:22,103,130,0,256,1,295,
3463:138,126,108,121,
3464:0,1,1,
3465:11,20,70,0,134,0,126,242,299,1,108,237,1,121,257,
3467:47,27,71,0,172,1,117,
3468:77,49,0,189,167,121,
3469:0,1,1,
3470:31,0,1,97,
3471:0,211,
3472:7,109,167,157,208,
3473:4,34,0,2,0,0,1,
3474:0,1,1,
3475:109,132,237,108,121,257,
3476:2,16,0,1,1,
3478:0,8,1,
3479:1,168,170,174,277,301,394,408,414,
3480:108,67,110,
3481:2,162,0,1,225,1,232,
3482:23,150,330,365,425,
3483:36,180,299,392,451,
3484:1,
3485:9,15,183,114,146,
3486:44,10,184,260,309,323,356,363,412,
3487:109,184,186,188,189,219,235,237,238,240,241,242,243,217,276,314,315,316,317,318,268,326,361,362,363,364,365,366,367,368,364,408,409,410,411,412,413,414,269,416,465,467,468,469,470,471,472,473,474,
3488:104,227,300,373,440,
3489:2,0,1,1,192,
3490:76,277,310,404,
3491:27,74,117,228,388,448,
3492:0,1,1,
3494:2,0,0,1,1,
3495:54,185,121,200,
3496:113,74,171,132,205,
3497:1,0,1,1,
3498:142,103,290,355,405,
3499:16,20,104,277,285,288,322,327,369,375,419,424,432,
3500:3,2,126,0,164,1,108,1,121,
3501:129,108,262,121,279,
3502:16,0,102,2,114,6,157,70,129,89,108,262,326,1,121,279,375,
3503:20,11,8,2,139,0,0,186,1,275,1,255,
3504:0,1,1,
3505:0,122,164,
3506:0,0,206,1,154,1,136,
3508:99,79,256,251,290,
3510:370,376,380,429,434,436,
3511:17,98,0,233,53,180,223,247,159,303,
3512:1,1,
3513:76,21,1,
3514:0,0,1,1,
3515:76,21,1,
3516:0,126,1,108,1,121,
3517:42,182,272,296,316,403,
3518:30,36,126,1,121,
3520:15,2,0,126,1,108,1,121,
3522:31,98,106,122,26,0,129,228,160,1,163,292,97,142,322,
3523:30,36,1,1,
3525:94,105,115,153,
3526:0,1,108,1,121,
3527:2,0,126,1,121,
3529:72,0,170,242,126,1,108,255,1,121,256,
3530:79,0,1,108,1,121,
3531:129,189,210,0,134,1,261,324,1,351,
3532:1,
3534:0,1,1,
3536:28,
3537:0,1,1,
3538:16,37,1,141,20,126,129,240,187,260,
3539:76,66,185,215,
3540:15,0,15,
3541:15,7,55,11,82,139,265,0,266,293,316,1,274,332,350,46,121,287,356,398,
3544:67,165,164,117,176,
3546:0,124,0,199,1,214,1,171,
3547:0,8,1,
3548:0,2,1,105,121,
3549:2,0,0,1,1,
3550:74,117,181,347,388,448,
3552:103,0,1,
3553:23,27,35,27,
3554:27,35,27,
3555:73,104,175,227,300,339,373,440,
3556:144,241,273,346,396,
3557:35,76,239,401,466,
3558:0,0,211,1,191,1,121,
3559:5,1,0,97,2,104,0,120,0,126,1,120,1,121,
3560:43,76,104,190,204,277,287,288,294,310,322,327,333,369,378,415,419,424,433,
3562:21,0,1,
3563:58,43,65,
3564:2,0,169,0,179,290,137,335,
3565:2,112,0,121,
3566:65,0,1,1,
3568:0,0,1,1,
3569:16,63,
3570:41,19,56,210,143,182,30,220,
3571:0,0,1,1,
3572:4,80,30,124,140,288,108,237,223,354,
3573:373,440,
3574:1,124,1,109,1,285,
3575:64,205,50,202,
3576:1,1,
3577:22,0,1,166,1,233,
3578:30,53,0,109,150,2,130,173,206,32,135,217,261,0,126,288,1,108,342,1,121,387,
3579:0,108,121,
3580:89,14,155,158,237,197,269,
3581:2,121,
3582:202,83,285,275,
3583:0,0,126,254,108,237,121,281,
3584:86,52,15,1,1,
3585:2,40,79,
3586:21,2,1,121,
3587:2,0,0,126,1,108,1,121,
3588:132,257,
3589:1,
3590:60,1,1,
3591:126,128,130,132,230,232,234,352,354,355,457,459,462,464,
3592:0,1,121,
3593:11,73,109,10,2,109,0,0,1,108,299,1,121,278,
3594:310,330,1,207,354,365,1,145,415,419,425,
3595:0,1,1,
3596:7,87,89,1,88,
3597:0,127,115,107,216,197,59,288,
3598:35,9,67,
3599:7,29,45,1,0,1,1,140,
3600:100,13,17,
3601:1,102,0,0,141,1,247,1,121,358,
3602:26,1,37,41,
3603:43,74,177,181,284,297,337,347,385,388,445,448,
3604:3,2,0,1,1,
3605:0,0,1,121,
3606:36,0,119,165,309,
3607:1,
3608:29,36,68,139,18,204,9,82,14,133,
3610:126,1,121,
3611:2,0,0,1,1,
3613:50,53,81,82,0,109,150,184,0,145,217,261,276,310,315,146,268,288,326,334,353,362,1,108,342,364,371,397,408,409,103,121,269,354,387,416,426,453,467,
3614:0,0,126,59,121,
3615:11,0,1,1,
3616:0,124,199,1,1,171,
3617:1,121,
3618:2,0,1,1,
3619:15,6,0,2,60,1,204,
3620:13,146,108,121,
3621:1,1,
3623:99,0,0,1,121,
3624:0,1,1,
3625:228,284,347,388,448,
3626:189,181,212,
3627:0,1,
3628:2,1,1,
3629:72,0,222,1,108,293,1,256,
3630:0,1,1,
3633:2,194,0,120,0,161,1,120,247,1,121,291,
3634:28,0,205,331,338,372,374,423,430,
3635:166,157,108,1,121,
3636:1,1,
3637:123,297,385,445,
3638:0,197,1,185,1,215,
3639:20,1,1,
3640:0,1,1,
3641:291,357,413,
3642:0,1,1,
3644:123,1,121,
3645:0,0,1,1,
3646:150,10,159,0,101,268,108,82,269,
3647:0,1,1,
3648:76,190,277,310,305,404,
3649:30,36,126,1,121,
3651:11,0,1,1,138,
3652:26,0,108,121,
3653:81,82,83,84,0,184,186,188,189,249,314,315,316,317,318,0,236,361,362,363,364,365,366,367,368,1,325,408,409,410,411,412,413,414,1,362,465,467,468,469,470,471,472,473,474,
3655:13,12,40,
3656:77,0,37,1,1,
3657:0,0,126,1,108,121,
3659:125,182,239,360,401,466,
3660:119,149,172,262,283,290,270,329,323,370,380,359,429,434,436,
3661:18,106,126,242,1,108,237,1,257,
3663:22,25,53,51,71,103,113,0,109,158,2,95,173,36,136,217,261,140,268,288,315,1,237,342,1,269,353,387,407,
3664:20,126,1,1,121,
3665:1,1,
3666:135,136,222,
3667:110,34,7,193,5,177,
3668:0,98,217,146,108,270,121,338,
3669:0,108,1,121,
3670:2,120,0,108,121,
3671:2,180,38,128,1,257,321,1,266,365,
3673:0,70,2,106,0,134,0,126,242,1,108,237,1,121,257,
3674:176,0,135,0,126,1,149,1,264,
3675:0,0,1,1,
3677:1,1,
3678:2,0,1,1,
3679:188,298,348,390,
3680:48,85,126,108,121,
3682:1,1,
3683:2,163,0,151,253,0,1,139,302,1,122,305,
3684:129,126,285,1,261,324,121,351,
3685:2,40,96,161,134,279,0,242,291,1,257,413,
3686:15,0,126,1,108,1,121,
3688:0,1,1,
3690:2,10,1,1,
3691:40,45,161,120,279,291,357,413,
3692:15,0,1,108,1,121,
3693:14,74,199,273,214,346,171,396,
3694:0,0,1,1,
3695:50,38,128,1,91,206,
3696:75,150,150,
3697:2,100,0,120,121,340,
3698:0,0,123,1,108,258,1,121,
3699:34,92,45,
3700:136,153,
3701:0,90,1,1,
3703:59,119,131,150,150,
3705:7,55,27,109,139,265,142,266,293,316,108,274,332,350,121,287,356,398,
3707:298,301,344,346,348,390,391,393,447,449,450,
3708:1,79,0,114,0,1,108,1,121,
3710:1,108,1,121,
3712:15,94,1,1,
3714:34,37,32,81,82,83,131,239,314,315,316,317,233,361,362,363,364,365,366,367,237,408,409,410,411,412,413,257,465,467,468,469,470,471,472,473,
3715:132,121,
3716:2,0,1,
3718:85,2,84,126,249,264,
3719:18,0,129,121,
3720:149,196,218,
3722:61,29,70,26,
3723:112,52,175,240,1,248,1,310,
3725:102,154,194,0,141,247,337,291,358,397,
3726:11,2,2,1,1,
3727:24,103,113,109,41,173,153,217,275,288,271,342,257,387,
3728:28,0,95,0,126,234,331,0,108,237,372,107,121,257,423,
3729:144,241,273,346,396,
3731:0,1,1,
3732:10,38,57,51,213,55,4,203,
3733:21,71,0,109,0,288,314,1,230,303,345,1,121,344,385,
3734:0,1,1,
3736:4,184,250,267,311,
3740:147,0,0,120,121,
3741:6,0,1,1,
3742:97,148,167,2,147,0,120,243,266,0,126,274,1,120,276,1,121,312,382,
3743:6,109,150,159,173,206,218,268,288,315,108,342,359,269,354,387,407,417,
3745:0,0,1,1,
3747:45,92,194,148,132,
3748:48,93,0,0,151,1,176,1,126,
3749:56,96,52,
3750:68,90,1,
3751:0,0,1,1,
3752:109,95,237,255,353,
3753:33,120,15,201,94,188,1,232,1,198,
3754:40,161,279,357,413,
3756:32,145,144,213,
3757:24,35,0,146,126,81,108,99,121,
3758:0,0,1,1,
3759:0,1,
3760:55,0,98,13,217,108,301,121,280,
3761:2,160,0,1,186,1,219,
3762:27,117,228,284,347,388,448,
3763:9,0,1,137,1,210,
3764:2,1,108,1,121,
3765:56,98,106,122,26,129,228,160,163,292,142,322,
3766:1,0,0,126,1,108,1,121,
3767:13,134,0,132,114,146,
3768:17,2,1,1,
3769:112,207,282,325,368,420,
3770:2,0,191,0,123,1,108,1,121,
3772:0,174,0,1,111,1,121,
3774:12,2,0,0,1,
3775:15,206,261,288,315,342,387,
3776:1,0,2,161,0,120,252,41,126,279,1,121,254,
3777:0,141,0,120,0,126,1,108,247,1,121,254,
3778:112,282,325,368,420,
3780:38,57,51,129,239,55,108,262,4,121,279,
3781:40,35,1,1,
3782:67,119,172,173,177,216,283,290,292,329,370,376,380,429,434,436,
3783:0,1,1,121,
3784:126,1,121,
3786:0,121,
3787:1,66,0,0,148,123,235,108,268,319,349,121,268,350,400,
3788:46,2,0,1,191,1,121,
3789:78,79,185,187,190,230,232,234,350,352,354,396,399,403,455,457,459,462,
3790:73,109,10,2,109,108,299,278,
3791:1,1,
3792:0,0,224,0,173,257,1,133,43,121,293,
3793:2,0,193,201,143,
3794:88,143,259,0,311,1,388,
3796:13,2,0,175,
3797:2,0,1,121,
3798:15,0,201,0,188,1,198,
3799:0,1,1,
3800:1,88,64,1,120,1,121,
3801:66,6,
3802:18,8,46,19,11,
3803:11,1,0,0,212,0,126,1,108,1,121,
3804:2,0,108,121,
3805:0,205,90,1,198,1,236,
3806:0,0,53,
3807:19,0,138,80,126,26,108,50,121,
3808:0,134,0,170,242,126,249,108,255,333,121,256,369,
3809:0,1,1,
3810:127,246,139,134,272,
3813:53,69,164,187,318,321,360,366,406,421,
3815:33,81,29,1,
3816:2,0,61,1,1,
3817:79,68,0,1,1,
3818:61,119,168,57,156,277,1,252,1,258,357,408,
3819:39,29,38,81,
3820:0,179,257,
3823:84,194,126,112,121,
3824:161,120,279,291,357,413,
3825:35,57,23,126,112,1,170,
3826:0,126,59,121,
3827:15,0,2,97,120,0,1,108,291,1,121,
3828:0,194,161,247,291,
3830:100,0,0,134,121,
3831:20,1,1,
3832:53,2,0,136,1,108,241,1,121,284,
3833:0,1,1,
3834:28,171,145,336,
3836:0,138,0,203,121,
3837:2,95,192,0,166,0,157,258,1,108,237,334,1,121,269,366,
3839:42,42,4,0,1,175,1,163,
3840:0,70,0,126,1,108,237,1,121,257,
3841:0,132,126,51,108,237,111,121,257,
3842:9,0,1,1,
3843:0,0,7,1,
3844:2,155,0,1,108,259,1,121,298,
3845:0,1,
3846:58,172,43,65,117,
3847:31,0,0,113,118,
3848:43,0,1,1,
3851:48,1,6,14,169,69,161,
3853:139,0,142,1,108,1,121,
3856:0,0,1,1,
3858:0,1,1,
3859:0,63,1,
3860:125,164,117,176,
3861:3,2,149,0,163,1,125,1,149,
3862:2,0,1,1,
3863:39,53,1,
3864:142,108,121,
3865:63,137,0,229,1,228,60,141,
3867:61,0,137,254,253,
3868:46,57,54,1,180,1,194,1,189,
3869:1,1,
3871:20,70,106,203,126,242,299,108,237,317,121,257,373,
3872:3,2,0,265,277,313,
3873:0,82,0,0,1,1,
3874:58,18,207,132,282,25,126,276,325,77,237,322,368,1,257,420,
3875:119,177,216,283,290,292,329,370,376,380,429,434,436,
3876:70,2,0,179,290,137,335,
3877:22,78,130,1,212,256,1,295,
3878:2,0,1,121,
3879:33,1,
3881:53,123,2,0,1,108,1,121,
3883:0,214,113,118,
3884:0,0,219,1,1,
3885:87,86,209,106,156,100,165,
3886:123,100,162,13,188,17,227,
3887:22,29,2,0,1,174,1,229,
3888:4,135,0,138,1,1,209,
3889:11,37,123,2,0,61,108,20,121,
3890:0,110,138,
3891:1,146,
3893:192,124,155,
3894:35,311,360,401,466,
3895:100,0,0,173,121,
3896:107,143,164,183,123,259,282,311,324,282,310,347,273,388,411,
3897:76,182,239,360,401,466,
3898:0,8,1,
3901:55,0,1,1,
3902:46,
3903:62,0,0,1,108,1,121,
3904:52,2,0,186,162,1,130,121,
3905:102,2,114,70,129,89,108,1,121,
3906:3,0,1,1,
3909:50,0,1,1,201,
3910:11,0,126,1,121,
3911:39,11,0,118,260,
3912:46,
3913:127,246,272,
3914:0,2,135,0,21,126,1,121,
3915:311,360,401,466,
3916:118,122,178,344,346,348,390,391,393,447,449,450,
3917:221,298,301,343,344,389,390,446,447,
3918:1,1,
3919:1,4,2,178,0,231,1,167,318,1,121,360,
3920:90,0,1,90,
3921:102,142,108,121,
3922:67,119,177,216,283,290,292,329,370,376,380,429,434,436,
3923:32,145,28,106,144,213,
3924:0,33,1,
3925:11,126,128,29,230,232,234,139,303,304,137,238,350,351,354,108,245,396,398,399,121,302,455,457,459,462,
3926:129,239,108,262,121,279,
3927:71,80,62,162,286,
3929:15,0,1,121,
3930:127,64,115,216,200,1,197,1,250,288,
3931:0,0,1,1,
3932:113,56,171,96,132,52,205,
3933:90,105,0,197,1,152,90,195,
3934:184,215,43,260,0,309,1,356,1,412,
3935:178,298,301,344,346,390,447,
3936:1,0,2,129,0,0,123,235,1,108,268,1,121,268,
3937:8,103,238,355,405,
3938:53,86,149,14,149,36,196,54,218,
3939:108,35,234,9,237,67,257,
3940:3,1,1,
3941:68,108,169,208,291,335,379,438,
3942:88,100,111,144,
3943:18,31,39,1,160,1,131,
3944:2,97,0,120,0,1,121,
3945:0,0,1,1,121,
3946:0,126,91,108,72,121,
3947:0,1,1,
3948:55,0,1,1,
3950:0,88,0,
3951:34,37,71,103,121,124,127,129,131,133,206,219,235,237,238,240,241,242,140,288,326,361,362,363,364,365,366,367,368,108,342,364,408,409,410,411,412,413,414,223,387,416,465,467,468,469,470,471,472,473,474,
3953:126,249,264,
3954:58,93,8,33,19,177,11,174,
3955:17,0,2,0,120,250,0,126,1,108,237,1,121,345,
3956:15,75,22,2,123,108,121,
3957:29,36,68,139,18,204,9,82,14,133,
3958:0,121,138,126,260,108,278,121,320,
3959:10,159,173,0,145,217,101,268,288,82,269,354,
3961:0,0,1,
3962:277,281,330,336,365,425,428,
3964:32,53,70,66,132,239,263,85,179,237,313,257,372,
3965:41,11,2,111,179,97,221,243,107,265,320,73,263,368,
3966:66,6,
3968:151,176,126,
3969:0,133,11,100,0,195,108,281,121,324,
3970:23,146,185,3,284,341,85,339,389,
3971:36,229,392,451,
3972:54,155,0,36,259,298,
3975:1,55,
3976:34,92,45,
3979:6,86,0,0,1,1,
3980:83,285,275,
3981:4,14,31,0,1,224,1,185,
3984:11,2,2,1,1,
3986:151,128,
3987:58,112,160,2,95,207,0,325,1,108,368,109,121,420,
3989:176,179,223,224,225,289,295,296,340,342,345,383,384,386,439,441,442,444,
3990:0,173,221,
3991:1,1,
3994:1,
3995:0,0,1,1,
3996:16,95,192,157,258,108,237,334,121,269,366,
3998:110,206,168,
4000:0,45,108,121,
4001:38,2,179,0,1,8,121,
4002:0,1,
4003:99,150,2,159,0,132,82,126,268,75,108,102,121,269,
4005:0,134,3,170,121,126,1,255,1,256,
4006:23,150,211,236,277,330,425,
4007:0,23,8,1,
4008:39,29,38,81,
4010:1,1,
4011:173,209,222,235,237,238,240,241,0,179,236,288,334,361,362,363,364,365,366,1,205,325,381,408,409,410,411,412,413,1,257,362,431,465,467,468,469,470,471,472,473,
4012:0,0,1,1,
4013:52,1,
4014:330,365,425,
4015:180,0,128,1,108,257,1,121,266,
4016:0,0,0,107,
4017:1,1,
4019:94,105,115,153,
4020:9,31,70,99,176,179,0,132,289,295,296,82,126,340,342,345,75,108,383,384,386,102,121,439,441,442,444,
4021:15,6,2,175,214,220,0,303,319,248,309,1,347,395,
4022:7,45,0,76,
4023:3,113,45,49,
4024:222,0,222,1,293,338,1,256,384,
4025:0,108,121,
4026:24,132,121,
4028:23,227,292,313,341,361,389,409,
4029:100,13,17,
4030:144,241,273,346,396,
4032:0,34,70,
4033:33,15,0,201,0,188,1,1,198,
4034:6,0,222,222,1,293,1,256,
4036:33,0,1,1,
4037:9,0,123,40,108,1,121,
4038:0,1,1,
4039:0,146,108,121,
4040:18,8,46,19,11,
4041:1,1,
4042:71,2,162,121,286,
4043:147,215,260,273,278,356,412,
4044:51,61,0,254,253,
4045:51,61,137,254,253,
4046:44,0,0,1,1,121,
4047:0,1,108,1,121,
4048:4,2,0,0,1,1,
4049:0,13,134,0,126,1,108,1,121,
4051:0,1,1,
4052:2,161,120,279,291,357,413,
4053:101,2,0,229,0,53,121,277,
4054:1,121,261,
4055:126,1,121,
4056:3,2,157,121,
4057:20,9,
4058:111,77,39,101,
4060:50,9,139,273,
4061:139,186,275,255,
4062:0,0,1,
4063:54,185,121,200,
4064:45,92,194,148,132,
4065:64,0,139,104,142,108,121,
4066:91,58,1,
4067:0,0,1,154,1,136,
4068:20,9,139,
4069:0,1,1,
4072:11,0,88,0,
4073:1,0,97,0,212,1,108,1,121,
4074:2,1,
4075:81,0,163,142,
4077:71,108,8,84,106,
4078:2,1,154,1,136,
4079:184,186,188,189,0,143,314,315,316,317,318,0,195,361,362,363,364,365,366,367,368,1,108,408,409,410,411,412,413,414,1,121,465,467,468,469,470,471,472,473,474,
4080:109,63,0,108,121,
4081:23,44,13,0,126,1,58,121,
4082:35,81,99,
4083:11,111,179,212,221,264,265,320,344,263,368,399,
4085:139,204,133,
4086:50,0,98,13,0,217,146,1,108,103,121,
4087:91,58,1,
4089:139,204,9,82,133,
4090:0,1,1,
4091:21,84,44,36,
4094:2,23,25,
4098:39,11,206,118,260,
4099:72,15,35,
4100:2,40,79,
4101:0,26,126,1,12,121,
4102:47,100,2,0,30,108,238,75,121,319,
4105:70,110,164,24,187,275,237,360,366,257,406,421,
4106:0,1,1,
4107:25,2,108,1,131,121,
4108:126,88,121,
4109:0,0,224,0,173,257,1,133,43,121,293,
4111:111,145,166,182,251,108,244,121,327,
4113:6,2,0,1,1,
4115:1,1,1,
4116:83,71,
4117:57,196,308,253,393,
4118:2,0,0,1,1,
4119:2,1,1,
4120:8,0,0,186,0,1,1,
4121:67,119,149,172,173,262,283,292,270,329,323,370,376,359,429,434,436,
4122:2,149,0,163,1,125,3,149,
4124:39,53,1,
4125:0,47,1,
4126:14,1,1,
4127:85,175,0,131,121,
4128:7,60,0,1,123,1,194,
4129:125,239,311,360,466,
4133:65,10,1,1,154,
4134:49,7,60,123,194,
4135:0,1,1,211,
4136:48,12,1,1,
4137:86,0,181,111,295,38,121,271,
4138:52,186,0,162,1,130,1,121,
4139:2,0,0,1,1,
4140:2,0,0,32,121,
4141:65,10,50,1,154,
4142:0,1,1,
4143:173,205,257,
4144:6,1,1,
4145:2,73,180,124,
4146:0,1,1,
4147:160,74,57,148,
4150:0,1,1,
4151:21,0,100,0,126,105,108,121,
4152:95,225,237,255,267,
4153:1,97,132,237,126,239,274,
4154:109,2,95,85,1,42,124,
4155:35,24,0,1,0,121,
4156:2,0,0,1,1,
4157:1,66,2,129,0,148,268,319,349,268,350,400,
