135311,487539,
311790,240546,
14662,27853,
169235,537088,
49476,194023,
266407,286767,
123282,123785,
270174,471374,
202690,253432,
123185,83752,
199076,444197,
275905,78047,
28282,136939,
159159,134231,
144221,331603,
298476,311205,
32819,32875,
303076,41716,
226216,92861,
132318,297774,
99819,450336,
198652,198650,
172615,317867,
284716,486744,
5384,432505,
167956,466677,
28596,179181,
72802,518969,
217587,174127,
159638,166229,
326990,462464,
309698,130580,
280574,214558,
99335,217000,
116238,299903,
5582,374744,
6688,73833,
26151,315195,
287188,93634,
195715,145527,
312412,345707,
86394,5887,
79609,481849,
23209,228084,
21995,131543,
333021,350511,
79276,339323,
183951,248193,
200163,517430,
282345,445349,
249579,44660,
321554,393730,
307053,217720,
72873,425931,
257219,193923,
215365,444210,
127277,439814,
254234,111332,
112633,108817,
63725,79671,
198072,310194,
115418,477942,
310578,347332,
331603,496219,
118975,312827,
117074,126976,
213317,166229,
66613,505398,
98128,492164,
113263,481246,
263500,504111,
183092,20363,
4044,73551,
1380,212784,
74172,314414,
319839,449317,
123185,83752,
4340,4337,
144914,142004,
331715,111231,
233325,193743,
130442,502359,
39625,203793,
68134,526241,
133005,391322,
211719,530062,
160140,106033,
180944,72340,
3572,108553,
66149,216301,
137657,314435,
107588,171714,
302854,296115,
309407,249586,
178574,252917,
219300,11919,
113365,483609,
192331,539445,
22343,107729,
179303,378632,
124922,270741,
2159,28470,
904,315846,
89972,163303,
8913,432255,
44998,210264,
132318,357876,
290075,78322,
104917,469878,
232002,88233,
88233,232002,
230469,289017,
172828,69462,
309232,536098,
34144,418545,
235990,480055,
302516,320027,
12856,238070,
194905,465691,
29014,491057,
234379,133288,
295126,276102,
169235,527644,
112608,247708,
320805,73196,
138771,433487,
116571,452008,
9405,248257,
120038,518444,
112676,64981,
61996,77822,
211826,133474,
14037,448496,
72504,512063,
170521,104168,
98204,330636,
73557,192817,
271642,340566,
32383,455034,
254263,205319,
268157,534787,
257544,487313,
144295,281300,
48745,289410,
6479,162949,
292427,55139,
235463,388591,
196603,151555,
243477,124,
80357,405954,
270174,471380,
82400,66653,
151702,406567,
6918,306564,
66354,91019,
273098,544054,
310647,221162,
62164,388591,
330800,113547,
278019,408150,
333806,489795,
33472,475973,
329865,156102,
41074,187042,
234741,168436,
313438,313445,
212793,408203,
88248,447105,
131755,514346,
143299,343412,
70655,518098,
324711,160850,
166940,315195,
261385,91177,
307557,418717,
115214,339644,
68568,451696,
122021,315368,
36212,147273,
240408,375591,
251238,516228,
71253,497743,
255214,139347,
69895,529715,
326537,226679,
11738,495057,
203898,175768,
139614,340164,
7308,248165,
113455,92906,
125450,333690,
99852,99854,
19017,74950,
18697,284501,
191442,504580,
236564,391486,
191798,495922,
143261,164477,
239150,107398,
80678,365568,
31802,422847,
68134,280715,
179558,421694,
230998,398070,
42613,225258,
1380,212784,
144295,32131,
130856,373683,
109961,377066,
55221,468874,
187128,536330,
70649,70636,
2969,107647,
47521,518489,
50894,172834,
5728,5734,
214028,198650,
123563,532301,
213604,213617,
272901,272900,
329037,249957,
329470,504430,
126798,176585,
165406,186613,
34491,443512,
73143,459119,
136822,170572,
260507,518054,
145259,211128,
178827,331986,
99819,89137,
300208,101480,
62871,493481,
312855,249281,
135723,31050,
27504,529577,
313704,320047,
79231,266626,
152628,504599,
70897,149902,
331428,22061,
18705,162383,
40935,293297,
268890,204739,
79678,321705,
32880,137761,
314294,91746,
245388,176338,
176172,147546,
45292,103117,
10835,10832,
184173,159159,
150886,314028,
292386,292383,
262687,188809,
53175,265961,
36432,347585,
188565,178683,
290573,109756,
60965,118233,
148944,174182,
184792,394198,
210323,77001,
50073,545478,
302117,167072,
152334,118897,
8719,217724,
15554,74666,
225170,514070,
215293,462471,
59771,124094,
274193,345351,
313075,86452,
172316,521947,
161921,530850,
226443,238070,
143163,332548,
159972,204831,
745,406306,
310909,312991,
30979,439684,
266455,524057,
240177,407916,
284366,298966,
194939,359373,
135361,11637,
116071,163700,
284960,488503,
22343,107729,
223245,377066,
133474,464381,
34331,153638,
108199,440214,
213710,529579,
244766,265511,
152555,72723,
287196,205060,
20555,138435,
169923,246906,
238742,378734,
278762,407801,
77128,309619,
133233,134884,
151544,447399,
287663,477077,
216960,52892,
284157,322662,
96511,467157,
90033,166310,
193387,192497,
18415,150789,
130580,147273,
114337,34210,
70635,70637,
117923,171689,
103730,168053,
5082,387910,
184680,33551,
30396,138058,
276646,198123,
310393,215930,
93266,368974,
129548,241429,
284226,499500,
65585,479186,
281125,236017,
110052,442095,
223977,234402,
250553,427692,
321705,58706,
313779,400391,
186891,524614,
15207,138596,
212990,30418,
65798,148874,
299552,405897,
112001,217587,
104993,228386,
331903,37555,
121036,276608,
14200,499622,
48969,485744,
250869,188556,
87756,313815,
46326,381125,
6482,35229,
297598,522422,
306746,44576,
289701,28345,
209908,491131,
184854,495135,
262687,286287,
62326,199798,
311638,87883,
197365,44728,
108325,13867,
287220,182358,
233526,371808,
178174,404341,
90825,81049,
315939,114575,
180690,476434,
55011,78767,
31136,522089,
153884,258451,
51435,358087,
153786,149104,
89972,223142,
124454,124453,
266201,142603,
316014,66859,
12595,539284,
211720,84267,
96164,121312,
183883,135302,
276400,511333,
90825,345779,
38822,297644,
188565,47865,
214028,152170,
101426,284501,
287632,287628,
323808,282965,
186138,397393,
37099,438089,
96164,271642,
121302,23529,
197526,49857,
197722,68766,
315987,37444,
149276,378266,
129893,77385,
186838,55719,
70771,119580,
254338,242032,
123185,166433,
106092,220927,
212505,168919,
162328,182097,
206117,289360,
149826,101480,
182507,172866,
180532,357517,
86889,503859,
64981,356708,
74115,140673,
314412,14698,
186483,350356,
169518,200388,
135846,361235,
291134,507833,
262381,333856,
127731,177514,
183531,404328,
74071,137712,
310316,383425,
190634,32872,
148284,173430,
116164,141504,
125507,182097,
126768,313075,
144957,14019,
66791,489117,
112049,54900,
10390,525995,
227927,127315,
15457,42442,
321126,522014,
17620,345160,
186164,1985,
169024,238639,
177390,105679,
313448,313438,
68838,410412,
151355,362381,
292665,95117,
29947,129195,
299885,463984,
124948,124952,
90638,263257,
140341,254985,
89055,332872,
184850,388825,
234379,372211,
101997,202294,
149560,222562,
93531,411800,
115966,391315,
118137,191888,
249349,21218,
262235,421238,
171743,488089,
205685,254485,
104168,178107,
116796,464015,
13942,452216,
323354,40257,
118127,110438,
194256,127277,
87218,214568,
182497,475684,
96710,497907,
296660,184528,
70797,114872,
236473,412425,
81591,259996,
321284,437822,
260938,528285,
115599,408946,
81576,398449,
130292,531838,
225580,347756,
83105,542894,
3566,73066,
306323,28932,
130395,175685,
303811,118385,
59336,170905,
307202,31746,
4649,494266,
221262,318719,
321685,486546,
102289,507000,
172778,270329,
172866,316476,
82214,127277,
192506,90916,
132756,126433,
91537,348117,
290763,468778,
15312,134779,
195383,499026,
51008,509215,
129227,391950,
192361,421767,
199076,467023,
322434,428013,
142173,430779,
6557,152220,
255365,140432,
10835,10841,
127374,201454,
231322,32041,
202986,345901,
181666,111722,
139038,159682,
200465,350466,
27677,45745,
234687,440239,
19288,168735,
118127,452542,
84589,404481,
92111,281177,
100428,337964,
302516,124,
189107,418406,
172036,516120,
321705,79678,
63660,134779,
159550,151555,
135302,183883,
310194,481051,
258502,99762,
135020,95129,
136673,136674,
242505,64120,
79793,342331,
4384,458413,
96143,463102,
324316,298435,
124945,542955,
43372,237720,
133708,258196,
122818,149560,
203215,226407,
302117,528672,
180767,531350,
272687,261208,
269277,121332,
163907,283049,
39,438351,
26477,330841,
317063,367213,
153640,225835,
276557,388565,
84304,398717,
218756,99010,
197137,373438,
29115,460838,
62326,221738,
114779,175118,
52991,12310,
61231,485609,
98180,31088,
248222,39277,
77459,425355,
196739,277798,
110818,236582,
163690,77072,
185042,295588,
206389,178557,
180532,138850,
61002,20363,
33844,284188,
212756,70252,
153403,112049,
48119,191677,
95850,421686,
14105,22599,
279616,279619,
79070,341120,
329310,249887,
50991,373225,
205001,138729,
180056,126277,
79595,322386,
81469,83377,
231344,278481,
8972,353206,
194227,205455,
276650,212856,
269152,396613,
235705,471385,
254843,68289,
35717,535850,
133020,157895,
116965,109589,
129128,275004,
274455,380220,
190808,157737,
15517,389747,
219633,497770,
186891,183521,
57485,422938,
229509,228721,
326292,541502,
164738,36212,
145001,274453,
250185,152370,
81469,83377,
239876,470254,
6769,36781,
3672,399181,
138145,490852,
28470,2159,
240370,25105,
90822,347003,
124190,81811,
45600,281604,
292468,292463,
141552,518897,
82214,49098,
237410,203337,
164177,344051,
123406,49176,
38314,220593,
55503,357702,
3676,223711,
198730,463537,
271273,141333,
301328,138186,
158764,415028,
324526,372327,
266507,274864,
147782,19326,
164058,158226,
262381,172778,
175353,50509,
185645,271554,
65579,488309,
53563,403233,
119991,370655,
109813,127254,
270531,139308,
66261,271785,
59771,35284,
2001,37727,
186613,264569,
244519,284580,
111159,205295,
226216,338918,
81267,233526,
121318,531232,
112067,87466,
295986,203793,
281598,525623,
244473,170966,
7222,314028,
140922,314663,
75056,419455,
81049,90825,
176661,505288,
182575,157496,
30117,54489,
206557,234155,
158598,486924,
250608,220699,
305053,347774,
182791,321766,
140157,522220,
91645,95788,
80424,136923,
5488,410705,
251493,101480,
208860,314558,
243360,269368,
292445,466806,
66520,525454,
91213,35102,
6109,246292,
159272,480208,
49664,341315,
167989,120600,
181537,233940,
263668,406617,
49606,413119,
90042,38394,
227138,431233,
303420,501544,
197556,452270,
68897,313755,
86910,320128,
159959,32290,
187104,61472,
175426,120171,
92734,427873,
139285,431019,
20186,20185,
223802,515271,
256735,30717,
8653,342800,
78832,488309,
70252,413720,
96624,149920,
122622,138325,
220871,19995,
65303,237776,
317207,155307,
184322,31453,
1684,81267,
298735,193364,
218144,443341,
90916,66041,
148028,172115,
1684,233526,
267623,350170,
6843,229313,
135241,370940,
301356,109569,
215881,103570,
243256,415632,
200836,284407,
236049,417289,
87940,485557,
24204,192800,
141034,36117,
278782,58644,
16112,494095,
268782,39666,
125778,474147,
72129,295317,
312993,90080,
65656,544629,
283045,198264,
39746,420906,
116817,114779,
226935,431279,
150179,447062,
182795,55553,
313264,481246,
274590,58484,
29463,115759,
191817,532279,
127233,371367,
322204,5353,
113034,127346,
110507,192985,
9555,21528,
278358,332863,
288956,164817,
55496,314420,
175685,154380,
118316,68343,
76085,276816,
110177,169235,
240795,139309,
139485,126047,
195060,149902,
151133,519006,
306564,68910,
201515,201513,
234402,193923,
35374,257114,
9354,40037,
197365,69321,
70138,386630,
290337,371991,
179196,253407,
16344,277384,
290657,283784,
283334,491745,
330397,472932,
260241,364896,
220475,414712,
240546,419001,
276599,375414,
170199,105548,
150744,391322,
74634,344519,
258488,157627,
179181,28591,
132140,379285,
206291,305084,
159272,59041,
283568,363750,
233695,337976,
153600,203615,
168574,386874,
144994,89408,
132953,546010,
274588,487098,
12842,204202,
173535,301218,
299552,242967,
292386,223065,
144507,543408,
197348,147077,
194671,352387,
69462,375364,
200801,533527,
223163,231414,
120924,71407,
61231,274818,
126768,86452,
114561,110288,
142813,511869,
168574,444955,
112951,281973,
322854,63228,
102675,510163,
258758,84304,
230164,171819,
88233,526477,
144428,185574,
68257,421764,
127333,79752,
244250,524329,
35202,269692,
52787,298838,
192597,518768,
203613,190630,
204930,277032,
245313,217286,
92787,527655,
45745,415724,
107582,228892,
101201,60606,
3236,431273,
110201,102911,
122533,346610,
274864,266507,
52626,103099,
18512,325608,
7817,391162,
120740,336596,
90205,262847,
215306,145402,
146244,26623,
12357,540803,
288183,165367,
276368,243473,
285766,261385,
43678,34653,
165440,185448,
206557,258951,
230790,494788,
236473,141379,
168123,24686,
103965,210578,
63323,271420,
7923,423205,
185282,27330,
217750,75056,
98204,452822,
240408,254312,
300830,313309,
145300,539662,
301012,411515,
277148,397693,
201991,66354,
312160,410705,
310185,410206,
45744,95242,
151995,211649,
271642,80272,
301684,112285,
226278,28716,
300850,136495,
331804,475712,
90166,29516,
212756,70252,
78587,539763,
15917,17616,
308751,71983,
281513,215025,
43961,505296,
230023,4465,
230055,526984,
125208,149786,
153217,426517,
267103,483678,
205001,64718,
303636,420292,
115201,90904,
197186,442000,
111756,509620,
55221,20007,
17372,139891,
92489,344252,
85439,453543,
48969,475650,
39373,242563,
281651,333757,
140922,66850,
83288,140630,
122159,492185,
55571,273680,
161562,456858,
121902,525785,
317893,8209,
226301,276822,
115966,431123,
324820,499339,
212756,6783,
292427,90352,
71443,381715,
17699,6272,
65737,464697,
238766,384046,
190181,95534,
98180,317133,
120990,445171,
260589,163740,
70487,26639,
251414,355522,
292542,150048,
143872,356909,
48248,48805,
116620,409054,
53274,161921,
304514,472535,
262235,421238,
65313,152592,
285153,417000,
167041,254288,
166728,386874,
178678,225249,
239774,4044,
299340,373287,
189264,425076,
155440,358752,
212869,495397,
321527,19960,
203739,85275,
108409,533859,
138118,525684,
39188,328652,
16232,537856,
66919,338163,
61108,43801,
210833,235755,
62343,388338,
166222,424627,
150998,403163,
74163,424802,
217286,339948,
286790,228661,
144784,543673,
310339,166158,
166059,283842,
79270,536058,
139218,506786,
298920,258188,
53326,298435,
92861,342242,
17667,135104,
283842,202277,
179416,458413,
297091,451990,
287268,84301,
329865,504231,
11228,411827,
122410,487455,
305173,143575,
163740,260582,
182795,153600,
111726,181666,
132318,257803,
239876,504484,
98536,386234,
194262,409618,
50690,50692,
261501,112312,
307053,21893,
290624,217984,
320498,82477,
225966,516459,
312759,353331,
108695,141504,
149084,72978,
168267,408829,
188265,197120,
271309,530780,
296115,535936,
27624,374016,
140736,172605,
285754,159895,
189022,343268,
10442,251142,
214836,459670,
168868,283816,
71443,381715,
125507,535772,
10350,313815,
169552,76293,
6220,538969,
79921,503389,
26075,4649,
134465,227229,
316051,287868,
325920,58626,
219265,3616,
265577,144777,
100808,269379,
122225,492766,
214067,230472,
30623,76457,
135846,97181,
195877,434367,
251414,48396,
