6737,7356,
118915,346855,
164302,229226,
250774,184602,
169419,474112,
314656,469255,
25764,290185,
133423,121868,
19541,25764,
270571,133423,
133423,270571,
117725,124966,
325103,149692,
223749,95435,
238653,435722,
111430,527570,
2463,461026,
95435,91139,
14253,308353,
34586,164302,
189803,144835,
7356,6737,
121868,290636,
117725,200182,
165043,247307,
280721,282549,
271349,481818,
290636,270571,
118915,357888,
288949,247307,
288949,392585,
288949,165043,
14253,410715,
19541,238960,
34586,229226,
144835,313732,
185021,34586,
6737,471451,
229226,269445,
207774,511934,
89593,437753,
111430,316269,
290636,270571,
269445,164302,
313732,239392,
239392,8188,
325058,55712,
272015,211060,
121868,133423,
238653,435722,
8188,239392,
19541,238960,
221540,356392,
7356,64771,
272015,89593,
89593,317092,
246707,351088,
229226,185021,
280721,449308,
31328,164302,
169419,502092,
191277,461026,
246707,501512,
144835,189803,
118915,346855,
91139,95435,
44206,376313,
189803,313732,
325103,509423,
14253,308353,
246707,531909,
290636,121868,
276387,282551,
223749,91139,
147096,492244,
308353,410715,
207774,511934,
174866,149692,
34586,31328,
290185,238960,
325058,470876,
211060,272015,
8188,144835,
115942,238653,
7356,471451,
169419,502092,
25764,238960,
308353,325639,
89593,317092,
91139,95435,
271349,481818,
6737,471451,
91139,95435,
95435,91139,
31328,269445,
325103,509423,
316269,111430,
92418,461026,
291610,546576,
271349,314656,
172515,246707,
121868,290636,
211060,317092,
325639,410715,
55712,470886,
200182,117725,
149692,325103,
177315,95435,
164302,229226,
229226,269445,
89593,211060,
299942,494261,
238960,290185,
191277,92418,
2463,461026,
144835,8188,
229226,185021,
325103,174866,
121868,270571,
272015,211060,
92418,2463,
289515,376313,
105554,289515,
55171,346855,
164302,229226,
185021,229226,
144835,189803,
6737,64771,
211060,437753,
290636,270571,
55171,357888,
34586,185021,
223749,91139,
133423,121868,
223749,95435,
299942,523664,
308353,325639,
191277,2463,
223749,177315,
316269,116789,
308353,325639,
25764,238960,
91139,95435,
278151,511934,
189803,8188,
19541,290185,
276387,449308,
313732,144835,
291610,546576,
325103,149692,
169419,502092,
191277,461026,
31328,229226,
270571,290636,
172515,501512,
280721,282549,
221540,356392,
121868,270571,
19541,290185,
316269,116789,
221540,410952,
185021,31328,
19541,290185,
250774,401615,
92418,191277,
31328,229226,
116789,425538,
105554,529163,
313732,144835,
317092,272015,
308353,410715,
299942,494261,
289515,529163,
207774,511934,
169419,478232,
289515,44206,
282551,282549,
177315,223749,
64771,7356,
221540,526857,
278151,207774,
238960,19541,
289515,529163,
291610,546576,
325103,149692,
238653,506687,
55712,470886,
282549,449308,
290185,25764,
172515,246707,
55171,346855,
172515,246707,
121868,290636,
280721,276387,
207774,278151,
207774,386906,
221540,526857,
55171,346855,
64771,471451,
115942,337249,
144835,313732,
290636,133423,
290636,270571,
91139,223749,
282551,282549,
278151,511934,
184602,111430,
25764,19541,
223749,91139,
144835,313732,
2463,191277,
325103,174866,
34586,269445,
189803,313732,
149692,174866,
282549,282551,
270571,290636,
316269,116789,
223749,177315,
44206,376313,
25764,19541,
317092,89593,
6737,7356,
118915,346855,
271349,469255,
238653,435722,
184602,250774,
165043,392585,
239392,189803,
124966,117725,
290185,19541,
25764,19541,
64771,6737,
31328,164302,
165043,247307,
147096,350003,
223749,95435,
95435,177315,
105554,529163,
221540,356392,
95435,91139,
111430,527570,
229226,269445,
124966,548352,
289515,529163,
34586,269445,
325103,174866,
280721,282551,
165043,288949,
184602,116789,
271349,481818,
200182,548352,
7356,471451,
325639,410715,
92418,191277,
308353,325639,
133423,121868,
317092,272015,
105554,289515,
291610,546576,
290185,238960,
25764,290185,
105554,289515,
288949,392585,
250774,401615,
313732,189803,
44206,376313,
189803,8188,
121868,270571,
44206,289515,
282551,282549,
270571,290636,
117725,124966,
19541,25764,
124966,117725,
31328,164302,
133423,270571,
223749,177315,
200182,117725,
89593,317092,
282551,282549,
105554,529163,
124966,117725,
191277,461026,
172515,531909,
7356,64771,
172515,501512,
185021,229226,
115942,337249,
64771,7356,
185021,164302,
200182,124966,
95435,91139,
44206,529163,
291613,546576,
185021,31328,
211060,317092,
147096,492244,
269445,164302,
6737,64771,
184602,425538,
172515,351088,
308353,410715,
207774,278151,
282551,280721,
115942,435722,
288949,392585,
121868,290636,
124966,548352,
289515,529163,
118915,357888,
44206,376313,
288949,247307,
144835,239392,
221540,526857,
89593,437753,
290185,19541,
316269,184602,
121868,270571,
133423,270571,
316269,469419,
7356,64771,
314656,271349,
325103,509423,
91139,95435,
325639,308353,
221540,410952,
8188,239392,
272015,89593,
272015,89593,
207774,511934,
238653,115942,
121868,290636,
89593,272015,
121868,290636,
308353,14253,
221540,356392,
169419,474112,
269445,31328,
124966,200182,
229226,34586,
325103,149692,
278151,511934,
111430,469419,
291613,546576,
7356,6737,
288949,392585,
280721,282551,
174866,325103,
31328,269445,
325103,174866,
165043,247307,
316269,469419,
174866,509423,
308353,14253,
191277,461026,
144835,313732,
278151,511934,
246707,172515,
92418,191277,
269445,229226,
172515,351088,
250774,116789,
221540,410952,
290185,19541,
164302,269445,
55171,346855,
325058,470886,
25764,238960,
6737,7356,
7356,471451,
282549,282551,
6737,7356,
317092,211060,
55171,357888,
95435,91139,
89593,272015,
276387,282551,
246707,501512,
325639,308353,
177315,95435,
290185,238960,
290185,238960,
124966,200182,
299942,531782,
185021,269445,
316269,469419,
185021,269445,
238653,435722,
55171,357888,
325103,509423,
238653,435722,
278151,207774,
239392,189803,
211060,437753,
64771,471451,
185021,31328,
2463,461026,
229226,34586,
276387,282549,
92418,461026,
325058,55712,
325058,470886,
177315,223749,
144835,313732,
317092,89593,
246707,501512,
44206,529163,
308353,325639,
149692,509423,
289515,376313,
124966,117725,
269445,164302,
133423,121868,
55171,346855,
270571,121868,
276387,449308,
325103,174866,
211060,317092,
289515,529163,
115942,337249,
290636,133423,
169419,478232,
111430,116789,
121868,290636,
246707,351088,
34586,164302,
189803,313732,
247307,288949,
133423,290636,
116789,425538,
121868,133423,
124966,548352,
290185,25764,
207774,511934,
7356,471451,
238960,290185,
239392,313732,
291613,412573,
189803,144835,
314656,481818,
207774,511934,
184602,316269,
185021,269445,
64771,471451,
144835,8188,
105554,44206,
55712,470886,
313732,8188,
14253,410715,
6737,7356,
308353,325639,
164302,31328,
288949,247307,
174866,149692,
89593,272015,
238653,115942,
314656,481818,
174866,149692,
291613,412573,
118915,357888,
221540,526857,
200182,117725,
280721,282549,
221540,356392,
92418,2463,
200182,124966,
314656,469255,
118915,55171,
271349,469255,
290185,19541,
164302,185021,
289515,376313,
291613,412573,
124966,548352,
185021,31328,
290185,19541,
105554,376313,
207774,511934,
207774,511934,
238653,337249,
8188,313732,
271349,481818,
55712,325058,
280721,282551,
25764,238960,
229226,34586,
133423,270571,
6737,64771,
325639,308353,
25764,290185,
271349,481818,
144835,313732,
184602,527570,
8188,239392,
8188,144835,
238653,435722,
280721,449308,
238653,506687,
239392,189803,
313732,189803,
8188,239392,
116789,469419,
289515,105554,
239392,144835,
111430,184602,
269445,31328,
174866,325103,
116789,184602,
278151,207774,
269445,34586,
149692,509423,
289515,44206,
147096,350003,
282551,276387,
2463,191277,
147096,350003,
184602,469419,
6737,7356,
172515,351088,
25764,19541,
149692,509423,
276387,280721,
250774,116789,
169419,474112,
177315,91139,
238653,506687,
177315,223749,
124966,117725,
105554,529163,
288949,247307,
185021,269445,
14253,325639,
223749,177315,
270571,121868,
299942,523664,
189803,313732,
221540,410952,
133423,270571,
276387,449308,
111430,184602,
325103,509423,
89593,272015,
325639,14253,
177315,95435,
269445,185021,
291610,291613,
238653,435722,
308353,14253,
316269,111430,
229226,31328,
200182,117725,
325639,14253,
121868,133423,
299942,494261,
223749,95435,
177315,91139,
91139,95435,
164302,269445,
299942,523664,
44206,529163,
238653,115942,
91139,223749,
165043,247307,
8188,189803,
317092,437753,
271349,469255,
211060,272015,
269445,185021,
177315,223749,
308353,14253,
223749,177315,
200182,124966,
2463,92418,
282549,280721,
172515,351088,
184602,425538,
133423,121868,
174866,509423,
133423,121868,
14253,410715,
169419,502092,
91139,177315,
185021,269445,
117725,124966,
313732,239392,
291610,546576,
89593,437753,
282549,280721,
174866,509423,
174866,509423,
211060,317092,
133423,290636,
133423,270571,
238653,115942,
64771,471451,
144835,8188,
169419,478232,
172515,531909,
314656,469255,
133423,121868,
211060,89593,
200182,548352,
211060,317092,
207774,511934,
239392,313732,
121868,133423,
118915,357888,
165043,392585,
289515,44206,
299942,531782,
19541,290185,
6737,64771,
111430,316269,
111430,116789,
19541,238960,
308353,410715,
184602,250774,
19541,25764,
221540,356392,
272015,317092,
313732,8188,
184602,116789,
95435,177315,
95435,223749,
313732,189803,
271349,469255,
64771,6737,
291613,291610,
238653,337249,
238653,435722,
289515,376313,
314656,469255,
280721,282549,
290636,270571,
308353,325639,
325639,14253,
164302,31328,
200182,117725,
246707,501512,
91139,223749,
124966,200182,
191277,2463,
247307,165043,
289515,376313,
7356,6737,
34586,164302,
164302,34586,
325639,410715,
223749,91139,
64771,6737,
314656,271349,
271349,469255,
7356,64771,
14253,325639,
314656,271349,
44206,289515,
111430,116789,
239392,144835,
290185,19541,
149692,325103,
191277,92418,
31328,229226,
172515,501512,
282549,276387,
149692,174866,
165043,247307,
25764,290185,
147096,492244,
55171,118915,
124966,548352,
105554,44206,
325639,14253,
116789,527570,
247307,165043,
149692,325103,
325103,149692,
290185,19541,
177315,95435,
91139,177315,
121868,270571,
271349,481818,
149692,509423,
174866,325103,
238653,506687,
299942,531782,
207774,511934,
291613,412573,
133423,270571,
111430,184602,
308353,410715,
282551,449308,
200182,124966,
6737,7356,
229226,269445,
55171,357888,
7356,471451,
177315,223749,
229226,269445,
144835,189803,
282551,276387,
118915,346855,
250774,425538,
165043,288949,
115942,337249,
169419,474112,
177315,91139,
317092,89593,
278151,511934,
313732,144835,
118915,55171,
317092,437753,
174866,149692,
95435,91139,
116789,469419,
149692,325103,
211060,272015,
165043,247307,
221540,526857,
117725,124966,
185021,34586,
64771,471451,
8188,239392,
191277,92418,
111430,184602,
133423,121868,
288949,392585,
317092,437753,
278151,386906,
189803,313732,
19541,290185,
105554,376313,
95435,177315,
299942,523664,
316269,184602,
172515,246707,
325639,308353,
247307,392585,
288949,247307,
276387,282551,
247307,392585,
282551,282549,
55712,470886,
325639,308353,
280721,449308,
325103,509423,
147096,514638,
290636,270571,
95435,223749,
238960,290185,
325639,14253,
64771,6737,
95435,223749,
2463,191277,
8188,144835,
238960,290185,
313732,8188,
250774,425538,
291610,412573,
189803,8188,
116789,316269,
185021,31328,
288949,392585,
44206,105554,
280721,282549,
177315,223749,
250774,401615,
229226,34586,
118915,357888,
55712,470886,
34586,269445,
8188,313732,
89593,272015,
111430,116789,
172515,537574,
313732,189803,
229226,31328,
14253,308353,
289515,105554,
280721,282549,
185021,164302,
133423,270571,
147096,350003,
115942,337249,
2463,461026,
239392,8188,
223749,177315,
325103,174866,
282551,276387,
116789,469419,
246707,501512,
308353,325639,
144835,8188,
246707,501512,
288949,392585,
280721,276387,
105554,376313,
55712,470876,
291610,412573,
250774,425538,
172515,531909,
92418,461026,
115942,435722,
314656,481818,
200182,117725,
291610,546576,
115942,435722,
44206,376313,
317092,272015,
164302,229226,
105554,529163,
289515,44206,
238653,506687,
121868,290636,
316269,116789,
165043,392585,
207774,278151,
291613,291610,
269445,31328,
223749,177315,
185021,229226,
223749,95435,
200182,117725,
34586,185021,
278151,207774,
238960,19541,
272015,437753,
278151,207774,
271349,314656,
299942,531782,
278151,386906,
299942,494261,
44206,529163,
14253,308353,
133423,121868,
229226,164302,
200182,117725,
282551,449308,
221540,526857,
34586,185021,
118915,346855,
238960,19541,
164302,31328,
91139,223749,
317092,211060,
25764,290185,
313732,239392,
89593,272015,
7356,64771,
189803,144835,
325058,470886,
325058,55712,
191277,2463,
124966,200182,
55171,357888,
64771,471451,
92418,461026,
191277,461026,
221540,526857,
164302,34586,
278151,207774,
290185,25764,
290185,19541,
165043,288949,
290636,121868,
177315,95435,
149692,174866,
14253,410715,
299942,494261,
200182,124966,
308353,410715,
185021,269445,
272015,211060,
308353,14253,
55712,470876,
313732,8188,
290185,25764,
185021,31328,
282551,280721,
133423,290636,
64771,6737,
289515,105554,
91139,177315,
144835,239392,
19541,25764,
7356,6737,
200182,117725,
325058,470876,
221540,356392,
276387,282551,
282549,282551,
184602,250774,
189803,239392,
117725,548352,
238960,290185,
325639,14253,
177315,91139,
271349,314656,
247307,165043,
7356,471451,
325058,470886,
117725,548352,
117725,200182,
116789,527570,
115942,337249,
314656,481818,
177315,95435,
55712,470876,
89593,272015,
172515,501512,
144835,8188,
191277,2463,
7356,6737,
165043,392585,
250774,425538,
133423,121868,
288949,165043,
55171,118915,
55712,470886,
290185,25764,
55171,346855,
272015,437753,
200182,117725,
238960,25764,
2463,92418,
238960,25764,
288949,165043,
229226,164302,
174866,325103,
121868,290636,
272015,89593,
92418,191277,
6737,471451,
276387,282549,
164302,269445,
14253,325639,
221540,526857,
271349,481818,
272015,317092,
149692,325103,
118915,346855,
211060,317092,
117725,200182,
200182,117725,
271349,481818,
144835,189803,
282549,449308,
116789,184602,
211060,272015,
116789,184602,
191277,2463,
250774,425538,
276387,280721,
189803,239392,
115942,337249,
116789,111430,
289515,529163,
250774,401615,
118915,357888,
55171,118915,
272015,437753,
238960,25764,
250774,401615,
105554,376313,
55712,470886,
177315,223749,
313732,144835,
91139,95435,
25764,290185,
95435,177315,
19541,238960,
229226,34586,
7356,471451,
185021,229226,
223749,177315,
189803,239392,
19541,25764,
291610,412573,
144835,8188,
164302,34586,
289515,44206,
238960,25764,
246707,351088,
8188,313732,
19541,290185,
200182,117725,
288949,392585,
211060,89593,
289515,44206,
223749,95435,
177315,223749,
116789,111430,
147096,492244,
165043,247307,
2463,191277,
211060,272015,
44206,376313,
271349,481818,
314656,469255,
229226,269445,
